452178,502553,463793,705463,14,2
65595,955205,359083,834059,28,44
116054,361909,536064,705202,10,12
191409,567310,52945,531504,13,18
6263,171984,177013,964696,44,8
230647,678999,84977,817293,32,22
263634,372489,675126,704147,1,5
65,969696,103221,467621,10,48
346236,547794,245106,700510,21,10
361282,611366,393747,880107,30,12
213615,919199,176009,615834,17,35
183123,876319,372866,927802,36,34
167233,281002,147179,888638,38,5
451556,746024,208308,497707,10,14
149014,959887,30868,995006,49,40
71865,452694,479954,635862,8,19
183458,235341,159195,541303,13,2
38255,808616,515073,794243,18,38
633122,894294,1789,887834,39,13
45027,573692,1669,951434,45,26
856996,979041,25390,317689,4,6
19963,982218,62025,844652,35,48
384705,907752,208517,897782,38,26
154474,182557,107476,821901,33,1
537420,708114,68644,871731,37,8
57753,744127,460549,685887,12,34
226498,839858,341998,594291,11,30
490779,501396,790877,896632,8,0
539,999082,70576,842931,35,49
695179,699654,23161,950337,45,0
656391,781143,360493,852769,29,6
87944,942442,4107,393507,7,42
329264,601573,253936,494090,8,13
407940,945014,99808,286097,3,26
254888,420904,17121,992488,49,8
679,940584,221290,942256,41,46
4984,992343,32060,998262,49,49
705303,792328,515377,664549,8,4
165988,832771,231885,922492,39,33
18510,946778,505342,835039,22,46
127741,206183,57802,948807,44,3
108294,981638,75417,982057,47,43
529107,947021,226450,453247,7,20
140040,371014,508626,988196,35,11
96074,979240,171311,177718,0,44
612447,691980,485797,756850,16,3
20163,959993,64393,933181,43,46
5180,910340,80574,717449,25,45
620824,836869,109533,786246,30,10
416574,994472,17913,971399,47,28
5569,943912,265488,311492,1,46
527483,702914,8984,847015,35,8
497091,846796,288795,726689,22,17
255737,476473,48513,968746,46,11
101863,588262,211741,792759,29,24
132609,254982,216824,822246,31,6
162576,972102,382022,707301,17,40
40093,401804,36997,721343,25,18
177924,940072,339269,772773,24,38
33394,816679,108901,767869,28,39
27785,993233,6287,984019,48,48
339384,442333,182873,886792,37,5
296978,510478,51889,874558,38,10
555018,787626,617707,775491,10,11
336830,882409,28551,822603,33,27
15937,50505,3023,921987,42,1
710201,728144,559227,565828,0,0
211347,950135,570096,571102,0,36
156678,987743,8903,989268,48,41
347954,929529,664382,898564,18,29
535432,924364,392990,694648,16,19
318711,942165,369439,466495,4,31
55481,923462,224564,571921,13,43
303925,950752,52822,472519,10,32
683648,762607,40287,790773,31,3
5889,902025,212512,325720,3,44
330102,669964,296849,619935,14,16
150683,346266,815176,951809,12,9
122053,681978,351470,355944,0,27
496192,651673,724055,991634,23,7
38978,982086,5294,547872,14,47
115665,134654,4607,763024,29,0
119037,632397,192298,426892,7,25
23744,560372,506314,975430,34,26
34832,982790,306258,711248,20,47
213979,965341,895057,992418,9,37
699935,702461,43638,642249,20,0
413808,919581,329624,965829,41,25
614937,914325,183251,347332,4,14
87866,494248,213675,679494,20,20
8329,380482,584473,752867,11,18
461970,962490,579931,876104,21,25
449739,927749,33851,188620,1,23
110432,879829,298007,614253,14,38
15254,997530,102191,431021,8,49
12801,969923,441812,596594,8,47
12344,892233,166857,184342,0,43
264542,417568,59058,118082,0,7
202168,277030,33182,914106,41,3
13647,995187,267899,444700,6,49
653815,900859,7289,991888,49,12
341639,614631,623959,987364,29,13
164609,741590,425992,609858,9,28
93788,907709,187973,578754,14,40
17103,884544,150345,932782,42,43
18090,966467,33526,926615,42,47
788521,818001,3683,996788,49,1
153069,596413,67716,836721,34,22
45862,991477,213032,445963,7,47
285264,683837,19876,911644,41,19
13883,976398,682270,874660,14,48
459768,957609,5446,999770,49,24
356086,743833,240153,923273,39,19
395145,642705,254796,598860,14,12
835306,924350,244780,454424,7,4
313,983284,234237,538874,11,49
375881,386900,88206,695281,23,0
187794,470228,87468,878198,38,14
46977,789662,102576,703285,24,37
309833,643975,603472,638211,2,16
74350,630572,155701,524689,12,27
190756,303863,183744,854008,34,5
1748,984950,707526,783794,5,49
522610,907858,232703,970550,44,19
345641,996615,82176,713024,25,32
23911,208671,163488,787218,29,9
302027,421857,80046,501811,12,5
1231,63666,45958,976883,47,3
277621,302012,446413,968133,36,1
220181,897281,41722,960901,46,33
203253,954643,201317,373098,4,37
261766,684755,8831,694680,24,21
249544,963976,130168,648192,20,35
122198,295323,230380,584515,14,8
61020,811307,36046,220990,2,37
317650,950500,82678,623298,19,31
41198,692557,51213,871351,37,32
285529,322664,294736,363249,2,1
139215,222852,539067,863684,22,4
45898,673613,208517,829579,32,31
169257,968792,175798,582518,15,39
6079,434683,728866,943975,18,21
161757,984837,112609,821732,33,41
96226,944327,241997,949334,42,42
63112,882494,104266,821011,33,40
166118,285288,248599,947198,41,5
578005,813822,354239,970385,40,11
622422,753638,197018,829160,32,6
325522,420669,75367,944440,44,4
86787,625916,712030,961538,20,26
62901,856051,156817,972034,45,39
391003,602888,89648,974562,47,10
211346,878594,101156,785292,30,33
529505,867389,330388,519189,8,16
30292,765168,117425,447534,9,36
432441,473942,11771,988250,48,2
120551,993183,269672,915516,38,43
167824,749421,164862,722657,24,29
117669,433817,287576,921507,38,15
179225,954000,2355,986967,48,38
357971,837060,119109,693687,23,23
623603,766571,81222,737201,26,7
163850,876394,355420,892453,33,35
24278,989072,290353,319947,0,48
99895,275920,165882,598468,16,8
390370,997610,331978,536997,8,30
106001,973955,2635,783738,30,43
55439,403790,14655,935080,43,17
218534,586591,309690,991207,44,18
572547,732966,605285,898637,22,8
100678,927316,195003,420061,6,41
123143,805561,632431,855891,16,34
192142,492878,441898,678682,13,15
538724,635757,2899,998798,49,4
78632,440183,129835,361112,5,18
369956,923266,57809,313518,4,27
209750,537518,241431,576387,13,16
40147,962273,744888,775285,2,46
668720,792628,364076,761933,22,6
79602,990797,43985,986499,48,45
182002,256643,25702,643492,20,3
139937,487004,393752,939653,36,17
512098,644164,172318,987238,47,6
34035,921899,382072,727932,19,44
177789,864712,117513,235131,2,34
41157,987370,282640,422525,4,47
591168,959004,289173,757101,24,18
152007,866766,208176,951161,43,35
236611,799000,64301,237105,2,28
12154,964277,342031,778197,24,47
117077,395796,93557,811646,32,13
826282,891158,414380,780180,21,3
598047,998797,236706,812273,30,20
318306,580107,204549,697485,22,13
381707,395642,76058,992055,48,0
123799,238263,470256,977533,36,5
246440,963254,149543,744460,26,35
499239,864239,142038,983302,47,18
168354,531086,545920,953299,30,18
39282,696719,641994,760560,8,32
544200,838470,2805,966981,46,14
252990,927279,282679,959601,42,33
353118,897564,487176,863107,25,27
618560,620774,414392,840716,26,0
93085,815110,39459,880147,38,36
251163,927990,176818,811888,31,33
206788,907509,98616,974451,46,35
155329,436634,348814,603339,12,14
363853,872100,833485,859063,2,25
445719,638880,713070,733408,1,9
34194,852901,380596,543419,7,40
1083,967640,93649,455431,9,48
139870,413481,94272,992640,48,13
699871,979161,69083,311852,4,13
276538,876680,54847,993195,49,30
33791,762661,179700,654283,19,36
164169,176854,245292,953134,42,0
724919,861806,471842,498319,1,6
139225,881383,275206,374279,3,37
665668,857376,144831,984855,47,9
171623,788790,234601,739444,24,30
58689,826741,70357,825351,33,38
216978,842663,4573,971827,47,31
52714,796653,79243,148752,0,37
219938,259903,82977,894391,39,1
200865,978572,63367,876993,38,38
137809,798278,498891,976821,35,33
334453,358799,186374,649778,19,1
512622,827853,54307,855382,36,15
538886,751473,66007,909933,41,10
599157,852461,143042,860651,35,12
125397,582977,64505,249713,2,22
168081,687488,11735,954865,45,25
53958,656752,129048,644397,19,30
257030,467168,357091,845971,29,10
35610,374570,26765,153549,1,16
123297,813839,603494,826905,15,34
4074,895832,2530,731665,26,44
768427,983367,66994,82542,0,10
37238,515564,369262,470769,4,23
31442,978722,87762,974293,47,47
815155,865849,100572,975031,47,2
87681,535001,756721,881606,10,22
296839,343743,152075,385355,6,2
497224,662674,434416,867774,28,8
184606,927946,570563,968266,30,37
200055,847429,652453,914868,20,32
19625,818202,590563,735187,9,39
254602,650915,592343,624472,1,19
13970,16457,198515,611079,16,0
114269,984377,239295,931225,40,43
19635,645200,186048,746271,26,31
22415,647633,331130,972600,41,31
87208,823025,40010,210234,2,36
170886,501622,216928,995573,47,16
14177,961133,181973,899574,38,47
245843,629876,630524,641284,0,19
113282,652674,94111,895453,39,26
5091,872493,119094,958698,45,43
44815,997340,100557,954586,45,47
803941,839261,414382,781149,21,1
546743,639125,156662,939294,42,4
50967,928860,87498,269449,3,43
36993,704508,468404,550685,4,33
441450,686567,38460,948462,44,12
368873,554966,58273,799697,31,9
248668,508249,138041,209354,1,12
86119,433065,275487,671730,18,17
25162,996088,742375,814553,5,48
8370,927599,346204,543978,8,45
296406,898621,7868,977659,47,30
112656,222753,251088,379119,4,5
329654,445516,112046,133977,0,5
74679,927663,124885,461931,9,42
133478,505189,13965,843128,35,18
71825,938029,37275,856151,36,43
86667,871025,38755,933095,43,39
52317,756554,642616,996298,29,35
144173,988136,107037,903048,40,42
46316,783059,672988,899982,17,36
705331,749266,10624,933819,43,2
516557,854540,262610,900243,37,16
40535,814712,80226,898877,40,38
120251,922536,35333,808167,32,40
104306,116184,311718,679513,18,0
220312,407798,75721,928555,42,9
37201,984584,447430,666019,12,47
53645,763568,84696,533964,13,35
27875,384755,164384,954446,44,17
635803,754674,220603,973930,44,5
363885,912545,601120,848819,17,27
307075,800431,50614,946340,44,24
380582,527532,47938,937533,43,7
188037,806873,224773,243988,0,30
7117,956112,136989,730580,25,47
9728,948376,23204,96368,0,46
18666,851420,89783,837882,34,41
226730,636817,110429,749658,27,20
60743,680745,275385,385647,3,31
249816,446466,28590,968462,46,9
25672,976426,411120,658487,13,47
496596,800973,578296,828538,17,15
69949,472846,777213,844834,5,20
425848,714275,708308,781263,5,14
219956,963554,31769,395156,7,37
481966,610914,47912,893646,39,6
669161,964994,665636,946194,22,14
80987,953777,97068,753663,27,43
974470,975685,168363,989444,47,0
22593,456809,490445,827353,22,21
396270,799262,43032,810280,32,20
14614,821435,16161,276909,3,40
234895,660936,87827,951190,44,21
7236,816042,885556,894103,0,40
60056,938857,615521,823523,14,43
35366,819132,190658,673634,20,39
125618,733643,376734,701132,17,30
7238,944785,156144,728266,25,46
241951,461835,373501,633226,13,10
105985,602460,406075,740356,19,24
162248,689997,4337,229055,2,26
438895,999254,49993,762118,28,28
132369,282670,778264,811281,2,7
30134,976170,36221,833311,34,47
499610,639950,415476,528291,5,7
32750,668024,640053,642844,0,31
94151,763287,72445,694833,23,33
758870,871896,122354,436955,8,5
205169,787545,103692,565057,15,29
448400,806052,75906,987917,48,17
287205,435619,303952,638172,15,7
90611,931484,5082,876491,38,42
275705,677991,6647,941505,44,20
90626,824694,765788,918618,12,36
69927,928907,729553,992706,22,42
377793,815334,403621,878601,30,21
375080,585718,271070,884979,35,10
260199,935172,125405,884327,38,33
308302,557140,165527,366371,5,12
141606,612280,114006,430420,8,23
2833,972268,256068,683896,20,48
78992,855594,148286,782775,29,38
31907,726709,123474,892082,38,34
401218,553640,43115,307852,4,7
152476,954373,252544,837018,31,40
618852,807479,805798,806040,0,9
234515,984764,190726,921091,40,37
424826,559613,32172,761191,28,6
57457,887228,332462,711784,19,41
723789,953162,652662,758606,7,11
62005,996205,406052,985986,40,46
55543,881345,21353,428031,9,41
441411,701199,41062,365099,6,12
394402,791500,138666,839255,34,19
151955,622294,408741,670312,14,23
100590,860246,441285,907885,31,37
286763,479433,240779,681354,20,9
12053,769415,195420,850753,34,37
135441,691143,134615,397150,6,27
284600,444754,923665,933332,0,8
622287,970734,740376,830444,7,17
194289,513734,10690,976855,47,15
59155,998170,310118,926499,38,46
86487,718006,119456,235018,2,31
3964,506029,600896,747028,9,25
488093,933228,257735,787807,27,22
63315,330397,8315,854067,36,13
10523,864054,57980,944199,44,42
215856,990626,6120,917837,42,38
172199,406212,57880,907613,41,11
186380,280182,172563,723967,24,4
459756,667666,65742,703821,24,10
94428,915304,153770,272316,2,41
19997,976312,78144,993249,49,47
403951,813685,122802,495617,11,20
181969,995903,322825,522396,8,40
494167,760915,3805,197148,1,13
97597,865703,8956,973654,47,38
412897,642338,37931,817934,33,11
725482,997580,106773,945348,44,13
71468,979643,208855,320062,2,45
246258,546938,243732,882874,35,15
311297,538699,77799,982205,47,11
19842,794693,634867,922756,22,38
294554,372772,669034,989468,26,3
86267,891143,601290,853444,18,40
438217,753897,93545,965474,46,15
133751,986108,18228,487187,11,42
419041,635208,663295,690956,1,10
20951,927546,42627,963069,46,45
5764,782511,5033,962229,46,38
39732,963278,108193,954754,44,46
145527,429931,51242,117712,0,14
480346,958479,94736,816683,32,23
638046,965040,629627,874053,18,16
581432,706750,220385,470685,8,6
839941,987628,129087,880807,37,7
238630,318747,21095,486753,11,4
218518,848657,155995,400603,6,31
118621,774141,54330,283460,3,32
648107,991624,569248,824151,17,17
213846,866501,470104,871207,26,32
895145,921919,102595,969287,46,1
400757,828615,26004,251632,3,21
400547,565523,101341,782366,30,8
377741,610791,70176,890853,39,11
29714,916209,315282,652374,16,44
157886,923526,449087,725555,16,38
458864,904602,558687,809141,17,22
640077,932274,336372,880078,33,14
308991,500273,36209,913085,41,9
157586,913299,75720,725883,26,37
182778,718718,21551,946772,44,26
65271,294567,34971,243002,2,11
498269,814527,341327,720660,20,15
185901,927049,312413,677433,18,37
49038,844274,142502,988537,47,39
43565,863782,416489,685857,14,41
65904,683017,412909,704988,16,30
188233,885158,101924,991304,48,34
694316,870692,351397,698664,18,8
1466,995615,54655,892722,39,49
17338,964021,324041,818106,28,47
84461,999524,2026,909672,41,45
134145,536208,68992,768504,29,20
156056,667495,637550,817112,13,25
14672,480527,97884,119448,0,23
158335,249258,578892,925821,26,4
130161,816058,125979,922804,41,34
105336,818719,31341,137652,0,35
360840,772412,527774,872278,24,20
491120,491194,199209,493984,10,0
44659,413298,439519,800203,22,18
11638,390960,228162,933983,41,18
22808,877909,141777,997232,48,42
97669,980655,829660,908101,6,44
181079,732521,154398,661152,20,27
35024,498815,375736,742227,20,23
88459,800751,531354,784582,16,35
6727,932771,46617,971709,47,46
92574,992297,88299,924354,42,44
960680,963541,246833,703749,21,0
636311,641606,558845,757596,13,0
55934,891863,14144,990950,49,41
482935,964434,40273,893200,39,24
591035,935157,13365,788460,31,17
551671,856048,244747,270888,0,15
336568,471493,821125,927541,9,6
233793,521537,120900,987639,48,14
246773,312679,746020,958391,18,3
34695,984533,25094,965191,46,47
95866,102945,64956,817652,33,0
32289,678753,66638,945556,44,32
1919,650565,375483,897667,33,32
233222,890690,13968,991279,49,32
159542,274396,7697,893928,39,5
27048,949031,385297,700462,17,46
8284,686880,679688,723136,3,33
48505,834062,227350,370932,4,39
777,346968,4689,957475,45,17
153547,992074,126789,738167,26,41
43742,763927,14358,954655,45,36
172271,728520,135627,201596,1,27
400305,999275,61044,986661,48,29
480294,538037,453170,888173,29,2
300601,874329,101780,875876,37,28
363922,866985,260444,809769,29,25
818688,955804,18596,813424,33,6
133881,926429,675870,856502,13,39
643445,874114,139204,757077,27,11
87817,810040,345518,481858,5,36
7739,942698,105730,873277,37,46
476168,673192,594205,935677,26,9
9295,979130,95226,994601,49,48
58120,890528,250159,973943,44,41
251129,905398,59255,905071,40,32
201316,672344,239959,559232,12,23
317468,351740,102645,792202,30,1
39071,977885,1660,956108,45,46
205491,654711,481121,574493,4,22
58485,146910,180818,930504,41,4
68371,554411,205567,893172,37,24
382471,490176,52754,973305,47,5
4702,986660,508557,540946,1,49
27216,846666,170635,904284,39,40
656623,832947,19844,930473,43,8
223285,928288,197948,595523,15,35
71076,865570,877617,904367,2,39
9865,990419,38378,983485,48,49
254160,727146,34593,346424,5,23
575916,822367,620714,689727,4,12
721112,761623,103880,970643,46,2
118236,875878,117396,770539,28,37
208395,631764,147507,271177,2,21
142998,646887,292511,986230,44,25
294707,957546,159495,737353,25,33
66448,239120,412147,692147,15,8
485218,860786,22478,274283,3,18
59400,629472,358868,657338,15,28
538254,997402,96711,738405,26,22
4214,979800,616352,686401,4,48
160907,930783,293895,622898,15,38
7385,420136,48492,100817,0,20
215600,929671,874869,893837,1,35
277427,646200,35760,355699,6,18
129441,982225,391857,910323,33,42
216061,529961,162896,802913,30,15
843101,879195,592200,768873,12,1
239696,923604,211700,220970,0,34
71522,905925,102376,341456,5,41
201829,787018,17643,510570,12,29
147437,955833,420248,694486,15,40
480293,731473,218632,760644,26,12
392951,664605,166889,573585,15,13
178266,714828,272039,456484,6,26
19470,725637,230063,816684,30,35
113480,170785,268274,482010,7,2
220539,654698,782719,842410,4,21
110917,692313,488191,599333,6,29
282942,913318,6485,923748,42,31
501005,982694,150394,413702,7,24
796875,870202,554971,780741,15,3
408879,891983,29861,904000,40,24
322869,875954,408264,973544,39,27
668596,807725,508552,973682,34,6
93061,892702,84296,282547,3,39
103894,448450,619329,960061,26,17
532995,976903,493572,813262,20,22
45758,880132,360727,764149,22,41
3330,705463,717847,822750,8,35
14795,467932,410525,875305,29,22
94473,947132,34614,993995,49,42
204256,619157,81810,862876,36,20
256120,288220,208190,769412,27,1
37547,756737,652269,842416,14,35
293009,777362,735554,881400,11,24
329751,645779,21489,794085,31,15
287334,629695,188833,929011,41,17
66049,644289,577376,929632,26,28
18714,209346,695367,772886,5,9
418373,576764,298734,655909,17,7
91873,610848,472542,863803,26,25
13404,452296,73636,351976,5,21
563852,569531,183279,961866,44,0
390076,699167,412172,774555,21,15
768808,839361,142907,420907,7,3
438091,763493,16844,796936,31,16
286915,678348,117263,792199,30,19
623236,669310,9892,954082,45,2
639424,969073,181371,387473,5,16
53631,889209,766266,872072,8,41
346045,691060,509161,714821,12,17
982890,999549,45764,295013,4,0
35894,825681,117992,138465,0,39
265765,911898,583043,609410,1,32
87491,865339,116460,878469,37,38
50759,967088,285167,542565,10,45
45088,588719,585283,934397,26,27
43961,889793,515988,878935,25,42
201158,774082,349808,928233,36,28
153762,765061,451960,929421,33,30
542661,817420,104002,294493,3,13
13602,980092,745105,846532,8,48
156958,980124,182795,814666,31,41
5438,972901,29760,971177,47,48
365637,654719,667039,968360,24,14
177223,823122,226879,398135,5,32
132318,373839,89175,993645,48,12
11726,978491,363060,778691,23,48
74492,930977,118001,314441,4,42
156107,256515,326059,619164,13,5
489324,957308,26364,987026,48,23
835210,964498,45015,468043,10,6
313965,937087,419619,876487,29,31
277061,907575,386408,712212,17,31
420899,806429,41295,990525,48,19
330826,935918,197068,956455,43,30
751587,836786,157971,302885,3,4
154386,771724,454917,782584,20,30
110313,946859,138688,326140,4,41
44593,956336,149697,960289,44,45
35676,970343,321848,885310,34,46
199850,903230,471186,617408,7,35
143975,698984,90423,946097,44,27
723820,867159,29077,968403,46,7
6964,791166,413545,724076,17,39
25396,917475,374244,785582,23,44
573705,862216,215461,877452,36,14
435886,743371,598397,697161,6,15
740385,970767,185105,957722,44,11
58211,972511,85331,959606,45,45
28237,503912,164443,861259,35,23
520671,981392,90396,385619,6,23
57310,710763,73915,991335,48,32
817153,818664,206834,595197,15,0
136747,760439,376881,747206,20,31
437716,761756,165763,903280,39,16
121869,745649,145621,430135,8,31
44001,399589,365505,793785,24,17
518401,743693,8729,985777,48,11
118787,194382,2079,999622,49,3
84091,727400,711867,876069,13,32
339066,446738,120726,480979,10,5
202472,830772,43589,378146,7,31
217140,773917,131868,983018,47,27
308472,786455,29509,777462,30,23
83760,491807,154031,905990,39,20
57160,145553,895500,921484,2,4
96851,379238,352438,652306,15,14
64838,732213,22656,837371,34,33
111700,858105,76238,490182,11,37
296392,467611,179058,987355,47,8
375445,915213,136417,170767,0,26
97725,176965,11943,886454,39,3
301481,410459,261890,605954,14,5
25745,990921,312169,843058,30,48
20307,924493,274791,626498,15,45
76626,805913,595404,824207,16,36
311389,955287,75085,745210,27,32
288916,657031,38765,636124,20,18
252974,780681,174304,995188,47,26
722142,809936,472883,927565,31,4
211194,899648,282022,843157,31,34
216899,826675,232345,357087,3,30
304952,949622,13061,683906,23,32
393460,640890,81192,767073,29,12
51101,694784,246109,801877,29,32
106322,980817,435259,789191,21,43
161649,923295,69674,846635,35,38
45981,908672,305602,460653,5,43
840099,905948,464995,552627,4,3
91311,980180,59818,977567,47,44
120149,990814,239300,795731,28,43
21493,972353,297528,554203,10,47
573029,977662,304553,663996,17,20
141294,468918,26381,993987,49,16
347533,544074,102098,705979,24,9
618455,638822,136504,150708,0,1
222951,287734,99856,533976,13,3
263725,445602,61062,863030,37,9
401539,924183,212665,712634,23,26
403844,889579,36345,880935,38,24
170977,488377,104898,993388,48,15
41165,945634,203745,379718,5,45
144843,806488,2016,983170,48,33
3344,838735,371654,386717,0,41
596,219556,201966,856893,34,10
73845,958862,422888,949047,36,44
97395,853244,501616,777608,17,37
148179,736097,17524,649127,21,29
10523,994556,206841,757979,26,49
122702,853221,260023,575199,13,36
61588,350595,364672,728812,19,14
20040,350460,384768,986003,41,16
185790,384105,341206,911568,35,9
708394,871315,80949,407377,7,8
165972,316493,207254,581124,14,7
281704,537616,220672,607014,15,12
225472,902384,266112,440711,6,33
435550,925687,461602,886800,28,24
98429,979550,207309,590528,15,44
12266,973206,56643,888955,39,48
137758,701151,427437,997625,40,28
330768,418249,27246,892596,39,4
24937,928741,79857,86891,0,45
382789,732619,274192,873011,34,17
82147,437026,241937,854675,33,17
538780,933855,116821,363373,5,19
14051,567538,19277,999745,49,27
114015,918064,194773,692456,22,40
217998,955156,7457,896390,40,36
342509,652132,533605,699707,10,15
84860,116051,357246,807450,26,1
187000,823941,17753,994868,49,31
103077,676555,319356,932316,38,28
185871,776058,314384,753734,23,29
106168,716508,166247,820800,32,30
481588,819896,80015,986257,48,16
9474,932687,588773,674620,5,46
119211,157940,11587,941004,44,1
691236,890726,315156,507251,7,9
292343,357092,222189,227809,0,3
410198,876663,54816,927003,42,23
836001,893941,112748,312792,4,2
414379,935018,83519,970882,46,26
616863,991290,24185,728196,26,18
347429,648972,17352,993278,49,15
822365,954815,566827,867505,21,6
197537,807706,151922,903290,39,30
186346,969168,87274,992908,48,39
551285,780170,255077,266236,0,11
41005,327844,719611,755796,2,14
27361,764781,66590,679391,22,36
115475,973860,114113,870829,37,42
125712,816332,26783,949832,45,34
518079,947205,247549,984591,45,21
649729,973720,31680,96425,0,16
167608,954169,3572,999159,49,39
60380,807617,128166,433417,8,37
166118,910623,8750,975302,47,37
683038,918254,642205,831540,13,11
567648,757914,301567,943432,39,9
331801,691756,870957,923744,4,17
11450,632409,2244,985467,48,31
360283,610788,53719,916365,41,12
451021,466895,76780,753554,28,0
338145,627962,265525,876705,34,14
231276,526687,103183,735148,26,14
204331,802001,251055,901872,37,29
155849,933410,337654,713378,19,38
568896,717613,269972,977762,44,7
184019,643871,174971,840418,33,22
568374,626169,527162,946052,30,2
157068,599450,170489,912975,40,22
319328,669824,154047,936314,42,17
147706,690181,253288,809259,29,27
3373,809523,218302,717806,23,40
55318,944791,162693,434502,8,44
820722,865102,91822,944646,44,2
57659,473096,833351,935655,9,20
344504,706494,296625,585404,12,18
104281,798332,352457,771202,23,34
286908,386159,234875,299945,1,4
516675,961149,28084,913031,41,22
32421,941456,229528,451132,7,45
86691,118865,745009,797181,4,1
183590,763029,565378,990978,33,28
120024,690139,233621,521528,10,28
34576,397366,529397,950823,31,18
826999,999611,565065,958457,29,8
32035,977009,9113,901212,40,47
146454,211815,50447,934090,43,3
322359,881680,9674,840954,35,27
62476,419647,2721,999912,49,17
33246,244122,472441,894525,28,10
139155,841249,317164,379828,2,35
406238,795916,33079,951999,45,19
71884,918439,119390,922638,41,42
152541,780032,93733,832943,34,31
614876,908233,165407,727082,25,14
48446,781160,34689,995694,49,36
364963,496157,112425,151977,0,6
515576,943238,308916,775035,25,21
85936,917016,5338,837641,35,41
143001,791870,28251,669603,22,32
284110,963905,22651,658000,21,33
80410,392268,246858,956779,42,15
430461,579011,201010,496732,10,7
22946,966197,285337,787878,26,47
459068,725516,119483,504126,11,13
89993,757224,18136,627174,19,33
76194,95276,29940,994894,49,0
36088,498083,154597,549934,13,23
106360,960539,323990,599722,12,42
339397,776334,592929,843477,17,21
1635,958686,17467,889958,39,47
243735,636404,6538,792831,31,19
77298,277667,227675,489069,9,10
172680,894784,54790,969966,46,36
179745,505627,318896,807190,27,16
76710,992086,530326,805004,18,45
82182,983160,128398,460766,9,45
50908,213116,842847,979007,12,8
351012,544872,496771,722677,13,9
158933,464718,111947,877918,37,15
644975,653677,499374,894507,27,0
392319,679116,25204,908200,41,14
130797,994453,581456,740678,10,43
265635,706568,48006,514815,13,22
466642,810900,99381,966799,46,17
202953,981959,90032,213637,1,38
130033,446693,127208,410688,7,15
659400,796938,724183,939999,17,6
2296,727687,157232,825859,32,36
47931,876947,14051,970684,47,41
24054,907896,272727,794063,27,44
724712,814257,425092,753122,19,4
797,740729,354859,929303,36,36
75536,188592,832171,905124,6,5
6836,991621,55427,673715,22,49
646433,962898,675109,701110,1,15
356547,742180,88869,737918,26,19
330868,425034,241455,652022,18,4
401233,570092,233737,843243,32,8
245758,286122,59834,824406,33,2
457139,858317,247425,307507,1,20
417226,979402,205568,823584,31,28
648165,663567,50739,375684,6,0
82019,867467,78098,911047,41,39
26146,685196,232483,386670,4,32
169494,821534,89267,790210,30,32
275582,981078,4789,356183,6,35
618765,944087,671534,987024,26,16
45482,625555,185237,984364,46,29
294276,973464,340229,687807,17,33
210754,832492,304608,602995,13,31
110895,979537,49331,604435,18,43
216342,995539,40449,233324,2,38
214876,596110,193459,978633,46,19
44350,764319,204231,933875,41,35
250117,682609,314837,931194,38,21
3398,909970,882147,936159,4,45
132304,640322,321025,465671,5,25
747813,889921,510687,980733,35,7
754219,761312,198758,933191,41,0
194522,895907,26207,994457,49,35
107037,640760,3533,346408,5,26
92660,509598,6083,865158,37,20
794044,871497,755599,977412,19,3
297309,673265,151142,881061,37,18
262,291047,38221,801056,31,14
512849,892642,455375,646080,10,18
209447,717559,217381,957057,43,25
325605,899838,37821,574869,16,28
57500,873382,100430,535509,13,40
55036,988682,117923,967323,46,46
112682,201478,73510,469197,10,4
164546,739833,524983,541851,0,28
385953,714674,139202,789885,30,16
169545,976629,432588,976334,38,40
50995,899876,563476,868911,21,42
553994,807145,751904,800844,3,12
12619,872853,664749,724758,4,43
121631,566049,561292,576287,0,22
345980,548915,31306,534342,14,10
552930,958472,222808,714958,23,20
21742,869150,404414,582781,8,42
29442,76940,744841,966007,18,2
202991,848258,416205,482752,2,32
19762,606213,559912,846957,20,29
18198,998684,56981,634512,19,49
841059,979147,625062,789351,11,6
573792,877572,405012,687075,15,15
183888,790474,212586,317367,2,30
232287,619030,80221,982468,47,19
88697,863563,547181,910889,26,38
202990,982893,239028,817897,30,38
9180,707666,663522,688168,1,34
105867,725795,634262,987267,28,30
261163,963497,628249,682415,3,35
4175,984240,494025,768166,17,49
172872,437184,327590,398485,2,13
31999,953199,371110,993464,42,46
75716,980989,280376,905526,37,45
286921,821190,247094,604346,15,26
385722,984935,2130,999976,49,29
24601,447489,309635,785033,26,21
250465,715422,665937,709053,2,23
450014,971781,127109,793966,30,26
91143,968087,84683,374070,6,43
112349,824179,4550,977926,47,35
338381,853593,209065,822055,31,25
1006,927133,9981,994812,49,46
88232,875070,519058,812748,19,39
379489,462848,942517,950172,0,4
634952,881177,325828,758663,23,12
408374,561054,131462,618857,18,7
171407,976965,175892,460353,9,40
44463,305944,310478,624062,14,13
122469,600423,26555,887361,39,23
906371,923826,179332,807005,30,0
298110,700555,601767,807115,14,20
325761,474566,230599,942430,41,7
507476,548409,660203,989250,27,2
626950,966579,394068,760522,21,16
84681,190920,2180,999548,49,5
372110,554818,410604,945692,36,9
160335,874425,581557,734052,10,35
191686,858666,730514,921514,15,33
242598,318328,25136,782930,30,3
84859,692241,676999,692553,1,30
58209,990898,96732,284594,3,46
503271,636406,74248,737000,26,6
48524,223227,130910,868028,36,8
7,992785,435741,523060,4,49
507642,760555,592314,888620,21,12
198458,763834,141764,695149,23,28
61696,182219,605555,814135,14,6
95441,991893,89836,918759,41,44
386559,790937,124145,978068,47,20
476180,756933,47834,590580,17,14
456501,828171,127412,429706,8,18
501434,602278,55352,782963,30,5
108832,824398,248629,535607,11,35
473683,732968,749275,787495,2,12
460119,955745,271576,595516,14,24
79263,947710,18948,769597,29,43
294984,633587,759004,986066,19,16
66080,555856,210018,933450,41,24
423656,468373,134286,905780,40,2
179967,370087,17590,998078,49,9
470387,837835,446449,490061,2,18
13504,749938,26397,989332,48,36
8801,979746,549013,872108,22,48
75,963931,345510,875313,32,48
47961,546416,151914,711950,24,24
199433,829267,256655,980780,44,31
372867,749709,33126,873561,38,18
204615,830287,367232,875339,31,31
45963,551490,121604,838350,34,25
275117,332689,276134,559130,11,2
222591,788649,30395,318060,4,28
193803,785375,293642,820866,29,29
387636,913943,139795,877154,37,26
325845,982995,700037,898714,15,32
181283,562929,52743,847007,35,19
192043,638046,129467,979487,47,22
179138,247962,270316,378867,3,3
321262,510748,205910,973971,45,9
169562,479312,187216,961027,44,15
523014,911366,237541,696261,21,19
48435,898134,52215,135793,0,42
452273,766447,48080,900738,40,15
308324,690235,2774,999166,49,19
89523,965168,238015,734781,24,43
593238,603911,741495,888766,12,0
92516,687911,120606,304457,3,29
94226,137487,574361,881267,22,2
141846,181970,31672,178598,1,2
92272,718632,233260,556060,12,31
352764,985794,723460,997479,23,31
267610,570495,57929,893594,39,15
82078,945464,243134,665244,19,43
105051,583254,79786,951012,44,23
111587,833005,762068,946759,15,36
229161,821740,241286,941707,41,29
9089,930977,108152,794730,30,46
426851,997849,201049,683051,21,28
599356,910130,396279,900029,32,15
142663,940337,65104,749312,27,39
67339,336014,55287,462111,10,13
119137,232383,52814,692993,23,5
192816,288856,126186,578366,15,4
80189,976497,486975,538932,2,44
200367,901077,79922,876764,38,35
569168,838104,245612,625453,16,13
121675,422743,4454,813835,33,15
108748,938114,7816,510292,12,41
691621,921490,214668,347883,3,11
20717,847080,54684,651124,20,41
63968,847945,143459,807724,31,39
180817,351982,215684,309327,2,8
17983,802704,1395,151151,1,39
265237,826283,105601,924857,42,28
630901,882808,225839,630445,17,12
28244,974943,128158,694515,23,47
79102,966308,68687,930115,43,44
1699,51239,85846,913045,41,2
51017,541973,584759,896004,23,24
134183,955337,158718,964278,45,41
53928,284761,282776,501760,8,11
281862,700549,27369,205839,2,20
3240,967377,543034,983119,33,48
267186,920408,221892,996928,47,32
307492,997519,104142,905109,40,34
202640,319339,209663,652065,19,5
9973,912049,150886,716135,24,45
17440,229957,60600,242988,2,10
328901,822405,53263,641516,20,24
180675,936674,252688,859119,33,37
17751,989410,86790,801281,31,48
147260,778460,660864,684942,1,31
81954,938516,358569,738083,20,42
75481,892984,9942,299442,4,40
240231,648454,340913,942419,38,20
11789,999066,157455,209297,0,49
93399,899556,300910,977309,43,40
57291,925934,559093,967774,31,43
429762,694466,40058,69260,0,13
585497,981136,839826,871382,2,19
574405,810731,508567,930127,30,11
208765,756032,199149,813673,31,27
119403,935568,716329,730369,1,40
117901,575819,172262,234341,1,22
47994,882938,57420,895065,39,41
629865,778643,225110,357686,3,7
154824,985621,72753,701422,24,41
3721,954421,36804,791945,31,47
115076,576194,250655,628279,16,23
639927,827956,5627,541250,14,9
452748,689477,925746,974047,4,11
28390,993376,131123,603522,17,48
2589,992025,73928,955284,45,49
221285,832490,273365,737276,23,30
458728,862880,132843,736683,26,20
784295,904840,310099,635474,15,6
923,925664,246505,847908,32,46
1429,999038,489727,656560,9,49
204741,491705,240904,648133,18,14
809718,989996,136931,638336,19,9
181924,672824,868958,877305,0,24
817477,849307,719310,796732,5,1
27298,784115,258549,928949,39,37
180148,872933,1849,938632,44,34
158451,662125,80882,908078,40,25
499381,977904,2394,453967,10,23
33398,937632,480855,502119,1,45
65984,878684,319208,998871,44,40
575360,984316,8430,967255,46,20
34411,739954,787918,998251,18,35
136038,659592,371684,923344,35,26
453559,720233,268543,886675,35,13
231593,867465,69628,964687,46,31
29437,843673,321034,908087,36,40
260479,910133,497703,858224,24,32
817,997832,492302,784220,18,49
228122,336583,495324,595736,5,5
79331,846480,37475,947038,44,38
509083,924534,17203,664531,22,20
602464,938251,399683,500100,4,16
699427,926384,80074,497985,12,11
31528,658231,176976,843168,33,31
2131,999947,116099,281427,3,49
474649,684316,405108,533218,6,10
872758,960368,286808,640778,16,4
275453,970825,140821,437460,8,34
60639,386235,105380,712302,24,16
602109,800321,139884,338512,4,9
375647,516168,548183,671475,7,7
469072,804714,154684,971897,46,16
47644,902780,1801,756295,28,42
394131,886885,233956,999572,47,24
294615,426271,126427,999743,49,6
57429,992799,354427,455057,4,46
170943,491910,115617,656890,20,16
18749,960987,187238,798406,30,47
54458,986533,73573,704571,24,46
482672,578410,23280,295369,4,4
114670,778585,327856,599386,12,33
289970,937555,89721,930658,42,32
314732,973480,407434,923532,34,32
24005,709056,341904,990635,43,34
740094,830232,583386,732747,9,4
349492,760348,151925,849360,34,20
338733,501029,26211,981845,48,8
789165,922400,15537,370974,6,6
332456,600556,41707,788798,30,13
543161,885997,472218,487290,0,17
112070,995412,17644,874502,38,44
899422,979885,46183,812946,32,4
510232,692111,194051,597996,15,9
300504,669425,148819,755606,27,18
691678,880089,609863,920519,23,9
333805,442465,164662,262436,2,5
101070,716172,408574,865503,29,30
71896,962594,495012,667580,10,44
539747,997034,773061,922678,12,22
158481,795603,26766,904317,40,31
186353,432551,52544,956588,45,12
4932,999568,135681,675276,21,49
205203,481359,571078,927326,26,13
106488,629476,68495,767235,29,26
156320,733411,52324,809173,32,28
18318,975787,383974,939877,36,47
158055,925734,135939,378707,6,38
356231,600607,766495,920022,12,12
197384,715572,536011,880940,24,25
111608,359725,36987,888833,39,12
55703,988777,30766,986493,48,46
297186,450236,511276,946686,31,7
261128,655131,118827,640925,19,19
505289,839892,77982,483317,11,16
378519,450905,43479,989127,48,3
23824,980894,448309,710410,15,47
48783,939684,406398,916563,33,44
256146,968885,492001,657126,9,35
170043,986096,289251,761134,24,40
359678,721204,817131,989908,15,18
9437,696540,110435,392819,7,34
21111,828381,191244,982405,46,40
327984,803292,119496,742271,26,23
697661,960231,79565,929029,42,13
599349,628605,468318,923440,31,1
425248,565355,138717,997504,48,7
275824,672842,906478,957346,4,19
150381,720101,73852,789970,30,28
441397,854569,460637,615056,8,20
347418,871258,31911,914482,41,26
186866,946211,397168,929455,35,37
377667,413628,445969,694942,14,1
163245,617551,673114,871436,15,22
208484,506123,488722,913860,29,14
291568,717868,175808,238174,1,21
405196,579101,90468,825383,33,8
733580,822147,11018,977928,47,4
318824,988508,94615,982351,47,33
330134,814388,304882,424770,4,24
210071,762870,141853,701047,23,27
53655,841273,509725,654846,8,39
449899,511189,179021,532069,12,3
683062,811183,387243,636319,12,6
534384,593415,377579,949401,37,2
73885,881505,88770,768447,29,40
756,950006,743195,745435,0,47
199791,622118,197091,947387,42,21
302425,727671,244013,840797,32,21
31102,965782,249817,928501,39,46
590338,948986,268568,912224,38,17
519304,953263,93905,101383,0,21
206470,953192,168877,819942,32,37
133922,907293,374294,462188,3,38
25905,987876,683516,977861,24,48
502898,862121,78916,979550,47,17
188422,325795,85942,250743,2,6
680936,846687,52672,962773,46,8
255,969488,386704,829743,26,48
387676,614359,60279,995846,49,11
668974,897769,537985,693252,9,11
682309,957157,731162,899644,13,13
230723,415858,127231,994981,48,9
178850,957988,51879,52800,0,38
334180,900847,270145,461689,6,28
76575,825477,35281,990832,49,37
460914,930312,220560,993165,46,23
595986,757116,466129,595892,6,8
207402,621376,237637,627982,16,20
15792,878125,487523,530235,2,43
464283,982479,370500,960262,39,25
64576,644256,571834,704354,8,28
107128,972623,419485,982800,39,43
11052,995504,389855,815176,25,49
85443,302008,325366,878742,33,10
440204,825359,408125,783830,22,19
452507,532115,356087,984623,42,3
18428,999345,43176,527908,13,49
940918,994642,256461,767657,26,2
252574,844869,646549,660637,0,29
507504,650059,316508,954848,40,7
206809,723911,896300,905953,0,25
167824,750866,91936,898119,39,29
9495,831657,10989,904454,40,41
162139,903347,586400,788313,13,37
81492,972951,311596,920168,37,44
461510,609534,64978,829278,34,7
804299,948055,116401,719000,25,7
183522,986529,151833,987878,47,40
71180,640366,445130,860815,27,28
433069,784750,276907,735302,23,17
169458,385282,479912,739818,15,10
399373,915793,26051,813713,33,25
284758,767650,68255,845698,35,24
271856,766605,404702,876716,30,24
459286,792360,331326,915108,36,16
766,560687,484007,748172,16,27
351523,765600,70087,916808,41,20
52463,762524,902482,947243,4,35
11881,941121,736207,983020,21,46
45235,983671,19175,364686,6,46
401872,530944,553977,920768,27,6
337987,801848,54164,993704,49,23
159729,618746,173695,976692,46,22
429211,545331,290231,781141,26,5
22999,47601,85769,851126,35,1
203403,794974,406030,990679,40,29
23744,987609,22440,552661,15,48
5793,883317,219605,844325,33,43
160378,674893,10155,988982,48,25
184318,881323,138644,644807,19,34
946614,955467,504098,945126,31,0
48358,897637,201987,988846,46,42
191512,911393,41442,660033,21,35
387980,859187,10353,975969,47,23
263800,622032,15445,646769,20,17
103297,810192,74471,942242,44,35
74639,912002,92518,582382,16,41
49955,969083,205521,709269,22,45
31105,979708,135315,227944,1,47
481259,512829,92199,988648,48,1
228627,590290,25462,982540,48,18
138383,965500,398414,727121,18,41
45363,778415,115644,406536,7,36
614367,621159,44529,803308,32,0
29802,706583,649784,891111,18,33
721507,756948,108644,652191,20,1
454341,720360,602689,969101,28,13
339788,920294,486242,633476,8,29
581044,707611,175945,718840,24,6
158036,941886,14226,770485,29,39
442704,958639,122881,978345,47,25
577812,956581,154561,822363,32,18
143634,796505,103885,129848,0,32
30309,528910,608037,995857,31,24
149185,290771,22894,894426,39,7
154875,955886,600882,939756,26,40
487589,761729,310085,923478,37,13
58373,991363,268892,499886,8,46
124749,999167,625470,652559,1,43
119642,977882,678078,814187,10,42
177391,896616,75643,805167,32,35
368756,629198,29399,951989,45,13
477101,978604,129770,590973,16,25
35865,958839,503906,922590,29,46
394169,631620,6947,830214,34,11
99284,176725,750337,767825,1,3
605718,976697,297236,424217,4,18
247975,987468,48413,786663,30,36
340723,920771,782970,913433,11,29
52628,821612,65525,412497,8,38
42548,424290,155168,781236,29,19
143032,663041,17648,980035,48,26
116517,714825,72858,978564,47,29
735805,920556,512698,968313,33,9
456021,505696,20793,990624,49,2
25126,975110,472567,903998,29,47
80669,904608,220946,789718,28,41
345976,594764,131393,176807,0,12
155708,580596,292372,809530,28,21
71793,748672,396329,782663,22,33
753079,973365,210250,656765,19,11
112376,340926,90448,585942,16,11
325477,385545,304989,913631,37,3
245178,963956,849689,916062,5,35
539226,783559,438812,781221,20,12
4779,737695,18605,367225,6,36
114941,607160,71027,923838,42,24
628489,995875,138392,967092,45,18
194230,982602,112490,676021,22,39
135278,659441,7748,993538,49,26
23357,987431,418817,453185,1,48
324487,999781,231544,462783,7,33
163792,781130,49925,518074,13,30
16417,787248,314533,602791,13,38
32895,96933,241610,738067,24,3
658126,782466,25998,959829,46,6
210757,880995,412880,806744,24,33
626032,879531,144845,942064,43,12
328381,820580,244757,607373,15,24
624757,737060,55910,824636,33,5
602570,954628,884981,978307,8,17
707857,793619,145180,914768,40,4
110850,926669,622763,721203,6,40
62958,957560,9158,892484,39,44
29973,649144,26065,356403,6,30
579902,803399,546494,843202,20,11
228620,866451,175454,587509,15,31
31220,955338,13134,475655,11,46
4130,824476,425858,807665,23,41
425991,561822,234020,673601,19,6
124359,538987,18715,994549,49,20
111510,571771,449253,752778,18,23
509989,774943,767087,913869,12,13
48137,876563,578840,601443,1,41
332202,986034,49596,798774,31,32
4805,995707,36475,972940,47,49
252553,944204,41878,976723,47,34
525615,789778,223132,717159,23,13
436008,854279,43688,799739,31,20
23924,996476,691761,927732,19,48
85301,958939,99353,875947,37,43
386389,609122,306472,468828,6,11
285981,960611,635706,638475,0,33
282933,846559,531729,651650,7,28
189818,722154,740601,954695,18,26
171649,730267,43370,884180,38,27
398362,959523,602194,848251,17,28
186136,880681,124408,675689,22,34
585682,972492,565012,793007,15,19
31970,995206,74959,966037,46,48
33583,948001,219497,524579,11,45
26749,474896,11211,398434,7,22
480692,656876,96498,476580,10,8
318310,676131,104679,874181,37,17
615888,831441,85981,875970,37,10
158295,848429,88802,922802,42,34
17130,840560,49205,879166,38,41
356570,962025,384559,944484,37,30
56591,795409,598556,625294,1,36
125678,755134,248728,780405,27,31
144081,265927,113368,936225,43,6
156008,614462,93759,990903,48,22
375195,957344,166129,956503,44,29
25179,534452,11527,250184,3,25
155352,360380,403438,892454,31,10
658445,820357,12257,292899,4,8
149545,333707,563482,940844,28,9
753525,789559,122219,939599,43,1
59646,964434,74098,640017,20,45
241169,964610,352808,775930,23,36
167185,916116,86374,920717,42,37
321468,869953,55254,487824,11,27
117600,207421,56175,780085,30,4
227379,767644,17325,411204,8,27
359906,654761,611518,992330,30,14
42283,603209,248503,981295,45,28
182478,723338,381556,940998,37,27
19251,456767,461457,936755,33,21
585382,593477,47272,845944,35,0
297658,884814,73339,810037,32,29
307313,925845,163938,750423,26,30
136171,992949,9236,976482,47,42
40602,249110,643964,726471,5,10
250261,259340,213067,735245,24,0
145834,428809,92118,665423,21,14
64249,469699,207212,508837,10,20
558239,933100,36687,442488,9,18
724508,784823,182453,843641,33,3
42884,421000,182508,199485,0,18
142417,883087,792602,970699,15,37
241896,680089,484704,977476,36,21
189486,266790,443623,798350,22,3
3937,864342,498808,778593,17,43
657943,945301,20447,360319,6,14
43724,841390,469159,870897,26,39
310685,334855,530668,651055,7,1
34990,929359,725770,781099,4,44
666066,936247,36987,998349,49,13
227165,611641,11036,896436,40,19
257194,935275,625697,890916,20,33
457747,614546,83213,819333,33,7
225268,655688,9957,979779,47,21
295478,313390,383737,961892,38,0
350115,603507,458946,916833,31,12
28848,605588,501517,530658,1,28
75831,493070,380524,519012,6,20
42419,419414,160667,914613,40,18
20507,665055,236059,937768,41,32
163934,828116,298001,380878,2,33
320491,392586,167430,564300,14,3
745198,852571,19770,937614,43,5
288525,876743,337607,848241,30,29
446869,949353,526420,964900,32,25
632539,876289,182801,990967,47,12
13773,978219,382927,997283,42,48
121979,740497,228137,819181,30,30
56456,166474,9849,260490,3,5
56166,958996,33585,994557,49,45
669022,936397,126021,610717,17,13
470368,962191,11071,980996,48,24
199533,357513,192011,988893,47,7
69610,799150,340490,905116,35,36
65950,936074,4296,997012,49,43
287911,889802,122804,930684,42,30
298436,975897,367077,404184,1,33
392075,749019,171967,904884,39,17
405344,852692,63448,713233,25,22
23083,980419,61885,588749,17,47
26628,921464,75628,657902,21,44
397923,563674,613185,799145,13,8
156862,872872,376356,830808,27,35
55276,841151,298005,538949,10,39
37799,784753,283055,744602,23,37
186281,337788,175884,700576,22,7
556210,772565,251540,891842,36,10
186944,878572,7220,996374,49,34
146141,871179,210722,356710,4,36
43725,102759,54463,717454,25,2
36721,942030,450795,826391,23,45
57490,250278,509271,829925,21,9
188303,671905,310655,594994,12,24
271690,553925,810094,936405,11,14
40445,778045,197470,940682,42,36
283335,767558,59192,440686,9,24
178249,367619,642703,931539,22,9
165507,333066,814380,916196,8,8
150551,764106,246238,400883,4,30
251114,615523,60603,166328,1,18
470508,915045,271786,994910,45,22
34024,805345,251043,402843,4,38
285837,541551,577376,846187,19,12
566482,616347,426855,447397,0,2
272056,804767,178625,954103,43,26
58713,964186,519917,943535,31,45
332628,629539,3683,999913,49,14
264987,820724,371132,754097,21,27
3271,873287,14934,987579,48,43
259167,745641,82028,329120,5,24
256055,845428,73206,404479,7,29
40277,645474,177736,641423,18,30
39025,997103,309333,381645,2,47
50703,154439,52104,959231,45,5
513609,873733,295773,490103,7,18
65765,719337,151826,897518,39,32
13818,994783,228224,782343,27,49
16235,676177,66378,956173,45,32
318095,965395,858301,982845,11,32
5066,993942,61091,767502,29,49
1918,966224,670803,940422,21,48
755078,779163,456764,823623,23,1
341958,917470,516335,823033,20,28
123026,991647,277375,766148,25,43
116963,429685,611348,860622,18,15
73931,755502,171986,613124,17,34
255581,784185,242518,311722,1,26
138720,285370,438320,561137,6,7
436172,883531,25602,990447,49,22
298855,960877,225840,576549,14,33
116061,997944,26096,836977,34,44
540439,991530,83997,782482,30,22
169741,527053,259794,806235,29,17
741923,873193,280944,896941,36,6
148217,869919,119499,487038,11,36
270751,566942,105320,848102,35,14
18060,732641,313706,942998,39,35
210044,559934,29491,324016,5,17
595150,620525,775915,793890,1,1
195546,755837,210297,960137,43,28
556506,923420,755502,983288,19,18
64154,70499,972369,991758,1,0
291382,350790,50696,324731,5,2
862798,986995,121942,786366,30,6
462783,971053,12574,998069,49,25
713542,961088,128469,728478,25,12
50629,685576,491245,990937,37,31
187773,289310,584315,908026,24,5
76457,892353,21539,651500,21,40
873417,896698,178669,988894,47,1
294561,608876,6315,909912,41,15
224600,575580,118248,200128,1,17
1970,507670,446473,534546,4,25
212655,803012,505658,553631,2,29
61311,951862,77408,682241,22,44
640071,736340,519737,826803,20,4
90381,980852,26875,176593,1,44
251119,646499,707784,885267,14,19
261272,991808,122282,984851,47,36
148808,917986,703173,799254,7,38
42694,430483,208388,905635,38,19
796981,798423,150977,877745,37,0
466617,593457,87598,534667,13,6
242236,757967,522312,751608,14,25
211130,875885,114565,583252,16,33
139418,851361,388875,925555,35,35
171815,378454,221968,380914,4,10
164244,595020,8543,997565,49,21
320935,882993,1712,939623,44,28
237851,920925,87475,529759,13,34
549493,875007,132875,816926,32,16
189364,756837,181112,649581,19,28
119730,861872,364204,737858,20,37
145092,603866,188232,608861,16,22
58580,901500,16136,748990,27,42
868,995830,581042,980574,31,49
623087,781518,40954,517634,13,7
27586,936050,85538,936828,43,45
52822,878633,310699,550836,10,41
151915,821779,284353,905114,36,33
16812,889632,6929,965957,46,43
234928,918866,141595,771237,28,34
89831,884824,87369,823922,33,39
76437,124450,174759,438483,8,2
33276,845923,29944,989971,48,40
23023,995962,131351,519933,12,48
724189,785735,87196,899980,40,3
292755,876050,329616,683349,17,29
107575,621735,238072,676125,19,25
136356,900643,4750,910029,41,38
527424,849037,581567,695778,7,16
243201,693094,56696,375629,6,22
493137,959445,47682,866737,37,23
154258,776023,673056,943100,21,31
627502,752162,85447,985568,48,6
83920,127812,668596,803387,9,2
314434,720441,433908,534303,4,20
201516,682861,328398,375580,1,24
164966,900314,348896,932818,37,36
81934,838499,33752,969202,46,37
19558,203796,62379,576888,16,9
525547,703053,311920,790329,26,8
405235,483438,659105,991381,27,3
283711,864902,809437,970044,14,29
684845,832403,490953,644953,8,7
231963,841135,4778,987429,48,30
239325,325072,101037,776018,29,4
27682,797860,141449,841097,34,38
275182,577743,211794,663792,19,15
333612,994483,3654,994293,49,33
319842,783774,563556,943837,28,23
118217,723129,33686,665983,22,30
503179,931540,15518,790765,31,21
287348,417465,275835,763577,25,6
294540,847306,55876,439901,9,27
267622,791529,197435,484845,9,26
87333,501729,388151,475892,3,20
685938,775203,58860,878043,38,4
158714,958842,402843,994028,41,40
41152,502343,350870,601968,11,23
141213,994348,267497,932200,39,42
472688,997582,47980,300651,4,26
215251,895252,672092,738156,4,34
280958,528825,4726,926944,42,12
379169,919801,249148,328245,2,27
626565,845610,3729,995046,49,10
67058,458494,167524,838535,33,19
45414,670933,759230,925645,14,31
4081,881550,482278,677458,11,43
101136,801884,22189,987920,48,35
186339,615134,147663,906349,39,21
671739,953582,258623,987579,45,14
373261,456411,904295,970006,6,4
461294,698397,267071,303074,1,11
83781,972950,54387,940566,44,44
4194,751847,10546,330698,5,37
51060,113640,140923,730139,25,3
776101,868252,626112,828066,14,4
68938,761180,578646,958217,29,34
460961,872856,274917,680016,19,20
85526,294652,381592,597136,10,10
272510,283433,404850,823691,25,0
462926,932383,169196,739458,25,23
456132,623625,434713,939541,34,8
19855,131588,19407,961879,46,5
531512,611572,286034,763087,25,4
450852,786788,98759,362994,6,16
530229,925801,338757,516844,7,19
153980,712664,135239,765358,28,27
380791,757108,1837,995223,49,18
375142,469212,168981,847903,34,4
711800,880719,238618,286360,1,8
272571,865756,18469,191939,1,29
2817,977738,92632,918871,41,48
196851,815334,738100,921418,15,30
56166,990892,536053,866633,23,46
110935,972545,466187,728927,15,43
345578,607276,156456,924805,41,13
19853,824535,517075,933811,30,40
160920,719117,119283,912053,40,27
286333,573143,491680,892421,27,14
718236,815095,52641,988160,48,4
198442,228547,275718,949649,41,1
278065,492026,185078,911816,39,10
821738,952311,349533,962955,40,6
275025,430687,202225,256539,1,7
217748,634540,398047,686461,15,20
131650,232518,141284,735295,25,5
519211,564167,735237,945419,17,2
177168,484537,538402,756834,14,15
891645,962609,466977,752308,17,3
570856,839354,13973,819385,33,13
133622,592017,214636,389068,5,22
32533,951284,140452,378076,6,45
105802,383996,808462,872496,5,13
15602,957384,75719,660987,21,47
106001,623278,829556,944155,10,25
136048,937100,526229,887655,25,40
71919,859692,13165,959865,46,39
137824,899928,7196,998583,49,38
26746,775993,224607,267399,1,37
24651,991499,98664,945566,44,48
122930,786023,4399,898085,40,33
145521,582415,366079,651715,14,21
298887,877920,26667,981810,48,28
128053,979367,259175,579572,13,42
128864,651782,170932,912396,40,26
221047,960630,400281,486734,3,36
102480,321500,567132,861023,20,10
139570,986599,471393,729399,15,42
358806,856977,35868,837333,34,24
7966,954392,187168,322274,3,47
6702,806909,29319,952602,45,40
355467,361873,25234,397165,7,0
7042,975484,388016,861421,29,48
210641,976781,451188,915328,31,38
430793,981977,58911,967311,46,27
172394,737781,401576,872296,29,28
186835,969305,15232,893234,39,39
201123,820767,303134,948400,40,30
556718,697545,130118,505902,11,7
81441,943978,383097,991370,41,43
582896,934829,174631,503651,11,17
43133,892068,632664,968216,26,42
50060,787828,247527,693057,20,36
74598,526795,141524,884789,38,22
138890,290619,65377,652829,21,7
435617,732762,493669,849371,23,14
53030,873350,582376,946006,27,41
185410,680876,15752,935336,43,24
703316,732725,183227,822380,32,1
475765,982545,583573,979305,30,25
57763,845051,109775,794353,30,39
143027,927513,41585,946080,44,39
133525,327774,278714,648858,17,9
70726,916067,63816,181982,1,42
330515,840845,387209,674695,15,25
508191,868393,409756,976035,39,18
169992,573539,9578,982020,48,20
715268,968888,165628,625526,18,12
703790,888986,326115,958995,40,9
660006,928448,16945,972863,47,13
110411,823773,361251,802821,25,35
211949,566976,11467,751199,28,17
257342,933979,229055,492422,9,33
264581,729668,70458,740483,27,23
350569,789782,201140,918993,40,21
217360,954918,189937,853424,34,36
15576,999200,169768,605967,16,49
388799,857379,406886,482742,3,23
1009,984691,249127,891481,36,49
224374,776083,170405,314507,3,27
299377,900872,148806,950447,44,30
226515,821697,31505,315073,4,29
104574,426794,842630,946069,9,16
123381,934372,458552,882180,28,40
84554,633617,4453,912314,41,27
152409,715485,2300,999228,49,28
111683,970237,546716,884842,24,42
173399,911771,85663,827207,33,36
305353,412969,503501,701642,11,5
53593,175984,11159,611797,18,6
61964,986182,162956,592126,16,46
210969,411630,61103,278895,3,10
196709,711975,413377,588354,8,25
122008,367465,76523,971790,46,12
125012,994331,736986,893508,12,43
203534,612982,49885,820043,33,20
229420,774021,626879,815412,13,27
15635,713063,596312,942067,26,34
188580,713896,181281,750892,26,26
176860,257970,143015,763791,28,4
122705,858692,142186,809743,31,36
531888,971403,480837,801232,20,21
390465,763464,432991,925046,33,18
26126,288975,279781,836154,31,13
99397,717967,205592,936227,41,30
335105,514153,66535,802295,31,8
295259,619539,580855,642502,3,16
341619,833374,222697,841733,32,24
302523,723190,246360,528570,10,21
634461,792066,3032,999848,49,7
103043,265436,316444,956480,40,8
64144,345377,70924,974442,47,14
208540,589348,748142,890096,11,19
489988,782390,18568,919267,42,14
297966,525596,145561,700826,23,11
65446,418295,187075,572756,14,17
185178,695513,512689,857397,23,25
13513,817617,164224,754558,27,40
156460,922420,28967,461256,10,38
213038,373043,119486,748118,27,8
107681,889064,386537,511098,5,39
70881,985134,12682,978438,47,45
11943,704181,77828,822717,33,34
46499,800265,79522,745659,27,37
85089,827984,453210,574887,6,37
206751,669487,54450,440136,9,23
92145,869089,2108,754102,28,38
7007,999360,813615,956444,12,49
2542,975381,328986,687720,18,48
17177,902655,160573,980222,46,44
99502,451646,328329,572776,10,17
471,998259,47025,826368,33,49
212820,714611,211783,944065,42,25
581467,672756,50466,934524,43,4
233491,629671,55263,920818,42,19
258563,890373,442935,894319,30,31
145518,888180,85871,943458,44,37
28900,831705,155062,660186,20,40
162186,630273,65715,899068,40,23
889861,910083,265593,723663,22,1
228417,541946,33477,936531,43,15
210016,994889,145068,666662,21,39
794622,870874,82835,369104,6,3
64736,493423,24108,916163,41,21
56468,956302,308592,628305,14,44
34300,795235,500807,953725,32,38
134376,883192,220748,974523,45,37
56127,517262,222620,802703,29,23
103709,998045,26247,991525,49,44
162367,823226,369016,826051,27,33
206473,492573,309042,939329,39,14
29345,990980,106466,529098,13,48
94781,465308,314123,979370,43,18
234636,980960,59049,990113,48,37
161236,824113,660556,834388,13,33
133905,442689,202753,732000,24,15
59553,792400,163425,731952,25,36
258729,958334,198823,746811,25,34
312519,317643,62034,970721,46,0
883051,906917,69324,582444,16,1
298916,735509,51081,837089,34,21
12722,927031,129040,854970,35,45
245595,681810,590580,860480,19,21
326034,438539,70674,640875,20,5
158690,994402,64598,939465,43,41
119784,799948,600305,657038,3,34
588146,773340,235489,818968,30,9
146062,351762,12142,988964,48,10
287372,632230,131969,244869,2,17
354655,857678,279424,339430,1,25
117176,754653,170899,374663,5,31
2559,894282,36209,988268,48,44
149590,488780,155532,682491,22,16
206522,492956,56411,175517,1,14
99014,803294,22102,956434,45,35
111527,929945,178578,882733,37,40
37324,832550,62550,685664,23,39
599760,639788,485436,547271,3,2
547971,851818,579934,658923,4,15
349510,692404,332147,649124,15,17
723902,750667,171014,880214,37,1
630054,869857,187921,792135,29,11
225158,791862,338148,910247,35,28
9467,995825,13008,935041,43,49
9749,938356,435126,922089,33,46
238106,664369,40094,966267,46,21
653596,730659,241991,476933,8,3
119355,755849,211719,520357,11,31
187579,374286,365784,706642,18,9
48001,285406,307939,643025,15,11
38898,145336,39881,982745,48,5
614798,630731,62197,861707,36,0
64614,971363,133635,869143,36,45
108322,288698,476041,660118,10,9
268728,975725,636229,920225,22,35
108556,934694,540579,900939,25,41
263331,810564,10629,987871,48,27
484322,588553,197905,765637,27,5
5132,832018,64987,925046,42,41
39340,977020,376623,835224,27,46
88793,996731,403017,837672,26,45
296179,777092,18575,207842,2,24
169161,752246,42203,528506,13,29
413025,621907,63733,593648,17,10
383043,883112,114127,718550,25,25
244681,483474,615866,853089,17,11
48049,974785,148396,465506,9,46
21992,902534,460090,661936,11,44
196302,991728,385532,945855,37,39
2129,226161,227957,763139,26,11
12034,873277,307432,859780,32,43
700627,983965,121831,879687,37,14
501775,878782,201460,577975,14,18
177124,290773,385078,878189,31,5
656121,720265,86065,843455,35,3
309789,522515,600764,829601,16,10
468938,514910,178111,863416,35,2
75905,832675,287797,957268,41,37
36820,298802,120614,652783,20,13
242257,813094,21757,916086,41,28
593097,660634,121100,463450,9,3
282510,982327,85678,616420,18,34
6809,550068,439309,825271,24,27
588920,852789,3282,928911,43,13
94317,778157,572318,967540,30,34
20565,824347,76956,900537,40,40
251863,793830,82967,862683,36,27
156020,276170,394494,701234,16,6
427770,702073,288964,718042,21,13
228979,662860,142749,760656,27,21
370630,973526,876479,992544,10,30
222297,807742,206059,754310,26,29
86113,303491,557547,917612,26,10
92281,253169,242081,729440,23,8
102947,397204,156925,591670,16,14
366837,752399,410577,717987,17,19
684684,765598,26853,959422,45,4
179554,300356,174894,938563,42,6
458615,707564,101276,439475,9,12
85530,902936,115764,250885,2,40
670567,844013,14730,949335,45,8
84457,942045,19289,855741,36,42
439240,828656,162373,821016,32,19
339584,772155,20242,986953,48,21
22918,966876,53476,990297,48,47
49057,959355,6401,579372,16,45
414218,496149,209828,885288,36,4
63639,928918,513940,886213,26,43
126492,946886,1821,967218,46,41
644468,972683,106201,826432,33,16
169871,362848,274832,344889,2,9
95714,950636,549013,810169,17,42
245220,382512,221291,341904,3,6
43729,988165,16386,944618,44,47
616751,970809,459747,956683,35,17
96344,997128,374288,700427,17,45
167229,704568,11478,853205,36,26
374201,874641,384576,621483,11,25
443956,663692,321450,514139,8,10
596898,949027,243805,568098,13,17
510646,912151,665718,935404,21,20
428356,748315,23910,764130,29,15
589296,909830,7428,930087,43,16
17546,930656,327477,736485,21,45
8963,977173,70369,905103,40,48
491311,981009,97348,734175,26,24
311203,667762,237495,700484,21,17
34255,110080,340138,767858,23,3
412357,516830,64958,582058,16,5
430293,955400,105566,512118,12,26
32624,643925,55839,959275,45,30
708788,941512,27723,864229,37,11
822211,936028,115221,404660,7,5
289436,757647,541910,778387,15,23
290063,795514,296011,476755,6,25
346296,669250,36297,917365,42,16
341387,730112,214345,956485,43,19
527397,552621,279050,924899,38,1
234429,971181,19629,728393,26,36
52873,960212,735819,780890,3,45
188339,682514,81314,827610,33,24
74403,616949,127112,417841,7,27
156846,706590,250110,654818,18,27
389213,895998,75874,972052,46,25
58883,983354,109964,797068,31,46
19563,811696,679510,833511,11,39
9240,281031,405306,541431,6,13
1295,900925,212437,632585,17,44
557696,690313,174995,962595,44,6
232224,305570,332587,821271,28,3
164346,953187,67649,901141,40,39
89711,297038,104826,627538,19,10
809572,931237,437083,816501,23,6
141384,508643,729786,997512,23,18
117184,499161,423596,960009,37,19
184621,854780,656750,807328,11,33
904485,951725,30021,655089,21,2
23246,971632,373869,514073,6,47
64248,719483,673054,886867,16,32
193093,576225,196937,777891,28,19
801542,825951,44784,562709,15,1
10140,886902,877053,973769,8,43
232883,357246,63651,337662,5,6
112534,803558,746311,860169,9,34
269615,749118,139059,942241,43,23
308173,962358,523738,819576,19,32
246835,543391,43787,936337,43,14
206945,814550,651221,786657,9,30
445127,573385,81411,911866,41,6
488934,804831,666702,884742,16,15
538887,874507,67789,905092,40,16
712525,920676,624880,912707,22,10
313545,680747,614529,857388,17,18
116252,951361,191624,327851,3,41
48918,874434,217192,894948,37,41
21046,988718,675865,827279,11,48
841274,846583,878168,919686,3,0
40838,977730,9255,638499,20,46
61710,660260,792988,976864,16,29
403913,761071,319660,705190,19,17
75841,977179,172571,938227,42,45
357098,953606,247679,776102,27,29
168930,214026,36840,571219,16,2
106023,933260,50112,486003,11,41
212779,323855,83604,770875,29,5
198853,868608,35149,938983,44,33
22143,378999,93348,287081,3,17
57769,987033,507257,891573,26,46
278885,432689,159045,895542,38,7
164018,649230,335027,492248,6,24
884894,991142,465998,811135,22,5
265376,430234,744475,793934,3,8
212878,739363,203072,697752,22,26
147168,695621,328360,742680,22,27
133519,621965,353583,821840,27,24
62353,650654,104216,461025,10,29
17003,874388,14249,953846,45,42
411984,527565,328268,648114,15,5
898709,910036,722543,906000,14,0
91314,839824,345987,931291,37,37
316113,888940,452796,808134,22,28
402102,791833,213681,506122,10,19
51396,307148,340317,515076,7,12
209229,847251,168200,945659,43,31
73178,983302,185730,921721,40,45
384772,804332,372592,806983,25,20
43740,597483,447906,720405,15,27
82359,472668,684391,772335,6,19
22728,868591,172169,324219,3,42
6097,982630,329893,928701,37,48
477198,752876,24052,379154,7,13
448519,804787,561844,964970,30,17
88935,836939,403794,969519,38,37
65367,978442,535514,744662,13,45
437430,999445,10583,888159,39,28
130408,520196,176421,712536,23,19
37113,111087,101798,968815,46,3
95844,953937,550140,835196,19,42
58948,248363,262799,764560,25,9
257783,598812,665857,759043,6,17
451789,601784,56284,777640,30,7
15611,987189,473664,973731,36,48
2088,664459,96533,428530,8,33
106949,829647,148035,785116,29,36
501667,769840,281365,919041,38,13
143344,517215,242478,809466,29,18
5660,664895,27197,878044,38,32
7884,999192,392259,986490,40,49
175060,560849,26455,526294,13,19
231921,404028,33133,880335,38,8
5940,978164,963920,996835,3,48
275848,947646,468046,650881,10,33
80606,979600,520800,738183,13,44
310377,968234,66465,372494,6,32
178295,841799,162175,750554,26,33
75708,928940,133816,810566,31,42
27066,472237,640608,877624,18,22
610108,930655,39830,503368,12,16
433185,742329,699448,744800,3,15
773055,870744,93248,874516,37,4
174670,874078,123534,746015,27,34
734761,773385,289879,395954,3,1
109701,811552,62336,501544,12,35
263195,773108,632545,809048,12,25
172607,907311,28004,907884,41,36
456462,619021,29570,889665,39,8
125047,760665,103512,852844,35,31
588910,871042,2073,904968,40,14
147037,682240,472823,628153,8,26
36280,829658,380068,999298,42,39
492582,925306,296541,457892,6,21
5489,929036,312583,812687,28,46
20507,879628,94195,788522,30,42
349752,966063,503754,712085,12,30
269972,997002,339586,830686,28,36
627968,825603,92187,952896,44,9
157379,372789,341282,998970,44,10
475158,484288,15883,629240,19,0
86380,275420,101030,365725,6,9
632848,659166,647415,888242,18,1
189314,539845,246817,928542,40,17
327419,979024,514988,740329,14,32
483478,706472,79839,954649,45,11
444274,785577,361878,889393,32,17
177571,661432,515090,683096,10,24
78539,955150,76087,938467,43,43
67651,880978,207301,548569,12,40
83219,378362,838395,927421,7,14
215836,959601,34357,503970,12,37
407264,447794,343170,831588,28,2
277938,414223,105746,961027,45,6
136831,784709,43161,967235,46,32
378215,646539,190525,915767,40,13
295135,807747,91119,756133,28,25
15763,707981,165431,564824,14,34
12337,925245,86827,791991,30,45
146959,897424,316241,700680,19,37
91577,761437,109049,871572,37,33
561609,870384,727404,843165,9,15
519583,721908,18405,962697,46,10
98796,592561,9835,410376,8,24
264161,652948,43147,713309,25,19
17367,460248,126512,689881,22,22
90149,686400,41452,825399,33,29
572733,953869,18414,742856,27,19
77558,925836,103190,235398,2,42
256164,382683,172816,432510,7,6
696896,923789,704564,963548,21,11
9901,995145,14505,203726,2,49
3276,920598,509438,906075,28,45
60728,602678,88256,782378,30,27
377956,825166,53656,863822,37,22
750594,808962,298456,546613,10,2
27273,983017,468421,960986,35,47
63845,958960,288395,833465,30,44
646132,928211,452679,615151,8,14
8668,993200,74239,781100,30,49
248327,936814,37177,960354,46,34
224041,544824,7002,954445,45,16
267271,511118,288488,912627,37,12
13655,857846,314098,862104,32,42
2323,995592,106065,914370,41,49
247710,977193,776219,982296,18,36
68710,381238,33607,205169,2,15
140786,441212,74047,727058,26,15
242685,771439,71716,793257,31,26
178134,545636,236996,656534,18,18
358923,870746,52402,606319,18,25
72217,801334,9648,939782,44,36
343063,725885,468292,547026,3,19
102630,586611,474653,854790,25,24
59304,205072,136886,783560,29,7
19567,127785,407666,990197,40,5
57230,521143,206096,938440,41,23
8867,777965,637411,714627,5,38
84789,994536,261890,561029,12,45
140516,851336,83483,899202,40,35
730603,983661,40556,824564,33,12
39843,981387,154317,827717,33,47
5367,987585,15633,689729,23,49
458681,786494,105802,579542,16,16
307450,326046,117977,349228,5,0
69755,947535,48328,939719,44,43
26873,998871,934813,999873,6,48
72773,975216,23526,875913,38,45
462349,952500,73372,516571,13,24
501433,922408,266175,901729,37,21
50353,472775,13736,390677,7,21
199921,846481,352830,524712,7,32
481243,732671,107913,813727,32,12
519406,977337,182831,560736,14,22
473513,732599,573601,807678,16,12
160306,859625,494798,617437,6,34
153589,329027,552579,697093,9,8
93641,874473,28275,719929,25,39
787213,837317,93329,634400,19,2
290482,507902,3785,950434,45,10
189782,265968,128904,251814,2,3
174142,951509,624268,800427,12,38
128792,707962,437230,504797,3,28
82459,99249,279215,361029,2,0
149866,741760,254493,715654,22,29
37731,774220,303048,622787,14,36
203539,955629,191745,569227,14,37
1178,951149,70998,915704,41,47
35755,79366,885191,917875,2,2
7286,999670,30508,812845,32,49
710955,856699,221286,656693,19,7
23874,157742,456950,992962,38,6
30182,262301,198112,728102,24,11
670977,844911,128203,932563,42,8
134181,629420,361777,759058,22,24
335407,857613,410266,556327,7,26
424926,709816,285426,607360,14,14
27961,882642,102530,935126,43,42
14154,950774,532728,807302,18,46
180867,841136,462827,576946,5,33
357498,601190,495545,989613,36,12
536654,779272,325751,527330,8,12
113552,991625,492697,760070,16,43
269894,304647,362301,545221,8,1
58361,944142,241646,828025,31,44
460374,656049,438662,982659,38,9
95791,950158,288713,459448,6,42
544520,874465,15833,944705,44,16
472768,914877,35722,276984,3,22
286722,504910,589311,928585,25,10
3592,907299,346440,892407,33,45
150032,574888,51233,847635,35,21
246543,758852,47281,862100,37,25
144827,569874,133908,516279,12,21
274928,346078,179243,376954,5,3
14728,840026,351620,849798,29,41
121289,841501,299397,765182,24,36
18391,675081,142350,608837,17,32
199001,668817,251464,672611,19,23
236030,912265,26948,771786,29,33
27283,317239,474463,793633,20,14
99211,758012,274676,566742,12,32
839,999325,226245,599450,15,49
29026,450450,541197,744839,13,21
325761,350770,57017,587241,17,1
132365,698067,87621,968936,46,28
11595,932960,142155,555812,14,46
344059,659012,149068,963321,45,15
66967,606844,275988,544584,10,26
867327,910419,5220,917133,42,2
46631,899556,257345,815491,29,42
571460,989837,19801,897519,40,20
38004,998910,264049,332830,2,48
235124,777555,221950,585327,14,27
88456,851529,111468,660815,21,38
45268,991400,471916,983305,37,47
18640,784477,124896,703109,23,38
378230,563292,101355,752343,27,9
370004,698650,524547,768600,15,16
2425,998656,278343,907845,37,49
433003,998704,313876,584855,12,28
171149,259372,241179,996106,46,4
243828,246755,53828,936901,43,0
27097,709014,799261,916366,10,34
115268,606750,460239,744932,17,24
396049,667876,55097,966271,46,13
105456,265747,49577,912377,41,8
556275,747775,61212,482356,11,9
54552,590860,389939,842059,27,26
50232,970009,256126,602704,14,45
64656,950263,347462,968304,40,44
148776,603285,15424,946770,44,22
402941,652469,23822,737060,27,12
134065,365118,124657,805276,31,11
409223,881802,427350,922655,33,23
329708,982847,26951,441760,9,32
288634,607519,129451,691625,23,15
770518,820837,280412,926496,39,2
811490,922098,195824,947658,42,5
611508,873003,415444,752199,19,13
165152,718764,229294,951734,42,27
189959,945541,458461,890869,29,37
55446,883532,331716,644718,15,41
745484,989296,293877,942906,40,12
14811,561463,222306,841606,32,27
147951,366463,9893,685511,23,10
7483,977659,237101,759083,25,48
7374,621835,25054,854999,36,30
66120,902482,345627,628252,13,41
145169,761473,126064,561882,14,30
128594,996551,269185,724614,22,43
399058,924448,506325,777302,17,26
322435,924506,111529,974730,46,30
50554,831043,721074,818326,7,39
149906,977267,243858,458942,7,41
791912,974673,119629,418462,8,9
82194,676155,820291,885775,5,29
43373,626967,254126,504884,9,29
36725,111638,73663,883490,38,3
13450,995058,141015,950376,44,49
30888,812324,125736,379471,6,39
500582,833209,178257,793654,29,16
33551,667338,180599,911295,39,31
235325,386000,322339,772522,24,7
23109,452889,191484,473703,9,21
68254,795974,8465,654699,21,36
289428,950618,122788,918543,41,33
495362,949531,38001,926904,42,22
676654,986951,254634,719267,22,15
139639,435067,314296,996003,44,14
35660,965355,161409,573631,15,46
475353,640277,156144,672320,21,8
567557,959703,82148,645387,20,19
125525,401513,547412,898837,25,13
29927,995992,112910,962353,45,48
186985,794847,329841,858794,31,30
64106,998378,800308,888975,7,46
10701,499140,783469,993327,18,24
25811,984453,561456,869746,22,47
372255,836750,290936,719343,21,23
93029,752358,335415,829474,28,32
80507,800350,360276,780279,23,35
184211,665002,15817,962188,46,24
185122,918267,152953,448543,8,36
158097,608380,77662,895070,39,22
244791,464429,38829,904529,40,10
278987,820071,10356,932586,43,27
235941,943603,570249,899492,24,35
171719,643311,250531,649152,17,23
60836,964493,85591,777122,29,45
31535,870617,83850,787351,30,41
42758,654724,6003,744661,27,30
728241,961997,294489,438947,5,11
257279,785766,133853,770580,28,26
54293,106974,341871,652624,15,2
28993,830283,85290,463570,10,40
407415,501029,390586,634265,12,4
2694,917269,154288,815827,32,45
453339,674100,21305,533781,14,11
501282,947329,4763,419186,8,22
56456,314123,153100,543026,13,12
55657,882723,63420,913791,41,41
498895,994037,358079,442666,3,24
201889,905687,287084,840256,31,35
143315,996705,309023,448062,5,42
438770,469207,382177,530751,6,1
5569,983252,300921,486913,7,48
176740,753595,102255,701904,24,28
236998,481658,369813,601512,11,12
52067,933353,240477,457331,7,44
275212,882611,93297,401625,7,30
637604,882376,92266,702056,24,12
309262,940373,18359,876077,38,31
740352,777621,459450,838397,24,1
255778,270661,63660,488362,11,0
976379,982017,80865,889473,39,0
248513,563636,200832,469170,8,15
304300,573846,165871,715137,24,13
45553,662801,41310,330134,5,30
400145,455244,21777,859658,36,2
229478,759396,196511,572370,14,26
318933,928477,339517,788469,25,30
280469,766624,4967,578223,16,24
144077,850840,281102,906278,37,35
251160,983255,383514,972603,39,36
512929,946286,574570,871872,21,21
159734,975512,808615,878467,5,40
41008,863576,463225,932517,32,41
494763,930453,512131,662601,8,21
169215,931588,310778,939303,39,38
266558,311076,166659,522612,12,2
257117,724738,147792,407792,7,23
7182,998030,695315,799639,7,49
874113,969548,71618,588855,17,4
59954,985080,18550,618898,19,46
565500,975491,102702,932001,42,20
112722,949451,316293,908850,36,41
502062,532729,438843,882152,29,1
181160,349486,131236,643702,19,8
3599,525784,114964,704007,24,26
66070,501672,628396,842907,15,21
231246,968987,176152,946453,43,36
10740,792320,372989,620189,12,39
253207,900268,199649,863038,35,32
70490,315576,148860,690715,22,12
7380,583304,190149,557705,13,28
581875,997679,88149,511056,12,20
284011,839851,108988,464894,10,27
665470,963875,346403,439323,3,14
479705,800023,134102,884217,38,16
207349,970212,225541,682829,20,38
61943,812434,70995,456332,10,37
52470,923134,289280,738594,23,43
455641,928438,474432,924765,31,23
180359,254931,39617,854005,36,3
258052,412860,91821,741410,27,7
286964,982299,274585,925481,39,34
102005,868919,406714,716977,17,38
51602,911562,258807,731188,23,42
489662,554325,150808,481961,10,3
103458,696727,30968,927251,42,29
241090,433351,301544,409155,3,9
49751,258531,29040,806119,32,10
509114,715141,70700,928441,42,10
14249,997342,471091,789157,20,49
137455,767905,345932,779096,24,31
60290,960700,445196,997616,39,45
43015,708093,517603,970204,33,33
237097,679505,443485,907429,31,22
6001,998793,141222,970169,46,49
591512,597042,75785,907362,40,0
105478,763092,18631,929435,43,32
562476,908315,69772,719433,25,17
78411,670863,306618,848450,31,29
859191,920307,157438,779838,29,3
109817,639867,202580,843896,33,26
12589,435446,22371,763007,29,21
224824,377196,56158,852577,36,7
46266,810625,96659,958486,45,38
304199,354773,259874,832799,31,2
45822,828369,15960,706602,24,39
90370,927031,529706,792834,17,41
24057,794182,185080,766226,27,38
810619,996558,94697,933834,43,9
329245,603522,82980,840552,34,13
69181,960694,732540,955848,18,44
63975,451430,218847,548456,12,19
351875,983106,134236,961416,45,31
321256,691196,51315,967436,46,18
663401,873903,299170,488586,7,10
43496,68353,406805,982848,40,1
386953,662194,220542,497256,9,13
19720,905767,128758,449837,9,44
134805,380657,481284,956520,34,12
775661,804246,60709,474393,11,1
99241,973428,151586,414313,7,43
22386,526415,179297,697559,22,25
582885,649799,48983,960465,45,3
11988,989303,137504,590232,16,48
569065,606837,212517,975317,45,1
143970,308524,520837,787768,17,8
398225,952004,86866,631588,19,27
153995,161609,556821,869811,22,0
15297,957446,6524,735711,27,47
21565,864160,234557,581101,14,42
228874,919393,69863,867064,37,34
4823,982162,6486,934456,43,48
344853,995389,169528,866692,36,32
455743,927282,695121,962199,22,23
192164,830520,660452,938651,22,31
490248,698853,531478,733323,12,10
345234,370826,51452,446378,9,1
876940,945710,272049,879931,34,3
337441,860599,14786,630160,19,26
189193,728857,179663,941818,42,26
54979,946743,55848,330337,5,44
828803,885325,233268,727676,23,2
46161,612768,339785,700014,18,28
89250,972149,502714,915975,29,44
835292,930879,193816,717045,23,4
46394,787232,30418,933290,43,37
51440,966983,78778,830828,34,45
226399,919026,98581,714256,24,34
969697,996320,205225,746976,25,1
344783,964356,367050,950292,38,30
77777,671065,81153,877330,38,29
1945,998204,174647,575253,14,49
329586,680014,80798,740160,27,17
2662,900276,441609,777922,20,44
536068,671558,26256,866283,37,6
196820,981938,129641,619082,18,39
98060,889830,34976,540821,14,39
245043,888899,234921,695660,21,32
302241,923072,536374,704599,10,31
797433,836328,308321,544105,10,1
30767,477710,41717,849923,35,22
376011,408708,87068,839664,34,1
365212,755906,79482,711864,24,19
16019,319899,257200,791496,27,15
396829,871798,334686,936977,38,23
93502,843970,81535,858621,36,37
35015,945918,276784,797781,27,45
43368,823116,500421,871288,25,38
621086,842759,236632,712893,22,11
319074,469644,204034,946038,42,7
390506,951377,369132,658679,14,28
97460,969964,290325,697835,20,43
301981,384787,252676,861826,33,4
218764,964511,380398,686912,16,37
320137,962566,341530,880806,32,32
793953,880524,12780,518684,13,4
109673,992351,356928,610201,12,44
516708,842084,475673,832263,23,16
132708,418497,141618,467205,9,14
186270,697623,522821,908232,27,25
347009,570069,171023,830256,32,11
325546,420622,1818,745190,27,4
44968,944190,561094,912768,25,44
541073,579147,273204,586260,13,1
326865,911744,8857,837959,35,29
428610,736122,681558,831465,11,15
47367,606489,205562,856435,34,27
235563,401963,24632,479095,11,8
62746,995519,839096,957835,10,46
104930,853787,390763,772772,22,37
171525,990561,28661,620083,19,40
315302,528504,706979,850614,11,10
211241,898621,10196,653003,21,34
96429,488342,168297,462239,9,19
4403,458372,394211,795154,23,22
328815,448418,394930,897842,32,5
16091,994888,96215,882421,38,48
336223,874233,37022,809806,32,26
441271,604719,269032,764520,25,8
59830,485374,63384,931744,43,21
321547,853792,507997,702510,11,26
37040,842551,90832,929492,42,40
355862,473013,771242,966689,17,5
317462,936149,154354,854843,35,30
243206,574305,632683,782825,10,16
13238,996534,137288,709984,24,49
81785,977606,491441,852817,24,44
182309,214593,558479,934098,28,1
317597,953628,522241,684812,9,31
31119,979983,93567,620970,18,47
716367,861566,476907,692878,12,7
183967,875185,54663,479369,11,34
58868,775877,122137,926890,42,35
315530,605592,322335,614091,13,14
31423,990801,91218,632234,19,47
523246,735934,613492,958745,27,10
124980,980448,174954,845849,34,42
537083,685307,89793,449768,9,7
57114,287018,40784,920504,42,11
57490,826568,113292,441268,9,38
27883,918818,466866,934954,32,44
437519,654229,275388,673211,18,10
2710,999091,513913,690683,10,49
31748,663178,202153,786989,28,31
148724,766582,288508,877087,34,30
240655,757391,70639,649847,20,25
253915,762302,109302,848089,35,25
15580,964827,98530,810039,32,47
155641,954167,82406,586012,16,39
509138,910200,708284,875597,13,20
38970,770621,820417,938581,10,36
185697,194655,47991,601130,17,0
130542,417172,82123,810288,32,14
33834,353653,174802,366536,5,15
31760,565741,670630,938700,21,26
84755,817224,636753,980600,27,36
228851,420874,311176,867492,32,9
14272,959666,185458,466547,9,47
78223,408187,18105,712364,25,16
247446,783708,853327,995443,13,26
376659,817445,250911,961426,43,22
163680,673031,551022,812836,17,25
500797,761191,432081,744828,18,13
569084,621257,600034,925442,24,2
175865,986183,543698,727336,11,40
309094,970941,81669,805152,32,33
53419,850517,361442,881719,32,39
73598,572921,46588,960439,45,24
458870,639828,736226,855362,9,9
610369,850898,59984,878801,38,12
170201,765263,2188,929385,43,29
49207,971177,229305,876784,35,46
15983,933766,339899,710072,19,45
34936,710673,90051,934064,43,33
361954,945750,91440,837307,34,29
111554,153452,565143,982281,32,2
5473,998924,130420,927366,42,49
486927,805091,638649,816063,12,15
170853,882896,385355,727631,19,35
276635,848688,92139,340951,5,28
341949,813825,52526,707704,24,23
730307,887845,553855,975299,32,7
561061,992293,582065,754715,11,21
335882,505189,97081,347705,5,8
813462,901718,448672,791202,21,4
93111,961850,881693,985630,9,43
158736,319153,499045,861395,24,8
290520,527542,30734,933895,43,11
335933,935929,640082,957299,25,29
582253,982411,26309,954355,45,20
53251,975711,157527,539326,13,46
89809,937738,763518,975647,18,42
432632,659499,404744,964865,38,11
4733,986613,71170,879495,38,49
129297,849178,23420,854549,36,35
156645,512808,151148,592034,16,17
407683,551971,246184,986017,45,7
21966,942240,258769,557376,12,46
323907,677100,753298,870696,9,17
234058,642329,281873,979334,43,20
282687,740751,672351,802089,9,22
454719,689396,38360,713646,25,11
231530,776187,124826,348495,5,27
39595,982198,14542,323147,5,47
184197,860443,133894,962583,45,33
849949,965858,144022,668365,21,5
267364,852514,21582,618103,19,29
67438,835761,52542,489054,11,38
164904,960620,36234,878269,38,39
556662,605598,183048,902166,38,2
936293,982773,449656,778641,20,2
650159,757020,318935,814618,28,5
239911,617380,73377,924076,42,18
361992,741275,110352,765724,28,18
12739,472241,134055,639014,19,22
17838,133365,863650,962935,9,5
201758,892170,18987,343793,5,34
289601,895323,283580,721271,21,30
862187,966839,20019,849170,35,5
108991,927254,72297,837303,34,40
372160,696793,508551,971441,34,16
297767,870016,562809,913176,25,28
646921,978529,11586,588016,17,16
293473,754629,285755,996789,45,23
143793,774557,140470,590676,16,31
189129,885696,488866,943033,32,34
84760,605765,540402,788350,16,26
333518,610292,184012,762935,27,13
514770,955307,170918,870123,36,22
121748,985664,501982,981457,35,43
485759,561135,459940,667808,11,3
128048,842188,221630,784101,28,35
268804,350595,2891,329455,5,4
226462,772747,576223,938010,27,27
328944,492538,74797,646038,20,8
110578,691728,138211,968279,45,29
153196,220655,442661,917192,32,3
234109,750961,8340,873605,38,25
270015,654547,75939,618033,18,19
92089,664046,177178,503716,11,28
178030,635404,51914,706693,24,22
396330,412849,130317,465582,9,0
18885,991329,558965,931499,27,48
179682,976023,124392,836417,34,39
184012,901389,409983,926406,34,35
449327,999445,2764,957520,45,27
84334,967362,37898,958263,45,44
325911,660451,51385,849189,35,16
548658,786124,512308,996213,36,11
467620,974653,23929,852454,36,25
167970,552198,46187,856571,36,19
559851,998247,31644,693421,23,21
8117,990992,107159,843719,34,49
189545,998867,450951,953987,35,40
338642,566559,247693,661071,18,11
43331,986884,192924,515923,11,47
6650,998566,374474,837280,28,49
16384,217390,94647,939734,43,10
468132,690638,352939,598322,11,11
742261,866204,28536,643901,20,6
8772,976924,396132,922888,34,48
197347,961254,152181,942555,43,38
425488,785780,142605,599010,16,18
167855,791906,243840,655750,18,31
21624,509252,600602,893186,21,24
125796,715900,188552,776351,28,29
251456,630851,357470,905482,34,18
499797,957762,570136,743788,11,22
72256,517225,73920,664860,21,22
33379,930975,267350,887161,35,44
59647,811434,468398,811788,21,37
531303,574827,549655,990609,34,2
563095,674198,333967,690816,18,5
542715,959599,152456,851645,35,20
3617,869655,323298,893509,34,43
148903,830267,79637,842436,35,34
255522,751656,70136,857754,36,24
49577,368191,208216,854696,34,15
610166,975378,60907,663173,21,18
54169,873440,138115,584122,16,40
37951,990006,47692,929140,43,47
467164,768805,282791,770088,25,15
286341,818658,62901,718195,25,26
497,756512,220080,743363,25,37
328803,786837,278477,807720,28,22
523165,681975,167744,667030,20,7
151291,787701,620980,944273,25,31
41373,999354,659888,871979,16,47
627628,768901,423206,867438,28,7
41603,839748,182088,857962,35,39
324036,753129,96011,590046,16,21
206276,614773,591677,853524,18,20
167529,856392,591132,872141,20,34
97064,329706,354413,830388,28,11
337766,488956,64060,581881,16,7
273102,845108,234714,861963,34,28
14039,871738,129308,585173,16,42
132190,918193,156095,865279,36,39
1075,130767,73766,841711,35,6
133566,604199,29607,835110,34,23
50063,881246,417764,776937,21,41
75010,162606,24511,848547,35,4
17296,870580,298409,894774,35,42
309869,960684,298675,672904,18,32
4680,969576,355792,829376,28,48
52915,467469,480760,889578,28,20
124279,898651,200356,880372,36,38
371920,733644,121894,862494,36,18
279859,287529,337581,902203,34,0
24668,957467,476355,979907,36,46
191019,774700,93631,859372,36,29
685199,965726,69734,759734,28,14
60275,301844,136117,765042,28,12
293898,490088,319709,886822,34,9
37283,726822,380664,909499,34,34
31685,661413,6528,850709,36,31
465632,929742,5308,852835,36,23
395919,704628,22163,756266,28,15
17689,681021,493455,898479,28,33
377627,716043,253718,802709,28,16
