17559,874999,400291,782136,19,42
66228,549019,218648,629246,20,24
49139,900246,69726,974248,45,42
523615,677719,818078,870362,2,7
173664,648966,14261,449642,21,23
501250,714380,139250,295949,7,10
463240,550413,890,903539,45,4
243398,739813,12896,982957,48,24
17193,912659,239636,783344,27,44
585374,840218,618175,620191,0,12
450967,913384,185435,460459,13,23
18800,955289,226431,591798,18,46
914971,929640,651155,950339,14,0
164576,726547,162653,658122,24,28
177001,207538,296906,897883,30,1
815907,906953,551861,566894,0,4
41544,999991,440827,924034,24,47
3175,924376,163860,896695,36,46
18069,787495,226751,608187,19,38
75762,659375,123360,242830,5,29
251831,633476,408094,689055,14,19
207250,927413,552572,866458,15,36
464869,594195,408997,600119,9,6
38238,520120,15117,946337,46,24
515594,768891,160864,785446,31,12
65038,720166,77417,814496,36,32
270655,325719,310529,614503,15,2
76251,949550,56179,751988,34,43
436980,503482,85087,787750,35,3
20534,377138,19858,507887,24,17
337538,789478,345469,700221,17,22
544659,780440,244138,882189,31,11
93825,830659,769632,910057,7,36
17472,739769,173303,744204,28,36
294303,942333,246050,398128,7,32
32677,998763,299344,900075,30,48
595703,801185,260502,888857,31,10
7490,931803,408261,631332,11,46
45101,988678,77327,804103,36,47
81323,816397,344419,893513,27,36
88688,353063,174155,940532,38,13
359718,366786,88690,118172,1,0
4773,850130,285392,503194,10,42
220433,407192,447976,602635,7,9
313778,916170,6887,990735,49,30
150158,920895,90084,857162,38,38
604379,680803,233583,729267,24,3
22899,998237,940714,942343,0,48
496509,930291,120012,126305,0,21
407870,961521,128402,959171,41,27
124807,571680,72337,992992,46,22
108926,989396,5007,493171,24,44
462085,528453,615973,700982,4,3
468274,611372,301917,595708,14,7
143796,911027,445477,757321,15,38
790958,951557,7206,938286,46,8
418597,943681,346874,392717,2,26
413863,744097,892765,971222,3,16
193266,611391,61312,723608,33,20
38851,125439,738315,988166,12,4
11955,722535,8413,201409,9,35
328390,880865,349221,384139,1,27
387896,651877,258011,714958,22,13
204102,344476,159422,749522,29,7
591217,881771,427487,759450,16,14
213009,998889,22869,947817,46,39
25009,992703,242909,657919,20,48
655032,906779,1138,549292,27,12
167354,416106,529877,835578,15,12
371939,856699,711866,906432,9,24
137208,679889,491986,600000,5,27
70616,893111,262461,548555,14,41
249350,660265,918225,955088,1,20
261003,808411,277957,577516,14,27
96010,367701,234123,822917,29,13
690639,926493,329108,768976,21,11
250298,657008,492046,636852,7,20
71934,587403,398474,757728,17,25
30998,156719,415935,920686,25,6
23848,996756,181306,636829,22,48
30886,736838,508071,737965,11,35
47147,880910,551880,678831,6,41
549331,971823,24666,437891,20,21
165510,929291,123032,997393,43,38
26980,426168,521160,870659,17,19
35656,827527,390363,585159,9,39
182117,794155,7390,926011,45,30
784710,862661,370323,899303,26,3
137295,847530,3095,997618,49,35
165016,974072,119799,920208,40,40
610278,960645,16820,776205,37,17
14430,941977,4166,603717,29,46
955868,993528,110785,430345,15,1
53612,485747,8770,940917,46,21
154761,998424,120756,377992,12,42
629886,972668,168928,776946,30,17
82512,383095,393349,828160,21,15
44063,874802,32360,441347,20,41
72557,990822,22469,999027,48,45
246731,512526,16666,955651,46,13
441393,761645,12694,921095,45,16
8607,975732,222661,393215,8,48
702778,955296,69284,402599,16,12
52899,962900,110472,885710,38,45
28300,910340,236691,241534,0,44
229429,230878,921370,992712,3,0
783850,973400,217333,451254,11,9
381804,929807,280880,872990,29,27
77293,997649,353225,735884,19,46
134746,260334,448073,573023,6,6
884088,962603,345743,710877,18,3
76101,812952,19089,22011,0,36
714000,940121,232730,983446,37,11
3112,839829,37943,293474,12,41
838437,906327,494256,759520,13,3
215079,342544,362783,909320,27,6
142407,521501,226776,812834,29,18
95730,265815,244404,958019,35,8
146493,318860,24713,49170,1,8
18670,916104,152588,569760,20,44
590972,754228,517045,955617,21,8
260493,911999,282955,397077,5,32
97973,446442,284602,871567,29,17
285191,695025,275123,854041,28,20
509600,817127,12428,783302,38,15
148797,507667,745866,768111,1,17
681257,912406,42516,878474,41,11
371452,978723,529444,536566,0,30
376523,904775,693909,823657,6,26
38980,991387,474972,905936,21,47
7100,96503,184288,668653,24,4
113774,991491,243941,833388,29,43
647730,885128,770682,827130,2,11
167482,897757,285373,616111,16,36
130224,872758,452016,714204,13,37
123358,819160,323214,894167,28,34
235410,994083,4193,999094,49,37
583669,801725,82963,953511,43,10
552285,920835,243088,641403,19,18
73054,536900,327732,842325,25,23
78187,949314,20560,850310,41,43
2133,52265,1286,580484,28,2
25741,683633,531626,589912,2,32
676521,709447,36958,737376,35,1
582,731238,430,809394,40,36
391328,551755,276899,794612,25,8
136969,473118,20864,986267,48,16
9293,997416,7668,970001,48,49
495441,710702,955104,957896,0,10
520068,956778,212041,781651,28,21
20904,892960,77,998538,49,43
464543,928195,169555,375208,10,23
50515,871360,95858,832743,36,41
460444,944641,352575,962626,30,24
164736,552369,495025,755038,13,19
26991,69602,73090,658993,29,2
979776,982126,197181,311399,5,0
190815,948277,272562,668956,19,37
382029,761489,438258,919466,24,18
224916,754542,110495,420767,15,26
29831,711030,654588,857467,10,34
536241,951184,215803,916226,35,20
33890,167601,53337,869456,40,6
20122,908518,479786,681594,10,44
207551,850117,239883,786666,27,32
160592,775797,43870,170723,6,30
679274,989262,282955,360106,3,15
1590,730957,128494,960244,41,36
43020,59152,312515,914858,30,0
288768,601362,197397,203038,0,15
749408,910487,95227,464908,18,8
774528,828487,298659,415531,5,2
257212,890163,110689,949599,41,31
448683,545772,539634,895251,17,4
230873,539343,196227,696609,25,15
234305,713121,21993,888513,43,23
40658,973323,32025,859668,41,46
14039,930986,277923,378975,5,45
60007,884360,483168,934669,22,41
44165,932220,525581,854512,16,44
21823,993939,256998,389637,6,48
203272,277787,108756,129486,1,3
100513,746048,307603,611667,15,32
252251,445064,440450,955815,25,9
176652,498197,52219,916972,43,16
8411,677162,307468,728175,21,33
343024,838954,449606,610040,8,24
385510,617346,637832,986271,17,11
97371,690859,574672,704978,6,29
61930,491746,166411,971094,40,21
101679,398354,391225,701058,15,14
294094,949589,87013,978515,44,32
332631,927721,202604,943566,37,29
442163,948545,117520,381796,13,25
5640,535366,465285,919760,22,26
49980,554330,412450,573776,8,25
324395,368424,297946,353266,2,2
158912,456460,119242,985013,43,14
438996,942613,302293,417670,5,25
8967,996800,745,994668,49,49
479902,781981,637406,852959,10,15
32211,730036,68377,437495,18,34
206622,939042,38933,622916,29,36
111747,683574,206063,983325,38,28
84167,940380,903825,938451,1,42
197011,606954,256753,385088,6,20
240323,933789,706209,899650,9,34
168130,831853,18729,59746,2,33
877920,933967,464306,933641,23,2
28809,958189,325695,643646,15,46
92210,476140,638879,649040,0,19
725514,941610,415837,975834,27,10
39940,861025,695286,972627,13,41
112611,714837,253172,527825,13,30
371870,876044,38060,429310,19,25
432217,785893,2835,182062,8,17
5348,960116,298982,664932,18,47
205440,345608,466599,916757,22,7
294769,361133,422936,740684,15,3
167228,890449,79597,778990,34,36
379396,839170,198228,778860,29,22
511729,657379,272261,953484,34,7
7366,848221,628992,759869,6,42
421989,852151,14826,987606,48,21
319443,918352,529105,992717,23,29
571634,575548,163990,424961,13,0
381663,704640,134735,138596,0,16
393976,583275,575765,777764,10,9
76293,781574,265024,628948,18,35
106975,697448,296239,939666,32,29
839176,994500,584900,917296,16,7
185300,662272,77893,821949,37,23
19072,861875,18196,857126,41,42
342783,343133,395938,952173,27,0
344070,952750,209114,716543,25,30
47803,418156,430792,835928,20,18
6143,997851,56869,426467,18,49
113280,502965,5068,985010,48,19
172767,871783,103438,548385,22,34
47565,977533,126366,558828,21,46
106750,698907,241759,790311,27,29
38375,732461,194011,953527,37,34
314722,852221,75980,945292,43,26
63976,991803,331774,868210,26,46
2365,85731,403150,855843,22,4
195174,819819,330340,601959,13,31
10020,963465,18647,930706,45,47
482325,510012,869864,919466,2,1
309740,774996,572954,992902,20,23
183478,969850,526059,619790,4,39
18013,977043,179537,869925,34,47
292016,886804,319576,707689,19,29
74612,971030,3440,617032,30,44
255737,602603,241219,399921,7,17
214802,512644,93393,982362,44,14
12039,227191,214752,492891,13,10
44443,618024,80767,148557,3,28
99930,978140,80216,999101,45,43
277399,553101,1935,139265,6,13
173549,953419,786557,839534,2,38
288668,896214,119199,224792,5,30
514108,843285,522812,879073,17,16
174834,526981,14790,999982,49,17
604547,913077,99985,797989,34,15
55355,377550,35190,154390,5,16
197592,493591,344253,509470,8,14
32180,967663,713917,802445,4,46
47612,337417,255403,728486,23,14
754730,972824,21039,940971,45,10
15990,366486,501322,920591,20,17
183405,578336,10095,957641,47,19
191048,809259,76975,907140,41,30
68007,929834,72432,864905,39,43
679289,991107,3163,989419,49,15
16104,987332,256129,968325,35,48
267649,734399,197007,692548,24,23
251487,451079,180514,667354,24,9
51688,987340,103326,656038,27,46
9863,567647,45586,660379,30,27
531358,582007,313573,857493,27,2
87031,997197,323333,905307,29,45
392295,488083,541592,858425,15,4
114807,890206,82665,870926,39,38
15046,657666,565662,661216,4,32
177634,223498,807042,819967,0,2
83443,985065,657185,860449,10,45
34883,954024,162874,301833,6,45
243517,954984,282909,832835,27,35
7359,134644,30940,958875,46,6
203337,520436,81418,993233,45,15
159888,903858,90820,707977,30,37
552367,949551,217479,827429,30,19
406093,521734,168210,814759,32,5
67521,531371,283896,482341,9,23
268503,734971,544492,894480,17,23
659213,922843,92899,994486,45,13
401700,877072,14008,947234,46,23
80113,908488,125381,982365,42,41
678455,912557,225533,820060,29,11
51878,966999,2806,908246,45,45
670195,897375,590700,924129,16,11
1772,660102,263183,966761,35,32
829829,877855,89643,160529,3,2
476271,868971,416870,638703,11,19
322632,659943,46217,840437,39,16
119082,991966,186555,821750,31,43
332004,923915,139516,868400,36,29
122560,406657,319529,837132,25,14
158805,863838,244183,641584,19,35
403298,679489,201563,728085,26,13
342599,937316,138200,938084,39,29
4273,238848,13453,899575,44,11
157009,374172,499041,722630,11,10
434587,601150,328859,869852,27,8
515938,691313,627469,913607,14,8
283919,857806,3916,959939,47,28
191269,931488,235509,495490,12,37
25344,981721,303525,324107,1,47
607434,670226,223560,960072,36,3
41149,945804,149878,419189,13,45
3194,998447,601965,920998,15,49
179416,405970,434381,615995,9,11
194747,980030,247069,476768,11,39
10369,994308,679683,725159,2,49
30184,971414,108107,924177,40,47
23519,889483,157410,678946,26,43
175859,979532,303772,727053,21,40
191177,991953,110651,491581,19,40
347028,817352,213806,866949,32,23
211452,273011,374281,560839,9,3
275216,313934,258506,813229,27,1
16194,930242,406507,957137,27,45
217092,718736,673608,886876,10,25
45007,863507,249906,611409,18,40
105110,571749,18071,487069,23,23
384579,648751,163245,734379,28,13
181649,954181,424972,437912,0,38
78202,246058,24726,906610,44,8
297431,977107,208376,580607,18,33
103127,666339,200243,675508,23,28
364281,960576,150776,818447,33,29
124501,828890,452504,939858,24,35
296921,724880,101390,923337,41,21
321146,872165,55541,993699,46,27
234698,620803,7682,999792,49,19
508307,681961,2246,447950,22,8
347184,412832,336564,945181,30,3
608021,854008,106782,300620,9,12
318351,887810,175735,975294,39,28
397065,938692,218497,769707,27,27
122444,557079,112951,995206,44,21
513785,870992,561736,936318,18,17
163170,787541,311488,893325,29,31
707609,909292,12759,947975,46,10
67385,482860,308036,906324,29,20
611050,623398,34924,682737,32,0
95903,212244,9296,173397,8,5
512151,976882,643044,787564,7,23
424929,699837,469650,955414,24,13
160224,988421,33167,587212,27,41
226960,621784,115786,624196,25,19
602346,754667,79110,568922,24,7
5621,999584,548617,885741,16,49
252403,936622,686082,969106,14,34
318004,601851,683986,953307,13,14
344260,843296,12035,739203,36,24
117077,539870,334339,410722,3,21
571705,776726,11853,823875,40,10
34863,930672,943743,984617,2,44
861,938215,148872,933657,39,46
227688,461309,20729,881072,43,11
22233,598559,639747,678657,1,28
407394,892149,149399,829608,34,24
203538,894105,583458,650222,3,34
61783,969066,33116,907097,43,45
71543,250530,152979,824294,33,8
229651,805676,182671,610737,21,28
5647,397430,58741,929662,43,19
177839,893305,704876,873190,8,35
42100,306886,116974,730937,30,13
289435,692116,95685,185082,4,20
214164,862099,85877,493891,20,32
412167,457860,827148,908618,4,2
327723,773101,253,998692,49,22
464628,896876,211096,485997,13,21
310766,754900,189504,673836,24,22
150198,999778,323931,495638,8,42
182346,306150,69326,429727,18,6
44354,302750,307327,458736,7,12
266214,696288,576382,798945,11,21
47122,622976,54845,901279,42,28
26846,974124,256069,573586,15,47
81802,724125,108392,974741,43,32
406380,538874,184515,769075,29,6
426417,474675,294535,823903,26,2
362171,941001,358704,965036,30,28
48288,558684,102882,905300,40,25
476240,675182,95443,958419,43,9
100837,902005,71870,846165,38,40
275720,728473,600273,667906,3,22
472828,570952,402893,989638,29,4
275165,344014,152430,609972,22,3
69839,604524,762241,858328,4,26
258176,652971,158996,651187,24,19
839301,988189,5089,129228,6,7
46152,581480,43374,697031,32,26
582355,983713,484916,685705,10,20
798562,853316,91506,708641,30,2
226316,393894,314103,805253,24,8
647322,850617,3332,794402,39,10
389747,813464,223263,663999,22,21
97237,630521,136054,881245,37,26
307783,410210,92840,958794,43,5
17858,916111,13240,843019,41,44
375059,740448,332919,982959,32,18
740775,909369,223181,802199,28,8
251775,896421,91917,706955,30,32
89255,593909,425745,991076,28,25
103198,916371,339101,915832,28,40
29998,991240,399244,755722,17,48
390401,807828,29710,515817,24,20
183714,708880,280154,820921,27,26
70880,614643,743836,899840,7,27
29731,763013,578408,984915,20,36
1797,991652,869935,878518,0,49
51150,353240,376977,464483,4,15
105600,588985,158695,999405,42,24
222018,250447,432625,523041,4,1
235974,724551,365088,470518,5,24
218451,928056,336884,595319,12,35
186714,703383,334607,648874,15,25
98385,453085,255034,307225,2,17
82013,935512,215449,366652,7,42
2460,904887,711094,763782,2,45
780089,785147,13059,246033,11,0
948546,979662,26906,996208,48,1
242808,321183,275762,794395,25,3
45327,350298,85295,106475,1,15
614651,923538,148349,756457,30,15
311715,616529,88929,957699,43,15
6128,995751,290131,494042,10,49
194995,859992,256195,728061,23,33
24835,913096,79017,658742,28,44
172632,239903,81231,999907,45,3
54735,907863,230037,723563,24,42
34845,216446,175695,891263,35,9
472396,696390,543703,828341,14,11
67136,820571,19243,992469,48,37
291529,702446,16261,403081,19,20
74638,956272,34077,713077,33,44
524505,738321,45954,156678,5,10
61256,473246,136935,203190,3,20
914554,935801,669385,821681,7,1
96828,692227,403531,732802,16,29
70768,949933,414790,576393,8,43
482166,822971,265951,843877,28,17
496615,951042,190866,805524,30,22
19737,571598,125884,457145,16,27
80374,824370,62834,972241,45,37
513385,669742,188777,961199,38,7
360772,431654,950468,963497,0,3
89337,929536,321576,870447,27,42
500502,625746,14193,996151,49,6
208989,516163,20475,656166,31,15
235163,774674,418300,566689,7,26
84918,488691,366223,816122,22,20
202903,563989,90296,911286,41,18
181792,917855,267578,889549,31,36
231931,464437,91664,663552,28,11
375933,944658,101629,298160,9,28
317103,905262,328752,912320,29,29
403905,734735,214202,966074,37,16
26045,519274,315534,372229,2,24
136156,915852,91246,944566,42,38
9054,664700,61369,883294,41,32
102346,404796,195802,364716,8,15
858074,860415,455853,821978,18,0
7620,968904,14001,899152,44,48
41224,866252,574374,891226,15,41
182063,791601,371601,703786,16,30
550489,901348,45739,367988,16,17
255278,426779,110380,975767,43,8
4167,906433,305025,979930,33,45
428622,464911,179133,504443,16,1
540681,567772,155927,736020,29,1
282882,570843,170171,844295,33,14
8315,682884,135183,889232,37,33
265576,838603,408425,961203,27,28
11400,935415,12489,947492,46,46
263544,915728,484717,740998,12,32
398951,869333,333697,366612,1,23
537117,958762,144363,648294,25,21
280120,706441,523554,728660,10,21
48167,847985,73524,942971,43,39
250585,583335,116489,920895,40,16
498293,574083,205812,957252,37,3
182762,957976,78623,557431,23,38
560260,978623,59320,867875,40,20
31819,984528,14600,26593,0,47
400747,705011,374871,515059,7,15
45751,414025,839349,845801,0,18
624106,828787,146957,923970,38,10
232200,757021,650715,872719,11,26
217567,807753,245481,317904,3,29
122135,979391,144218,512665,18,42
185615,447193,105084,891137,39,13
138166,736241,559459,739264,8,29
579078,705357,124943,340927,10,6
96103,980534,634057,980044,17,44
542062,924176,233687,474820,12,19
112828,189887,445454,686668,12,3
152856,540717,309541,516235,10,19
157208,960427,11431,750252,36,40
71974,972897,263751,986791,36,45
570311,677783,195776,267128,3,5
203407,910912,2704,299647,14,35
259260,721534,738387,915779,8,23
21192,947593,71946,698130,31,46
795441,899503,221531,991182,38,5
183894,811014,247988,932605,34,31
660947,682778,12421,836275,41,1
7830,897751,365942,954671,29,44
92374,353435,42744,985738,47,13
357609,825295,640665,951504,15,23
46817,962074,466105,713048,12,45
5363,716977,115786,259833,7,35
2133,641955,276149,663837,19,31
192165,994346,308515,972633,33,40
677439,998947,249433,570960,16,16
163921,717213,26806,994822,48,27
27760,233694,138693,968124,41,10
520041,899615,191256,415085,11,18
333196,503185,171204,431338,13,8
272271,937147,751303,829231,3,33
176882,826537,662720,928659,13,32
221669,584174,560016,736289,8,18
94293,309478,384613,671600,14,10
33623,277627,336380,923047,29,12
159628,384921,328908,582139,12,11
303085,564866,264418,449867,9,13
449621,759757,10740,955639,47,15
132934,788685,374649,872966,24,32
297589,785849,545329,988342,22,24
203945,987448,56882,531080,23,39
242665,902374,24816,983872,47,32
65493,872474,183514,974731,39,40
700791,800256,246231,396482,7,4
905772,995418,117427,321936,10,4
118968,623105,64305,532457,23,25
861187,985341,117440,951970,41,6
43479,989046,19059,949031,46,47
37370,995282,348323,408263,2,47
137185,966861,295025,469017,8,41
97906,593022,258317,927036,33,24
61088,475688,65702,922307,42,20
570175,631720,7360,573186,28,3
497104,910411,93868,509234,20,20
2880,826881,226321,936286,35,41
550105,978906,448116,790110,17,21
13955,682514,705871,861020,7,33
110617,601654,182503,762727,29,24
1491,989364,173832,745306,28,49
231206,717507,362477,579749,10,24
25272,635314,495302,914308,20,30
4715,908981,448152,968452,26,45
60068,845753,533319,814171,14,39
575407,879669,388831,660083,13,15
87326,643205,798555,858537,2,27
419149,832689,186447,789031,30,20
234743,892801,267142,299087,1,32
304133,964889,458964,950228,24,33
258876,974329,40977,837451,39,35
289958,911835,509191,732840,11,31
475722,969611,190055,712757,26,24
17889,952728,99834,252610,7,46
431914,865633,75003,953667,43,21
140389,663407,129094,304276,8,26
374858,980939,33127,240699,10,30
70093,195197,464133,783776,15,6
144491,265334,796833,873873,3,6
284658,810543,81972,996656,45,26
396549,925584,445904,982451,26,26
100675,432149,164922,704227,26,16
481906,595578,8039,747425,36,5
659793,993152,159386,451290,14,16
139148,350179,487045,612058,6,10
30803,812868,280306,801157,26,39
126529,348118,466218,948175,24,11
698609,947377,244357,940920,34,12
53519,518538,122581,970059,42,23
161322,207322,385469,624201,11,2
59956,769533,305198,607569,15,35
274693,845628,451597,845646,19,28
283066,915512,163451,909946,37,31
112236,515601,272534,581150,15,20
61880,940527,252979,464929,10,43
344049,861930,123106,218325,4,25
588288,688290,32060,49271,0,5
206011,859972,277992,945413,33,32
387266,525999,209076,853317,32,6
893489,959133,178570,773351,29,3
33258,730319,541001,820066,13,34
856594,942206,66138,776049,35,4
85367,990141,6282,435848,21,45
17686,921291,89245,944668,42,45
144948,598534,146001,835443,34,22
240548,530395,456295,612340,7,14
46404,55623,630922,817802,9,0
26927,967490,18611,999369,49,47
69293,987624,133008,414563,14,45
349184,396081,279931,774970,24,2
165242,502928,67497,542950,23,16
546724,932147,165369,881925,35,19
516830,821132,1691,756813,37,15
691073,729508,111167,184915,3,1
292317,774936,706772,739131,1,24
355713,795029,2197,991854,49,21
353842,693615,580918,633890,2,16
316851,744440,346337,647019,15,21
34588,801044,185368,910940,36,38
154484,337216,267337,947043,33,9
60774,800079,55633,981873,46,36
90883,817169,15469,474133,22,36
89435,140192,25513,896184,43,2
202060,951887,160553,812448,32,37
231491,829074,76378,974692,44,29
475074,958988,603863,943091,16,24
491077,698855,893717,934798,2,10
55941,452079,16499,559457,27,19
351111,558329,384926,840006,22,10
95073,674828,565705,797179,11,28
224174,926779,867066,928734,3,35
53433,986797,204121,492882,14,46
598745,845928,155224,984465,41,12
235310,666853,88,617266,30,21
14363,997121,143519,891310,37,49
73040,934420,205227,362599,7,43
54496,385922,39143,977884,46,16
227639,288821,227437,645118,20,3
237600,491627,80087,327467,12,12
201749,434585,292687,827773,26,11
77964,860021,35234,309868,13,39
253415,542073,570466,792394,11,14
453221,491021,23396,761195,36,1
329265,825977,241655,753206,25,24
686790,979052,13935,926204,45,14
698174,836639,223341,621686,19,6
360165,705669,514268,936958,21,17
186077,990430,126583,823518,34,40
83234,180737,374740,747921,18,4
375320,818132,463145,628424,8,22
655352,811798,20828,364719,17,7
478057,989788,85301,788478,35,25
75581,792416,127932,940796,40,35
182377,642806,95933,708164,30,23
277521,444171,877491,941273,3,8
2699,989032,187686,984974,39,49
102447,618886,378324,673763,14,25
84884,818929,538182,675769,6,36
791416,981919,1154,386115,19,9
65069,994830,487941,508675,1,46
144612,660736,85995,671375,29,25
465833,961507,50433,992402,47,24
363905,517677,323002,332679,0,7
877785,984329,8464,929072,46,5
520619,630486,57106,870891,40,5
929710,961226,38352,927686,44,1
162849,400440,27719,145596,5,11
399340,634578,31499,647445,30,11
298406,562069,348581,383490,1,13
474646,716229,239127,589906,17,12
82260,662963,164142,994696,41,29
159868,963826,842042,851256,0,40
142012,677063,52711,865243,40,26
37284,791658,44534,568644,26,37
345883,793433,642570,648980,0,22
481281,650940,180728,399215,10,8
776388,965248,318191,895491,28,9
211039,810151,143621,772719,31,29
46326,366350,289989,676441,19,16
38081,572619,10478,843540,41,26
944019,992303,163738,285079,6,2
258581,913287,771387,980310,10,32
547606,957463,163769,702125,26,20
189364,807007,221595,993382,38,30
586760,948717,259832,721068,23,18
73912,765736,247751,851477,30,34
36596,987195,8764,535140,26,47
267454,709299,254291,965242,35,22
202088,922819,232247,991967,37,36
36498,870551,44708,62124,0,41
257156,787646,478749,816528,16,26
20667,887706,321241,938001,30,43
72561,980945,5149,37139,1,45
4120,983211,336451,810501,23,48
230805,936507,256283,954809,34,35
298165,696279,19046,342783,16,19
103020,316236,202683,779705,28,10
247197,402691,563931,819213,12,7
197026,454792,401087,860824,22,12
441822,982591,637448,843709,10,27
191163,282548,121006,996848,43,4
694655,932815,162433,820918,32,11
177929,871979,448930,676953,11,34
491911,929222,51776,139556,4,21
302893,510098,274121,310208,1,10
444781,507912,331328,997767,33,3
6930,991982,245624,645059,19,49
198533,707274,226910,236744,0,25
277982,592499,199168,735176,26,15
381097,684325,25269,477477,22,15
127701,390264,598081,802797,10,13
34970,596969,613782,770019,7,28
575794,990391,47252,984947,46,20
127180,865120,268867,487774,10,36
219680,899218,30378,807596,38,33
183210,999717,342076,557247,10,40
34838,738227,254206,264657,0,35
142790,717901,805809,982805,8,28
528069,575841,249789,974238,36,2
82351,934813,214888,844976,31,42
541,986665,22592,907264,44,49
656220,740117,619458,817400,9,4
544252,689186,2498,996973,49,7
124346,960738,362746,880497,25,41
107652,985611,505060,578100,3,43
410626,786914,226044,913259,34,18
175228,361393,129853,255091,6,9
40891,613419,434184,532361,4,28
53286,455211,178506,646165,23,20
129434,903301,9399,987870,48,38
183526,430686,744396,784317,1,12
205452,947431,171763,482780,15,37
310667,871694,212041,966482,37,28
215441,375775,151108,951098,39,8
393266,549860,79244,682710,30,7
95040,538049,556317,779736,11,22
501290,640652,228979,719491,24,6
279492,684088,503057,612811,5,20
194720,674640,676971,921563,12,23
146936,575435,88781,764151,33,21
8948,985629,2537,982007,48,48
48517,868710,196738,308617,5,41
70410,992184,149909,597622,22,46
747840,906449,23518,814697,39,7
367384,942019,63926,634048,28,28
70170,981074,847601,856916,0,45
544711,903150,15352,274926,12,17
245676,948447,140529,981405,42,35
82875,703552,192167,305193,5,31
88611,90808,18070,337479,15,0
450963,553545,7206,844494,41,5
669889,786944,510453,554238,2,5
517323,739620,612397,974930,18,11
80879,941766,374650,697362,16,43
19386,575823,254299,876655,31,27
128585,810752,242031,949916,35,34
123271,278502,154786,900964,37,7
100023,784066,347322,877402,26,34
703533,900124,297011,317531,1,9
189265,601839,557107,749662,9,20
94533,315838,32060,992570,48,11
796807,826767,512864,946137,21,1
1778,991524,186199,960465,38,49
2387,941872,107467,848206,37,46
129727,891281,469215,956105,24,38
440753,660036,162067,907209,37,10
121970,978170,155723,166525,0,42
44354,540406,49364,835666,39,24
625389,969345,2052,968649,48,17
11474,773443,98542,842754,37,38
6890,998468,360805,386221,1,49
6193,748331,642168,736518,4,37
2369,885304,3563,999329,49,44
135002,842660,68986,939101,43,35
348626,965543,245911,556446,15,30
458588,742896,510707,951084,22,14
88277,463207,97500,253282,7,18
146751,879907,133720,790956,32,36
547330,822960,593612,862863,13,13
689979,984048,66339,429341,18,14
3060,841926,189010,771509,29,41
13804,914829,142477,283200,7,45
5508,996963,688550,825074,6,49
771774,891626,618279,935049,15,5
144584,428323,878619,884667,0,14
71006,988360,32347,219141,9,45
98755,993858,189592,721361,26,44
248146,275851,394179,772495,18,1
215132,768521,235038,466176,11,27
34041,915671,244760,698107,22,44
21769,298300,136753,973532,41,13
334318,934354,21228,521051,24,30
111957,493569,27941,865701,41,19
14369,981407,2794,437739,21,48
158591,210680,533,990929,49,2
302589,701750,783267,957639,8,19
189745,599926,416646,774092,17,20
130586,954144,264923,825521,28,41
7040,967839,20920,978943,47,48
441246,806195,901735,989462,4,18
224649,701467,46039,640386,29,23
65474,591194,548980,939422,19,26
449813,824305,16345,956141,46,18
96166,970113,217964,794717,28,43
469774,938243,321229,603742,14,23
31611,711030,17723,964880,47,33
9843,689510,122341,949126,41,33
399919,865655,73346,985510,45,23
287479,609443,533977,630077,4,16
45951,252889,234406,839296,30,10
138561,806681,362022,493596,6,33
549621,984596,6938,642836,31,21
116983,980783,212942,965207,37,43
540656,947074,588018,877183,14,20
178664,902878,638737,727749,4,36
828638,965808,181454,841708,33,6
62467,520355,1747,849941,42,22
66839,409654,7561,943256,46,17
102030,832784,612476,957560,17,36
593760,836219,31314,968605,46,12
748924,809013,120592,167219,2,3
6398,625173,12927,712956,35,30
473115,944947,27254,787835,38,23
12699,867445,684232,970672,14,42
570576,758077,256063,801431,27,9
94422,759708,347652,662315,15,33
349733,868278,56191,938699,44,25
11746,966836,6684,950112,47,47
330063,942736,284532,374149,4,30
60004,203293,563328,970011,20,7
393898,409963,44085,935601,44,0
65062,751251,40050,854829,40,34
438799,643367,407614,837593,21,10
22654,606614,444327,476243,1,29
22691,905690,29990,984005,47,44
194888,220106,22433,933848,45,1
663597,825981,271891,733356,23,8
542017,960544,75109,846784,38,20
46675,996464,219324,805502,29,47
395445,727168,31347,880123,42,16
84018,869412,145955,650060,25,39
2438,994957,101434,547234,22,49
33420,968444,158813,332056,8,46
357652,841943,173575,797657,31,24
219725,453331,674750,883905,10,11
93816,722562,109865,120861,0,31
339241,711901,755003,865700,5,18
789023,855413,83596,768738,34,3
347113,475109,50973,997176,47,6
487293,864961,277680,833962,27,18
127235,174107,129647,343272,10,2
391744,932275,8250,470933,23,27
309517,878838,588298,726275,6,28
695168,835774,857880,931808,3,7
135659,252247,719236,943287,11,5
92067,762686,729496,996338,13,33
174900,625792,363846,583129,10,22
434609,546535,11047,973624,48,5
19812,906521,18691,905121,44,44
66458,982460,60180,985014,46,45
680545,785077,535318,650451,5,5
529354,987706,178628,960232,39,22
505788,710313,19484,979022,47,10
76984,776051,582954,726661,7,34
2562,998910,20459,502479,24,49
38955,119135,623619,740457,5,4
561891,577507,136616,491659,17,0
176583,285906,7715,998997,49,5
80396,941148,552323,794980,12,43
462834,786572,582123,835496,12,16
353843,382391,552271,825331,13,1
695,972502,772815,991068,10,48
257603,921754,90653,187689,4,33
642557,711032,343648,457343,5,3
523009,624721,648892,830277,9,5
8345,806932,502775,958604,22,39
13269,988177,121059,402042,14,48
78311,938038,92522,958315,43,42
12398,765457,286863,491218,10,37
30024,844332,148737,273979,6,40
93845,926881,458,372529,18,41
261992,680914,423244,753888,16,20
173037,959351,64095,864599,40,39
888067,965474,44813,922034,43,3
471315,924951,26752,999600,48,22
134504,306124,16755,936171,45,8
84250,374066,332911,932818,29,14
238773,984407,316259,549849,11,37
43242,997178,214433,916658,35,47
42382,984190,219495,457844,11,47
16991,997433,326694,865311,26,49
275874,659984,122538,902812,39,19
325190,983393,73461,202447,6,32
649659,813166,543836,953825,20,8
8304,860002,305769,728107,21,42
484736,802523,15711,331872,15,15
311595,511787,299146,379258,4,10
186201,857362,37722,831721,39,33
254288,818550,26389,908493,44,28
751781,917167,61734,285128,11,8
305829,468347,94651,949750,42,8
50362,986484,2467,997523,49,46
309481,987749,308747,906775,29,33
19297,656039,175,999438,49,31
354266,971334,1972,754710,37,30
617357,889865,169129,329381,8,13
195831,849443,292407,950582,32,32
125978,440823,25382,674402,32,15
509725,756985,55916,626079,28,12
231685,977398,832024,843313,0,37
71162,899718,1148,997324,49,41
139662,876753,402212,438190,1,36
535074,696576,471563,612594,7,8
186519,785591,7271,784515,38,29
24604,960403,65666,920484,42,46
410258,735571,428357,993134,28,16
288630,485067,52184,989849,46,9
209848,857632,197043,619993,21,32
630041,847742,194916,361216,8,10
360390,596942,373985,766686,19,11
219248,967030,435105,585491,7,37
65154,926184,39168,999462,48,43
60941,328257,55559,906815,42,13
744044,932117,253859,901698,32,9
7679,953191,615113,789694,8,47
103525,681601,31027,627120,29,28
266019,985559,652364,736664,4,35
30346,894833,12611,203597,9,43
289862,696402,6798,920380,45,20
320199,509400,138404,406127,13,9
22925,727888,187046,862196,33,35
215997,808259,59870,320793,13,29
268011,411738,86343,956120,43,7
76857,662965,191307,547475,17,29
142317,915913,7074,255289,12,38
109323,877810,540187,568422,1,38
445609,560181,356061,772241,20,5
544903,712873,28777,645647,30,8
87145,877479,22004,874796,42,39
252339,990156,121983,970905,42,36
167460,741934,120715,930911,40,28
784264,882582,103731,510825,20,4
364838,742298,71336,417092,17,18
360331,886598,282901,999371,35,26
701796,789354,285169,336624,2,4
136250,748384,251465,536536,14,30
114234,733797,176483,784546,30,30
24693,395213,306787,874326,28,18
86779,544771,73610,636089,28,22
197,980187,11875,882519,43,48
219185,768883,493994,848037,17,27
24342,991956,160881,909855,37,48
143616,443074,12698,309017,14,14
111788,949996,259412,933464,33,41
16373,449419,124080,623074,24,21
278617,751992,299954,856400,27,23
164901,992377,403063,595201,9,41
263835,736078,45488,615188,28,23
203774,717510,429977,889951,22,25
9673,914619,57167,888901,41,45
394470,829816,537460,833928,14,21
861512,887719,86859,851974,38,1
233254,812936,578568,780508,10,28
59156,221790,457635,633995,8,8
847562,938074,174197,918498,37,4
13872,854041,51325,628325,28,42
250871,720313,173652,622630,22,23
21226,572931,62819,980222,45,27
176335,571671,601319,741505,7,19
1593,522207,393501,646212,12,26
386845,876464,763364,920771,7,24
64190,876185,321401,828703,25,40
816280,883969,533168,816470,14,3
365304,706752,63948,970137,45,17
934492,977861,201269,397873,9,2
6276,935993,121413,894606,38,46
28785,806995,623217,786501,8,38
356145,468272,198910,908840,35,5
307681,849007,59078,421094,18,27
16891,760603,66363,640154,28,37
436008,993376,123250,968551,42,27
287095,382294,62282,945077,44,4
198768,821618,13435,664778,32,31
422140,998828,32498,900766,43,28
171029,482701,34844,88398,2,15
224542,582248,8997,17083,0,17
889016,965868,509649,647224,6,3
519154,955635,90489,827767,36,21
377903,425489,9648,980327,48,2
765132,923249,95190,976711,44,7
760780,982770,313829,574507,13,11
16481,994643,112270,421119,15,48
525362,655569,115100,592678,23,6
233044,903837,11844,738671,36,33
234019,891847,1156,995936,49,32
701055,996428,196108,774554,28,14
259166,948388,145334,730726,29,34
122130,670294,120187,546713,21,27
777663,852252,277103,657834,19,3
552069,930227,201587,469482,13,18
146153,501955,340159,739041,19,17
329759,721510,140588,672174,26,19
24322,992966,309589,549108,11,48
78335,879209,180981,781509,30,40
348230,826907,47499,838580,39,23
102913,325427,506966,727071,11,11
206464,654841,312225,959511,32,22
70810,945123,208368,684921,23,43
481894,562859,31758,870566,41,4
153679,724061,62758,390720,16,28
12822,774096,326099,891797,28,38
124039,229310,423428,703705,14,5
69016,985232,14046,253586,11,45
16883,945736,310081,873859,28,46
224478,742684,87796,696593,30,25
374461,650245,363497,994328,31,13
541519,720464,255350,989432,36,8
268964,884510,83043,891425,40,30
78235,762194,160138,667895,25,34
39252,207914,286500,966820,34,8
1723,984948,45087,866279,41,49
483390,887981,49238,281903,11,20
707659,890413,135428,819463,34,9
170490,375317,77784,138292,3,10
127535,471918,572031,850357,13,17
662853,906297,66125,972201,45,12
540991,593105,325913,753422,21,2
146088,728609,51315,951652,45,29
13394,941716,125240,642360,25,46
16510,932246,156130,898062,37,45
211531,902669,598432,603400,0,34
298644,626121,32837,690685,32,16
644831,800142,119876,494614,18,7
24814,522422,87806,892510,40,24
5583,955868,41212,877642,41,47
79215,87729,28206,802512,38,0
45939,856238,73192,614073,27,40
215439,520918,104394,507940,20,15
345554,728207,546037,575202,1,19
37801,508305,14673,991209,48,23
51489,802457,259606,747915,24,37
58898,626233,457232,968483,25,28
151280,790013,649300,725513,3,31
633984,655731,128476,991300,43,1
304273,330667,126129,698465,28,1
94065,992278,152798,964118,40,44
555834,873055,97608,900662,40,15
247991,507923,202070,867959,33,12
308640,822436,111608,876064,38,25
35158,993580,313678,776412,23,47
184172,219872,648363,686970,1,1
209087,717721,73665,869876,39,25
72674,853983,390404,800343,20,39
830432,964579,9367,914983,45,6
265590,942962,2111,878702,43,33
240754,759433,732815,753427,1,25
289539,967311,71458,402107,16,33
228770,313627,688273,786681,4,4
827068,846606,7577,997355,49,0
124954,807949,82357,999632,45,34
650222,915891,436367,545508,5,13
407944,845302,4324,854692,42,21
410513,462027,104410,797567,34,2
83635,179944,41695,370205,16,4
147205,815810,173880,782412,30,33
130723,669018,23432,991135,48,26
276067,956851,5154,996274,49,34
310390,797082,28613,804487,38,24
420703,974138,217279,670934,22,27
232271,552105,399697,999566,29,15
256392,972366,2810,974922,48,35
391395,954105,258739,938784,34,28
134590,961583,76910,896840,40,41
222286,535120,3006,885929,44,15
255674,667647,35269,913986,43,20
4116,997890,305672,920438,30,49
59287,902108,108304,210696,5,42
431815,465459,289497,780516,24,1
471050,706279,6134,31659,1,11
552660,908497,287759,837370,27,17
54096,709850,16624,989070,48,32
176882,974432,197612,597330,19,39
30963,887531,2608,664306,33,42
1592,317028,468220,758555,14,15
402717,728661,337177,471657,6,16
189169,195730,462759,961237,24,0
24997,962301,452304,788240,16,46
360843,408178,390408,781379,19,2
541360,823199,284904,339889,2,14
601355,990422,43772,948700,45,19
249381,748463,51179,962951,45,24
658769,813475,8815,568758,27,7
89576,935349,26648,953951,46,42
196830,279927,367470,428467,3,4
451054,779693,133144,495779,18,16
145241,487339,451095,735228,14,17
264201,851862,358603,888612,26,29
278883,742974,593744,600356,0,23
307147,384946,495085,958304,23,3
160237,921241,306952,814533,25,38
2728,841182,33303,972729,46,41
603990,933484,502339,644661,7,16
151814,967215,63262,807644,37,40
84626,856001,6086,994583,49,38
1439,999867,592077,859085,13,49
26682,974662,722336,929850,10,47
82632,890746,243438,767358,26,40
425982,777845,11410,636527,31,17
48896,151841,615945,880587,13,5
120159,323487,92257,482320,19,10
282114,718519,275156,377849,5,21
20816,868563,29429,992928,48,42
92840,671688,637623,640712,0,28
245344,380688,252667,874174,31,6
303222,583799,116736,852596,36,14
158073,412917,105885,849219,37,12
51660,803559,32770,960430,46,37
128339,666534,21961,721198,34,26
811452,951067,87432,231581,7,6
72404,733629,8522,988721,49,33
363166,582851,39549,529454,24,10
24930,585668,337927,683336,17,28
462896,955417,551433,863401,15,24
89951,683777,84031,568346,24,29
325443,767231,496431,744906,12,22
762233,770261,124424,299570,8,0
39723,987965,81143,636769,27,47
3815,928661,169992,887140,35,46
152160,860814,23163,476313,22,35
15157,962921,574452,848031,13,47
319414,705581,38191,817849,38,19
41950,346056,76763,299430,11,15
476003,604098,125508,892920,38,6
790009,935238,2993,920010,45,7
25457,569573,105975,882029,38,27
45429,554366,474024,609195,6,25
140358,860987,32428,266741,11,36
315505,852180,203491,924670,36,26
23021,966178,414276,975287,28,47
296023,993065,671279,995763,16,34
221690,712310,21619,888825,43,24
18709,986872,385147,959079,28,48
126313,887112,2562,336630,16,38
175375,772027,393431,399004,0,29
248694,863240,4651,972543,48,30
156029,969368,628017,807075,8,40
8998,300712,24885,985408,48,14
317534,716684,102211,944807,42,19
304036,980504,398326,972879,28,33
360068,641999,205299,324866,5,14
713459,786962,234121,449165,10,3
369297,403236,627328,800357,8,1
340447,862845,531409,819875,14,26
62576,921886,498448,845956,17,42
946890,980018,671272,776398,5,1
486432,791611,336439,592533,12,15
293520,441464,263705,378646,5,7
449162,994983,148720,932060,39,27
21655,998680,92039,232442,7,48
305264,448721,40430,557807,25,7
109005,569121,90407,486890,19,23
518699,999545,52227,286213,11,24
29942,513332,119056,252710,6,24
39456,974379,323247,932858,30,46
482074,752825,209688,599359,19,13
13918,824226,108118,958997,42,40
362672,415195,5981,918048,45,2
812195,944356,134259,744357,30,6
153397,522521,300388,634041,16,18
636698,641041,78051,917891,41,0
594608,686109,235975,783132,27,4
103303,691196,57317,995889,46,29
96041,926732,206198,961472,37,41
575121,949539,272988,947627,33,18
51509,916291,475761,929983,22,43
12336,998640,922295,990050,3,49
457823,490502,8640,943943,46,1
582816,828160,195699,984289,39,12
605013,901398,131310,542854,20,14
85713,226772,19843,854053,41,7
253591,818827,154029,444751,14,28
250749,830402,372608,824139,22,28
258770,911191,239508,994413,37,32
138107,433882,109440,925497,40,14
31655,666327,118562,791686,33,31
1868,985492,60246,750705,34,49
546748,785019,29216,947004,45,11
706816,979460,2768,373766,18,13
206778,832289,776655,897974,6,31
341573,562676,159502,701921,27,11
93316,423414,7723,993403,49,16
94159,747832,473200,636459,8,32
51714,476405,466721,492005,1,21
305956,849864,316577,335522,0,27
164119,814850,853034,854722,0,32
180920,910728,49788,571497,26,36
345548,615477,196886,877706,34,13
53871,945516,62837,283812,11,44
42777,180915,668421,834012,8,6
58440,973928,278201,857659,28,45
917412,943027,356254,476740,6,1
161463,286276,934283,968015,1,6
152888,631564,137149,855379,35,23
70321,872597,35612,949898,45,40
2055,999801,31896,960699,46,49
96175,816440,340830,955111,30,36
2212,879415,35228,747052,35,43
329606,982584,314680,652393,16,32
67989,226723,226639,864102,31,7
478032,843032,6413,997418,49,18
112051,180304,321561,645362,16,3
131374,826319,14172,810816,39,34
160927,899848,31729,945501,45,36
22385,882339,584983,850975,13,42
100715,508302,1563,982438,49,20
77244,671830,271014,877751,30,29
69901,73457,257858,836165,28,0
450528,962599,50099,983425,46,25
707249,943412,200630,612218,20,11
47076,85837,297815,810762,25,1
19783,69468,434459,845867,20,2
181462,820201,673032,995355,16,31
336441,590542,74936,199777,6,12
175696,956163,189065,669430,24,39
377148,944191,3877,710026,35,28
366863,626147,385854,621642,11,12
475323,832425,444177,899435,22,17
79985,884525,48126,388668,17,40
162058,968061,40108,878529,41,40
484565,897982,653759,654716,0,20
102533,947202,77658,378562,15,42
256115,396247,237992,406389,8,7
45600,829345,148747,361451,10,39
242697,868308,71877,973716,45,31
96662,873905,5665,959250,47,38
18552,855487,290891,526767,11,41
281924,837866,60773,954424,44,27
18399,353994,297803,782589,24,16
177281,723306,181495,456951,13,27
425546,825081,156766,972100,40,19
256047,650948,288402,866914,28,19
70925,401800,32868,986677,47,16
384495,830693,135007,289735,7,22
516920,836542,161959,532050,18,15
370211,853070,288824,550420,13,24
687426,998789,260930,833569,28,15
134303,811852,131029,686582,27,33
459971,694858,285421,802183,25,11
605657,928592,92549,545588,22,16
226982,508758,137506,671247,26,14
135515,918507,233761,883921,32,39
15246,16142,362199,882318,26,0
193599,245980,330890,617301,14,2
409713,991564,18680,982943,48,29
178461,362768,404545,707926,15,9
65372,789289,260202,301043,2,36
280913,427715,123026,860768,36,7
847329,951607,72497,566781,24,5
539693,991944,455437,777229,16,22
406358,925661,12250,861665,42,25
461089,695387,27501,882643,42,11
1517,995982,293646,889965,29,49
81846,894851,98325,993020,44,40
841162,970993,671593,773829,5,6
29308,967793,68131,756758,34,46
314192,505865,162316,900764,36,9
69627,912663,330345,979522,32,42
105388,919475,299088,584107,14,40
385908,891984,118097,371036,12,25
231872,373715,318783,405253,4,7
151367,766647,268422,817060,27,30
299136,984545,5359,968148,48,34
28442,914121,304353,993533,34,44
125460,775825,1995,934876,46,32
119804,202732,17632,630214,30,4
461310,574376,629964,787375,7,5
445443,869703,504215,756900,12,21
6782,997209,510004,730090,11,49
123835,772936,184819,812529,31,32
500076,840896,803422,942975,6,17
74633,837959,534545,718130,9,38
212652,253260,6220,938684,46,2
192266,813942,380184,986227,30,31
75062,970644,448527,527815,3,44
965028,965750,148884,306495,7,0
476294,756737,89078,635099,27,14
679890,964263,155875,762759,30,14
271005,765099,22589,769525,37,24
66847,955327,162333,328870,8,44
180724,870185,25478,953126,46,34
352562,987451,308112,474666,8,31
128728,742388,796459,836245,1,30
361433,569430,10732,977372,48,10
40422,318487,109019,408968,14,13
293725,936960,120400,716719,29,32
153304,398212,365262,804128,21,12
146691,808563,377786,390659,0,33
146369,982067,484584,975480,24,41
379226,577307,298483,701331,20,9
1831,739645,14896,990900,48,36
695745,907311,301679,619702,15,10
57807,926669,463985,884281,21,43
179562,294093,598636,799477,10,5
170954,583481,523534,958363,21,20
345368,484108,27289,42804,0,6
47877,915911,9660,871450,43,43
82340,746175,172630,889835,35,33
279850,758019,435947,566000,6,23
180528,803198,55098,760444,35,31
87840,959358,129582,404631,13,43
35953,857476,2829,842275,41,41
174863,891769,18016,975776,47,35
792652,895582,335377,902246,28,5
45050,802870,415067,525924,5,37
116659,226417,450746,952351,25,5
306971,794833,333853,819511,24,24
209751,900857,131145,598144,23,34
56088,932947,25852,962994,46,43
275767,992494,318267,946483,31,35
16282,987665,19267,958194,46,48
101797,906505,927141,968797,2,40
3841,790192,99901,178423,3,39
12801,996448,107660,911356,40,49
226526,563228,74356,477521,20,16
37516,342320,58360,546789,24,15
116809,559350,362365,660444,14,22
39810,784962,345898,713871,18,37
260261,876346,70134,995123,46,30
324533,936469,46288,912859,43,30
666060,709958,58901,839713,39,2
493189,922057,42,757156,37,21
749346,860198,164790,782412,30,5
70982,613141,21607,588986,28,27
124367,523569,10597,939091,46,19
4667,997846,135754,874893,36,49
484733,745721,142964,892711,37,13
52011,892059,256913,866107,30,42
133779,937844,348067,943888,29,40
30876,869390,110706,975153,43,41
45389,990874,85675,965132,43,47
517477,983200,38543,994259,47,23
868293,871451,62332,992322,46,0
99508,922168,189732,977698,39,41
300500,606735,644008,998100,17,15
57858,974494,51609,446154,19,45
179716,888057,78623,965517,44,35
76556,529328,229797,979113,37,22
100111,750258,300058,745694,22,32
81371,796103,227037,969806,37,35
60881,751935,198938,504725,15,34
483822,565121,28659,949653,46,4
209432,551986,158439,884283,36,17
44237,732428,94142,791995,34,34
249071,320860,9822,631697,31,3
240607,831960,99740,794178,34,29
253125,927286,492856,778253,14,33
53159,95255,28599,971044,47,2
242767,703326,615397,838314,11,23
36890,712282,51996,981397,46,33
89573,979362,820379,967189,7,44
263723,938288,518471,717057,9,33
97937,853426,443278,579280,6,37
192956,973293,65524,380157,15,39
603539,905535,83326,410752,16,15
75764,161381,457789,896568,21,4
249566,815990,27441,953568,46,28
128264,794017,240949,899470,32,33
278976,662007,214242,591563,18,19
777028,965354,802249,882459,4,9
40545,943485,416902,509219,4,45
32374,888765,90698,329283,11,42
20315,144941,377112,466326,4,6
367032,493915,55586,622894,28,6
422034,975877,346647,426948,4,27
4765,257073,772823,984299,10,12
454897,611896,48352,518586,23,7
225859,725880,216019,952345,36,25
283914,921229,24694,757342,36,31
821384,971536,508478,947014,21,7
125613,849825,291276,367723,3,36
80668,778837,361140,442254,4,34
161364,944730,296468,909035,30,39
317147,954193,378310,459238,4,31
33264,951901,73098,964660,44,45
78159,639924,338890,967765,31,28
139035,950126,67764,103549,1,40
1978,893813,176725,485699,15,44
518179,785153,165491,599211,21,13
268132,624641,11331,792346,39,17
27227,552806,165649,779050,30,26
202389,548793,137139,964323,41,17
611961,672198,70784,832062,38,3
35158,999846,98175,723462,31,48
380871,732553,213194,892516,33,17
785813,988627,7518,859280,42,10
232085,927653,805179,831290,1,34
7169,896923,3331,873590,43,44
11336,993387,379689,931191,27,49
43438,785379,253532,324663,3,37
36075,972238,110395,784012,33,46
462573,882300,108214,648390,27,20
281566,467639,51560,889356,41,9
66347,857690,194672,302537,5,39
720038,965689,302658,792830,24,12
5104,545596,252,986069,49,27
314028,528263,676780,889427,10,10
398867,426506,289373,637566,17,1
314805,763073,295157,843672,27,22
104550,973221,114298,404847,14,43
49481,230887,529258,600670,3,9
224146,502023,52742,454850,20,13
281930,525985,178414,539275,18,12
75320,669388,150898,863473,35,29
124394,769825,67437,911317,42,32
122061,623125,94678,649059,27,25
61914,946945,93724,214563,6,44
539984,750784,519026,845962,16,10
83148,990334,2747,993815,49,45
55455,490871,4789,911775,45,21
31508,973174,107822,609044,25,47
44639,843677,67305,974425,45,39
279310,992944,33056,865708,41,35
345195,896040,34258,905788,43,27
310865,687266,654096,934862,14,18
634489,731490,33723,982474,47,4
49023,582891,298735,889888,29,26
110547,818475,61942,962277,45,35
55752,990022,352640,848833,24,46
61325,596842,74797,644283,28,26
62747,957780,364869,465159,5,44
186666,326199,259968,524432,13,6
135749,881141,107416,772904,33,37
26893,831588,506674,738783,11,40
192088,861804,5251,982281,48,33
220232,993638,237661,592907,17,38
200660,939057,8601,996456,49,36
81372,932977,162040,883610,36,42
593782,841979,704800,993292,14,12
317593,893284,33082,995751,48,28
39866,201015,102143,924550,41,8
480477,741939,42634,700471,32,13
714482,791752,186509,994877,40,3
435337,762453,183606,610662,21,16
141401,930024,260591,951048,34,39
364333,379956,332838,781508,22,0
525653,721954,9428,625682,30,9
141601,163375,132562,883433,37,1
409533,777143,260308,711593,22,18
110130,636639,354671,572892,10,26
21847,863221,309872,762270,22,42
271818,306889,953929,962493,0,1
555263,957505,98799,888489,39,20
614726,858306,186597,803378,30,12
393178,644758,211330,384833,8,12
155170,606418,40333,86097,2,22
862506,868072,47211,839978,39,0
367274,557332,593232,971889,18,9
86063,790062,338882,674329,16,35
60977,831613,99478,815158,35,38
776497,895421,17077,931920,45,5
565563,791492,355457,830042,23,11
123280,512456,236486,552314,15,19
519400,626521,553241,973873,21,5
56212,847888,205702,385565,8,39
24723,939794,268683,760765,24,45
532615,927905,363854,472534,5,19
152415,983282,67933,953134,44,41
103209,960164,214344,276199,3,42
65287,930321,410681,950712,27,43
17656,987260,444208,714280,13,48
109622,799092,613910,783087,8,34
502903,536352,164815,851828,34,1
244814,957543,150286,751965,30,35
22029,451364,683612,833078,7,21
471460,527080,442170,809257,18,2
168946,495684,311839,919318,30,16
5341,982146,197301,872810,33,48
10536,809005,313371,991756,33,39
194892,547889,905440,965597,3,17
223191,275149,509834,776876,13,2
56061,192792,4491,981845,48,6
307341,796369,389071,761508,18,24
38367,864780,249325,282097,1,41
151934,786757,121963,667093,27,31
437384,896424,849009,931757,4,22
140742,395494,31617,915981,44,12
2624,482824,125091,948241,41,24
29563,987238,928842,995531,3,47
154389,965250,259095,574944,15,40
96362,801719,133126,652931,25,35
218994,539946,512499,812535,15,16
106687,652366,70307,482177,20,27
284758,916915,436451,626035,9,31
185902,457005,55607,98584,2,13
193794,802465,651755,727491,3,30
4299,948099,120806,511173,19,47
136008,970107,433306,774808,17,41
168814,971909,2781,940593,46,40
54380,841996,112378,264659,7,39
148003,812603,276038,482834,10,33
170344,246862,228254,391499,8,3
34510,685466,518413,699135,9,32
959450,973366,730376,746109,0,0
218101,824510,599467,639761,2,30
393870,938026,628004,946641,15,27
694629,870253,4588,996038,49,8
2810,75300,240717,798210,27,3
368997,925904,417465,898894,24,27
396459,496407,10218,692667,34,4
643611,848063,45962,459941,20,10
28369,974697,269654,550343,14,47
92627,989102,268740,509169,12,44
321644,948826,6667,934035,46,31
587493,834238,25375,304459,13,12
53533,943502,341643,622706,14,44
88488,782429,12619,750073,36,34
10130,904936,19024,800206,39,44
39169,989072,18668,985485,48,47
31936,637400,20668,651599,31,30
289785,544044,499209,894393,19,12
75650,954422,592935,596182,0,43
43460,952796,144270,314632,8,45
343328,903607,366610,744141,18,28
258219,506907,149844,796263,32,12
158940,922242,365702,510810,7,38
809692,951377,912655,944898,1,7
383095,762351,455116,496894,2,18
49116,323307,593043,665568,3,13
69050,215361,164801,369687,10,7
26345,637383,306531,682091,18,30
275496,451765,303142,694145,19,8
762230,987303,13453,829071,40,11
214977,650584,196077,632930,21,21
55596,568098,296535,699862,20,25
127799,801470,472453,920700,22,33
233324,990856,360178,773625,20,37
240176,743884,429989,911679,24,25
29714,144509,49142,905988,42,5
72129,932311,69343,369688,15,43
104043,701110,197533,611570,20,29
329821,988118,421336,999961,28,32
206982,717695,109703,252152,7,25
296858,471522,573932,655512,4,8
319290,861874,294946,805444,25,27
27631,976699,429455,772754,17,47
847825,928137,808526,938539,6,4
55443,636941,455439,819527,18,29
610900,998429,342874,754391,20,19
261608,432527,342062,443331,5,8
665552,719976,303835,929956,31,2
131509,727150,785008,865312,4,29
107244,432812,464912,694851,11,16
107035,978400,820291,957067,6,43
819,979511,220455,988209,38,48
444433,756618,105530,952885,42,15
481415,591327,94069,836343,37,5
543567,906427,198111,337795,6,18
135460,534145,49436,938439,44,19
223355,309890,87169,893235,40,4
330281,345986,141861,859923,35,0
407595,702037,283605,311215,1,14
20076,254026,734006,745396,0,11
96121,945700,46088,746683,35,42
288938,648003,106681,308817,10,17
153855,491569,539465,806580,13,16
192616,595784,146058,308662,8,20
287099,952545,731621,906344,8,33
170564,577591,65367,816534,37,20
153351,914265,330448,865441,26,38
412663,464355,291968,947001,32,2
27816,997975,224595,714461,24,48
12594,797363,16883,993039,48,39
224612,505006,95630,740934,32,14
717258,735597,2339,258149,12,0
257366,494228,322345,456995,6,11
108457,641769,533469,551681,0,26
16197,935383,68313,513747,22,45
127662,989985,105103,491630,19,43
368941,678839,24347,988629,48,15
372283,387026,521114,738704,10,0
201190,883352,444658,831112,19,34
331312,967660,31558,993255,48,31
394648,843592,324704,787068,23,22
876840,891216,61225,474135,20,0
60059,343869,875526,998737,6,14
20025,993427,34540,284515,12,48
254020,687023,45799,591537,27,21
141577,372918,70053,377544,15,11
61906,333642,646126,786784,7,13
102777,583745,535002,961245,21,24
328632,979285,84676,847155,38,32
206862,708053,19080,83247,3,25
881674,895917,77153,980575,45,0
95944,999479,350510,754407,20,45
238271,805842,475797,793364,15,28
234855,260559,70151,729147,32,1
251916,876014,377923,423786,2,31
612854,934806,363968,994577,31,16
476216,564992,542,996320,49,4
168524,823389,42861,958348,45,32
39800,770206,649708,762787,5,36
152433,858258,163005,734859,28,35
64079,707345,353655,748602,19,32
364067,888256,359653,853045,24,26
67283,628035,25407,928621,45,28
181963,930809,427691,974796,27,37
371002,693321,819113,851689,1,16
66669,845869,518729,744447,11,38
35876,989326,374724,523912,7,47
579618,968489,194945,583390,19,19
214444,989501,88459,160258,3,38
27880,621970,682075,989153,15,29
135560,856291,583263,945999,18,36
365483,587191,664070,828574,8,11
13052,999269,315480,609605,14,49
201849,622624,514664,988568,23,21
258531,275324,227620,916679,34,0
626924,898764,349646,355390,0,13
195206,968560,155944,795914,31,38
8979,875514,68395,557711,24,43
156060,921853,276026,861538,29,38
165286,641498,84139,414616,16,23
83920,93164,93899,219023,6,0
316648,912777,224242,515870,14,29
489157,937337,32901,899119,43,22
37722,969453,571291,986100,20,46
6431,620598,360207,958202,29,30
430669,613635,396734,985497,29,9
112562,880584,533123,816207,14,38
358308,979190,194458,337868,7,31
162455,967261,700473,843276,7,40
123515,656930,189180,600351,20,26
188674,886751,65319,624444,27,34
415184,867600,62055,448508,19,22
769725,810770,47135,220492,8,2
713543,775135,9646,944818,46,3
137679,976691,134963,280718,7,41
271872,595803,122237,959540,41,16
5377,380055,186668,804985,30,18
257407,398113,21113,963832,47,7
514104,567679,314390,661868,17,2
566802,841897,310576,779097,23,13
210158,847362,331145,820121,24,31
180114,205607,283774,510889,11,1
469061,650412,143243,922654,38,9
40639,997939,370808,495701,6,47
62769,267287,304084,659645,17,10
82285,663168,148893,712444,28,29
530235,552274,180379,624247,22,1
44173,979719,8591,914024,45,46
8961,962395,577152,996011,20,47
41580,476691,483328,530130,2,21
731058,823255,33905,999508,48,4
459037,823623,3113,980276,48,18
393509,984438,82312,898394,40,29
537664,896762,162201,343853,9,17
12434,722149,166006,815193,32,35
155945,851266,437453,568775,6,34
200395,913351,720626,939064,10,35
42908,782351,734574,979691,12,36
299170,877161,451602,721100,13,28
167135,953564,376401,399112,1,39
98211,874475,39705,971584,46,38
9818,616489,317345,541524,11,30
48636,941940,61433,999900,46,44
72565,985482,329844,949149,30,45
68863,807196,712249,987355,13,36
148248,329362,52510,857995,40,9
32961,966214,239,208368,10,46
216267,660045,182275,821982,31,22
217101,979952,282305,741327,22,38
163221,938569,324613,930663,30,38
515442,584302,344157,994860,32,3
44307,884430,142791,671262,26,42
450754,892187,65039,880224,40,22
648595,919788,737217,965270,11,13
391035,425015,60096,275140,10,1
12720,929329,287844,801637,25,45
201970,777032,37978,867535,41,28
14254,949589,660115,792742,6,46
154819,959296,475139,971328,24,40
428613,816244,363926,493557,6,19
189791,820340,331417,547485,10,31
104472,522260,5636,979525,48,20
506495,990369,483212,766743,14,24
144786,841384,20680,505265,24,34
84546,866359,123526,128698,0,39
169267,778576,359826,515000,7,30
167287,959618,245387,817202,28,39
123805,961263,9528,980044,48,41
31691,601889,98786,739883,32,28
401074,677551,330852,678145,17,13
4206,941039,948740,959119,0,46
525412,795259,186618,914669,36,13
666054,685649,47894,101140,2,0
226784,592421,413214,725772,15,18
6977,952223,314621,915920,30,47
70023,907273,154452,622313,23,41
348992,643604,374220,591476,10,14
586261,670728,13364,552754,26,4
398301,985071,56112,276696,11,29
165599,990181,272639,873570,30,41
215821,981769,534916,898985,18,38
325781,553272,212268,941622,36,11
37384,284884,619886,731135,5,12
103258,924982,369728,573641,10,41
5757,930894,28348,894789,43,46
4316,996462,33591,906636,43,49
40545,988274,621419,864910,12,47
464856,717226,216605,934961,35,12
9645,947101,238099,504982,13,46
312450,805850,337536,914301,28,24
188056,997626,1425,980956,48,40
22546,961665,341821,986003,32,46
370874,968377,87089,961881,43,29
716438,845518,33408,900205,43,6
305633,544898,31281,471904,22,11
458353,888078,71101,835948,38,21
107845,457301,42918,999203,47,17
18130,750658,84305,809040,36,36
114637,942661,798558,838880,2,41
470953,941084,1897,992951,49,23
39541,339520,562240,953204,19,14
408131,872669,81075,898963,40,23
3951,832764,172177,865234,34,41
144294,938324,32749,984253,47,39
534465,692454,144607,800859,32,7
24977,724760,121452,997125,43,34
463058,541897,74977,926823,42,3
71188,624944,776605,941253,8,27
128176,839531,479743,517219,1,35
350802,631206,163761,363009,9,14
116352,745302,124622,994490,43,31
32273,996847,167644,991643,41,48
283810,554663,15810,827602,40,13
445449,992216,877433,940257,3,27
942541,972000,522871,931732,20,1
713934,988493,20202,109569,4,13
30850,739787,152433,925141,38,35
815380,885684,326907,470145,7,3
158020,410110,107641,972373,43,12
104392,688563,3398,987001,49,29
68652,589628,226759,259831,1,26
11400,896709,182003,374084,9,44
870747,959513,839245,867692,1,4
37847,231197,50748,404112,17,9
349568,724586,122418,977634,42,18
53219,994550,201060,382901,9,47
90525,901878,689582,792904,5,40
142958,696709,164506,913447,37,27
3913,982554,20090,869414,42,48
123378,849745,94069,268580,8,36
19937,956298,20717,122029,5,46
337296,720591,21644,77642,2,19
418800,773598,95858,442337,17,17
16573,998397,462517,580400,5,49
399235,857513,682655,819203,6,22
752896,943606,145661,149048,0,9
246062,518728,283244,833667,27,13
335784,351350,18527,694137,33,0
458959,951621,138162,683154,27,24
6008,977778,315016,824730,25,48
47863,940086,325298,791420,23,44
228757,550866,108152,815535,35,16
156154,931487,143670,966307,41,38
347166,818491,11946,71394,2,23
70527,962468,506573,892647,19,44
192405,887486,234574,877200,32,34
6581,921978,154067,458461,15,45
98292,925254,113366,179520,3,41
668063,707196,60510,909116,42,1
108818,461584,19497,713467,34,17
119435,738063,85872,473619,19,30
453649,570261,34139,660181,31,5
220240,848903,201068,233444,1,31
102195,899882,105126,926799,41,39
512636,727736,180888,719391,26,10
367677,976186,4253,889153,44,30
37443,206272,105638,859473,37,8
2888,450045,133447,968317,41,22
109628,276070,168032,934399,38,8
513036,576750,81922,917158,41,3
84047,909145,36490,944977,45,41
202079,579533,32536,974089,47,18
368267,607812,1309,774021,38,11
162596,989785,511670,902054,19,41
351607,464502,9928,904663,44,5
225640,412622,341523,681330,16,9
131046,762759,298938,728611,21,31
657212,745204,169865,960761,39,4
29204,928855,11889,917696,45,44
281260,866337,843234,987361,7,29
88140,942502,122690,446570,16,42
41563,997607,198771,298924,5,47
793817,964993,660331,973140,15,8
112474,850626,298144,784140,24,36
249252,368586,738742,862258,6,5
146753,281899,217873,949964,36,6
107369,887359,513763,639175,6,38
991,999581,278637,430488,7,49
236685,981552,356879,778512,21,37
448327,595416,110898,957034,42,7
16198,550429,520455,888353,18,26
136406,516092,204777,392264,9,18
68134,742000,710134,969940,12,33
525917,582061,77215,907219,41,2
708671,852803,463037,778129,15,7
119588,830141,125956,257623,6,35
44866,785148,37000,364312,16,37
28703,924013,185772,463035,13,44
285047,568931,470971,959344,24,14
726731,892448,6335,981194,48,8
1080,995497,11423,100014,4,49
56060,80613,396754,863288,23,1
834193,936502,791275,829762,1,5
424077,903711,124315,861603,36,23
667000,720398,3322,885698,44,2
7341,985642,219423,999458,39,48
3311,756248,49992,839005,39,37
359175,507576,202831,870405,33,7
6839,959539,138769,788559,32,47
276893,762287,35468,39818,0,24
505050,653653,187009,574491,19,7
162459,821187,138991,673667,26,32
116530,980154,237099,881380,32,43
192131,577958,613183,712362,4,19
154383,979508,181840,943665,38,41
242659,876851,65434,645034,28,31
296496,669454,196485,623640,21,18
57751,237856,107411,405193,14,9
79688,965635,94747,809432,35,44
394496,862707,77415,897752,41,23
394920,416283,8645,255899,12,1
593383,960244,499792,718675,10,18
585376,869653,18095,957977,46,14
86653,933054,278541,865498,29,42
566426,904428,206960,800279,29,16
500789,694283,153943,782396,31,9
44985,539469,290439,770429,23,24
2584,426229,724250,906245,9,21
9246,186889,836510,891106,2,8
490812,784561,180289,974108,39,14
406301,572326,564229,575551,0,8
32129,976554,537105,857789,16,47
340286,380329,11058,171026,7,2
72360,831198,382410,671047,14,37
84706,228549,182807,986379,40,7
103043,943479,27144,540011,25,42
11534,453129,489971,793565,15,22
90947,203168,516624,957464,22,5
91789,430625,337689,546635,10,16
25100,958408,14980,993022,48,46
150910,892579,138835,305495,8,37
921540,936069,11267,978425,48,0
104712,637579,177657,611075,21,26
228148,896727,7880,862095,42,33
17464,631996,348532,868816,26,30
179151,936853,114007,925893,40,37
418529,522658,6328,805149,39,5
540065,676885,86595,936756,42,6
55133,914102,65905,909935,42,42
320546,334817,151892,545772,19,0
123486,222594,210059,971418,38,4
86765,174920,281651,554320,13,4
317315,734351,223559,876926,32,20
827608,997541,119256,701888,29,8
695592,975101,125978,986740,43,13
237747,968795,207644,975667,38,36
436535,951428,12196,975968,48,25
85832,589892,204451,572445,18,25
107399,763973,598807,966718,18,32
169286,534420,536030,795045,12,18
140528,780185,153123,618700,23,31
148974,717768,8743,994878,49,28
57071,194806,108213,893825,39,6
198137,969474,482452,700185,10,38
98304,714885,32560,608573,28,30
112412,803329,769417,869939,5,34
117890,624457,604918,827061,11,25
46652,991164,91188,889316,39,47
38201,993260,18262,913301,44,47
399533,498278,127689,693658,28,4
86513,193443,587451,973775,19,5
254566,622991,109097,982815,43,18
450137,763333,15763,692769,33,15
213208,805550,11298,222433,10,29
230034,911301,100137,935176,41,34
248483,272129,395434,579168,9,1
592817,823842,300737,985216,34,11
555239,925633,811034,843612,1,18
251773,952445,1213,412771,20,35
599570,957281,35498,504910,23,17
259388,479791,93033,244360,7,11
36279,722555,693617,937128,12,34
622655,880078,4915,977820,48,12
357261,948973,351413,535423,9,29
192846,814697,378145,629553,12,31
711586,793042,635329,925338,14,4
129057,984930,918969,959194,2,42
73040,592490,13721,879957,43,25
212387,634322,496785,835490,16,21
54537,480459,34098,989009,47,21
290979,999091,51074,988992,46,35
928739,938862,541373,978335,21,0
401766,425249,88996,892177,40,1
58761,591739,63565,989159,46,26
130346,355833,157290,869373,35,11
397684,762916,80575,989414,45,18
272302,880372,576517,825644,12,30
448663,677306,222,992806,49,11
322135,628595,61885,772712,35,15
53811,978266,212184,398358,9,46
10834,220576,72934,970256,44,10
425596,459563,5596,993897,49,1
126579,899280,24418,288086,13,38
92793,985748,5587,975675,48,44
344872,619599,403,968146,48,13
355922,450517,427842,596976,8,4
130141,563443,50711,572505,26,21
10534,334771,265831,998263,36,16
81494,881673,282093,362231,4,40
163121,981316,184028,842880,32,40
469741,799153,127142,889926,38,16
240538,399737,152443,720158,28,7
746170,931050,15551,984900,48,9
312588,613200,471227,853478,19,15
443383,762642,29594,500797,23,15
917168,956586,31305,652564,31,1
262311,648220,127251,881715,37,19
90137,836051,359075,404107,2,37
186793,806668,148337,996438,42,30
37660,736709,202758,972505,38,34
221847,630494,487602,739290,12,20
24908,978605,30444,658755,31,47
651652,964556,527979,661184,6,15
849705,980524,344305,702778,17,6
40314,770279,289787,950996,33,36
88807,946970,49920,996548,47,42
316719,875012,712157,850851,6,27
69178,941543,161744,270860,5,43
358561,664691,212817,771899,27,15
609640,887476,100975,763942,33,13
335536,857751,65726,329565,13,26
245929,723010,495269,599416,5,23
64519,929328,281450,783222,25,43
87354,793450,142933,190294,2,35
227993,969152,162651,797056,31,37
381974,598627,109884,752759,32,10
606850,732462,615502,839041,11,6
131985,974065,64312,957825,44,42
599241,890386,32151,867980,41,14
265751,991632,52864,929337,43,36
405050,458110,467481,710593,12,2
28778,902294,8157,895116,44,43
566460,915062,89601,208691,5,17
615896,975215,667274,977118,15,17
70318,714925,466656,761367,14,32
117412,948257,33893,986341,47,41
223350,926378,713035,989082,13,35
98647,695349,437431,941765,25,29
5373,999769,60068,975169,45,49
150933,464687,16996,942391,46,15
76002,990158,229795,294919,3,45
35357,905887,187645,233813,2,43
612345,868662,301220,839287,26,12
383326,983056,94084,141265,2,29
244201,850613,34264,814393,39,30
27770,973025,43453,788792,37,47
135166,594822,371778,651385,13,22
725736,803460,1414,998924,49,3
412105,703147,22554,446180,21,14
29405,840233,22879,297910,13,40
441291,876057,321677,492767,8,21
2578,796342,4275,987034,49,39
191583,470723,128384,834501,35,13
252999,655505,58466,891995,41,20
34053,806125,138193,793827,32,38
95389,252035,141634,381065,11,7
162911,960669,464243,711702,12,39
63338,988418,165094,240825,3,46
88704,225998,59287,752011,34,6
284090,363469,25410,994150,48,3
14493,985315,52605,646667,29,48
257615,935564,6026,640216,31,33
328883,501699,191900,378153,9,8
103113,967530,35232,813585,38,43
807702,988256,388095,864482,23,9
817380,971440,4869,977165,48,7
231180,485276,35643,801140,38,12
14631,889399,857573,882236,1,43
545343,627217,411992,793592,19,4
289931,393973,379703,922890,27,5
242500,838255,409228,861077,22,29
815332,862419,2523,772345,38,2
423550,857274,312002,441536,6,21
155108,842015,45110,712931,33,34
382519,834179,117679,570750,22,22
20348,993124,187498,729615,27,48
262450,949904,329251,386973,2,34
121306,961404,575624,985913,20,42
268771,680715,589550,862019,13,20
68995,958511,500617,940295,21,44
35167,128428,182319,820357,31,4
46281,968183,91389,982130,44,46
89291,627396,525176,590114,3,26
384503,986180,36254,710845,33,30
210652,953401,33044,384574,17,37
482546,966195,779,998182,49,24
5224,942836,21979,832545,40,46
351113,650455,60359,804299,37,14
216866,577464,15871,781723,38,18
208674,368847,223386,870238,32,8
242604,582847,325879,547472,11,17
45658,964473,288558,945785,32,45
256091,909544,451844,690795,11,32
30991,785134,185290,955740,38,37
198867,260757,117099,999844,44,3
195596,832987,182500,475659,14,31
152197,973924,555239,976064,21,41
51481,92344,888552,911887,1,2
267172,877751,723459,886874,8,30
565782,923377,78496,594039,25,17
339555,969146,151501,920529,38,31
102895,172262,267,947162,47,3
831953,938461,44750,997193,47,5
277873,374750,128514,780288,32,4
54935,838277,645914,697579,2,39
123724,916825,440630,981985,27,39
366949,453161,108186,967312,42,4
123665,880184,267839,725638,22,37
94547,863274,434205,981786,27,38
509435,946613,362246,750824,19,21
6414,991544,296184,973461,33,49
304328,691374,113508,706926,29,19
570298,900938,48889,938050,44,16
307311,618575,152952,986409,41,15
123405,839498,97757,685120,29,35
89184,451156,64746,812983,37,18
595929,800062,95569,603540,25,10
98285,743370,253014,767597,25,32
180777,868943,20043,876655,42,34
601566,963744,158165,970057,40,18
89953,762204,233373,914988,34,33
498360,570368,187656,986030,39,3
83562,797848,28640,750675,36,35
109090,651820,101162,760312,32,27
70400,892429,592181,925085,16,41
60085,312363,700188,742754,2,12
43734,499294,235798,775790,26,22
110175,672920,573108,623440,2,28
135784,738399,332256,764219,21,30
709452,830125,437591,879198,22,6
354281,981562,61480,958136,44,31
251803,536585,13816,999116,49,14
168887,664077,7508,901643,44,24
143995,491888,1089,862681,43,17
761568,835909,184236,248473,3,3
874115,998217,376348,658275,14,6
531763,977199,222210,892829,33,22
506073,661516,389320,656854,13,7
720995,870833,662072,814446,7,7
1467,900784,181303,948601,38,44
63755,886724,132839,666041,26,41
17276,801698,248809,383506,6,39
124482,261548,429280,949511,26,6
204325,739080,40433,921059,44,26
179387,454298,179283,515544,16,13
71617,969614,166116,923834,37,44
516813,848422,65701,613985,27,16
209437,916539,150283,509621,17,35
54105,564856,28785,863215,41,25
609094,885288,81597,968820,44,13
113229,995526,96233,727541,31,44
99648,607057,685626,733467,2,25
1628,985823,52449,893830,42,49
32092,967687,387601,438612,2,46
13001,985653,31,990612,49,48
773555,891222,353395,951662,29,5
23014,375205,34554,931061,44,17
461433,806135,395457,487109,4,17
119881,868519,107577,969060,43,37
12283,679998,93206,993033,44,33
263726,932639,40857,952320,45,33
124118,579610,148254,579012,21,22
394331,984054,344814,782239,21,29
615762,895208,3775,993423,49,13
295681,424325,381421,434299,2,6
178536,991749,115308,188623,3,40
268835,699526,22660,739953,35,21
775981,892523,181287,860818,33,5
471575,880616,5949,959636,47,20
263476,778861,344990,539151,9,25
307358,778254,239822,778181,26,23
87020,868488,245119,995239,37,39
620226,759351,124717,877807,37,6
13223,648590,256504,887990,31,31
205118,956103,382385,855387,23,37
78104,861771,179946,966141,39,39
100641,770168,29584,546873,25,33
277803,730463,175138,949542,38,22
377100,553858,62032,191005,6,8
258275,341364,315275,976598,33,4
18173,904403,217407,579119,18,44
547597,993865,90395,976173,44,22
599962,710576,316098,685082,18,5
47474,939984,588723,609320,1,44
54378,122508,418979,846069,21,3
47687,429890,122356,777641,32,19
584966,925422,163300,929217,38,17
105218,584090,88355,969699,44,23
56280,918751,752728,973276,11,43
92948,892989,5566,462994,22,40
219540,284656,468201,696224,11,3
113766,854292,22997,921725,44,37
178278,618182,156168,950834,39,21
740196,961882,58865,996096,46,11
146845,817419,690672,716287,1,33
67998,370368,101603,900383,39,15
224539,865178,187800,882455,34,32
496648,868467,23757,922723,44,18
4232,510715,3468,995347,49,25
487279,900720,215845,261768,2,20
62716,642516,191409,715164,26,28
270949,474681,112311,703986,29,10
132984,876515,105269,928183,41,37
49230,598034,137971,525688,19,27
173705,619532,298257,320773,1,22
187199,989179,254322,959720,35,40
522622,667373,33408,956680,46,7
279228,556622,252008,558639,15,13
36727,514725,266154,930580,33,23
70974,451940,726,437409,21,19
163233,298282,452568,879670,21,6
260259,827841,373578,479864,5,28
3543,976216,13836,925226,45,48
170319,940171,29471,934698,45,38
553226,679712,32334,748435,35,6
239383,910287,477688,716673,11,33
15677,991038,628128,965681,16,48
837479,844730,84673,667371,29,0
307132,600598,54916,143884,4,14
11107,586041,128179,849877,36,28
436474,963047,192453,956564,38,26
105751,740380,696661,998138,15,31
115654,782991,130435,940273,40,33
662885,668102,9074,763108,37,0
889,981973,415879,656441,12,49
173125,992296,102866,968676,43,40
190553,947519,304209,900918,29,37
216678,708099,595159,981332,19,24
742068,914036,141893,399724,12,8
84333,634935,572808,755880,9,27
61318,784017,360892,752358,19,36
81990,812909,121210,546239,21,36
207244,246245,323430,852914,26,1
419561,932832,165391,596335,21,25
663867,989931,673823,843416,8,16
161900,940220,65024,733160,33,38
6764,977687,636470,999304,18,48
227839,484191,23616,760247,36,12
768665,875695,324460,789492,23,5
272077,684662,31820,713458,34,20
127415,940324,1157,995279,49,40
15152,757070,217966,933215,35,37
404467,437240,514900,900925,19,1
126044,861854,118256,914502,39,36
250028,926297,354267,747258,19,33
606514,703233,53701,793342,36,4
38590,744360,82872,560156,23,35
232828,637838,55893,940991,44,20
163121,898912,404004,595371,9,36
312686,849621,165335,843534,33,26
396553,785352,634513,821993,9,19
165595,781172,238860,590276,17,30
49264,787100,647498,928888,14,36
35583,234317,765453,926168,8,9
647679,842430,72306,182424,5,9
50722,964825,144613,933130,39,45
210552,712265,33957,945493,45,25
46614,987516,208997,970755,38,47
6694,971771,88273,485867,19,48
27079,754188,8427,955266,47,36
41515,490829,2640,905426,45,22
633129,832554,112262,544047,21,9
17868,978631,513797,565051,2,48
197284,994091,404836,985302,29,39
247060,744327,600072,857184,12,24
4998,997947,523084,696121,8,49
118720,794517,236362,758452,26,33
684546,768740,510820,741540,11,4
73838,929581,11490,996801,49,42
6839,204816,302346,344326,2,9
310633,773063,446686,813763,18,23
5239,990145,567054,764024,9,49
9312,971168,137449,161621,1,48
624236,753205,9911,903945,44,6
1671,999691,77328,538786,23,49
12045,806451,37733,774423,36,39
441971,467432,314865,611746,14,1
255652,542255,335659,591940,12,14
183369,812613,185672,705997,26,31
238642,460971,92983,181114,4,11
173577,913001,11423,895453,44,36
188041,698065,15450,761633,37,25
90764,992108,147676,517945,18,45
958171,991571,106946,906299,39,1
357965,715864,153077,869342,35,17
243162,690865,144229,544614,20,22
16353,366978,20811,866156,42,17
527224,874213,10307,662900,32,17
787039,982447,54592,952548,44,9
327189,850177,64226,179759,5,26
105459,983169,309244,672334,18,43
354729,788517,371566,965007,29,21
929069,936616,243079,703974,23,0
426756,635519,21978,488361,23,10
203965,978129,47904,470175,21,38
792222,983057,181681,721233,26,9
242511,246573,62580,931484,43,0
47079,895445,129448,318800,9,42
18528,998456,708378,814742,5,48
395072,586102,156357,598043,22,9
792318,999175,287859,966849,33,10
140954,718716,341188,747275,20,28
48167,856799,381763,849980,23,40
58201,969963,573692,926752,17,45
59483,691600,196781,652574,22,31
326644,848249,4660,991249,49,26
114296,987896,277014,949964,33,43
634725,986769,243565,770021,26,17
145758,994761,252537,997506,37,42
35591,887185,155243,925632,38,42
298898,579116,35375,662654,31,14
56075,951708,156539,813886,32,44
278565,911115,22641,962956,47,31
348192,989521,573488,924574,17,32
24933,67907,78189,922268,42,2
114793,910855,166835,935819,38,39
235970,417958,78561,997508,45,9
120589,920033,309075,741227,21,39
10307,989118,108504,646325,26,48
226754,500897,146773,391906,12,13
36082,845029,228378,551230,16,40
327208,869551,114853,930528,40,27
175425,628271,32967,409747,18,22
31132,800956,506019,607988,5,38
61272,962017,161986,864180,35,45
14645,695871,390220,805878,20,34
162924,457368,91904,854910,38,14
38934,743727,425538,957264,26,35
2861,997080,133078,851008,35,49
8756,551165,297218,826959,26,27
122787,545931,311448,687654,18,21
18144,929228,237785,568469,16,45
241357,795304,92735,762248,33,27
80872,390798,233223,959781,36,15
619697,999476,339630,841220,25,18
534223,575999,124787,874638,37,2
15313,940735,81215,321921,12,46
19190,707074,85890,513426,21,34
363203,987166,17593,798797,39,31
421705,997844,213706,454074,12,28
433330,888082,218718,957135,36,22
22714,732251,442942,874286,21,35
477812,990750,213417,735504,26,25
14774,858633,193198,657045,23,42
103605,770872,193002,865587,33,33
379053,895992,234423,887925,32,25
320,998333,244185,676129,21,49
580815,819709,159230,948742,39,11
242200,384887,63625,247929,9,7
576346,947753,506478,868763,18,18
356332,781045,176057,823699,32,21
216562,355361,117680,529608,20,6
150746,517340,77494,866630,39,18
210547,865425,269019,730185,23,32
564952,874550,275228,386644,5,15
313261,797351,129326,835679,35,24
65933,823152,114763,799279,34,37
361000,687339,694336,892074,9,16
206402,454235,10552,997529,49,12
9557,67799,300795,635284,16,2
235346,358959,326028,662209,16,6
344211,398262,493227,941434,22,2
323324,475868,42614,570884,26,7
473325,675030,65536,794341,36,10
155383,836631,54534,942829,44,34
332612,999557,315379,428039,5,33
318725,735106,117939,629182,25,20
36778,991985,637001,718072,4,47
448994,846042,45968,733065,34,19
372109,891702,201641,868079,33,25
410825,604388,4985,993468,49,9
207613,836080,21003,377083,17,31
295199,410437,26904,555437,26,5
313725,816031,560274,893108,16,25
245441,650849,162219,898001,36,20
218251,752686,255565,734319,23,26
140784,890604,509547,533914,1,37
212137,992784,575471,915154,16,39
360045,749179,860389,936443,3,19
11020,659108,139336,213446,3,32
558286,998306,147713,338768,9,22
257751,538640,206546,904743,34,14
22120,401322,308331,843562,26,18
332410,432709,665427,996386,16,5
18261,988798,131385,221998,4,48
213503,552824,22203,694466,33,16
344020,543627,83937,866603,39,9
80908,338770,452866,972712,25,12
90735,945585,29847,829278,39,42
37744,786316,2404,749098,37,37
766979,955758,170642,916359,37,9
162237,944103,632820,999707,18,39
110193,895709,82786,973283,44,39
111863,889923,56434,949884,44,38
762879,975781,535426,910635,18,10
746736,957795,19,998922,49,10
4685,981189,506134,581324,3,48
233476,767135,19076,968616,47,26
38727,430478,298794,754023,22,19
602488,702853,189141,441278,12,5
35929,999478,184903,991258,40,48
96538,267214,109227,630621,26,8
98737,749989,146909,929220,39,32
63778,677278,529139,716380,9,30
428413,936757,108111,747531,31,25
379364,911822,109773,892340,39,26
276178,467843,13523,273516,12,9
50232,426956,1928,729391,36,18
860,718267,567709,680139,5,35
499695,890027,136355,801618,33,19
37095,963477,393971,865744,23,46
704425,911542,244,190690,9,10
223476,345121,482780,727966,12,6
531,800833,578810,766135,9,40
137081,774355,124573,503189,18,31
278392,443467,408632,747271,16,8
386078,839106,47396,162419,5,22
66495,942649,58208,909770,42,43
15385,367710,15485,817916,40,17
77660,484329,425244,794832,18,20
25091,990467,182415,841372,32,48
231915,720221,90656,745079,32,24
574853,868668,48520,991343,47,14
77186,897222,367173,450569,4,41
501939,506445,550003,887276,16,0
108106,856616,429294,613713,9,37
149030,977953,310074,937741,31,41
7910,994182,252530,901478,32,49
179856,795741,27316,972151,47,30
789,779711,117058,811950,34,38
51824,959791,110520,571083,23,45
281979,782122,428899,944076,25,25
308287,984092,573697,979739,20,33
633927,672315,25945,978712,47,1
68297,933778,200235,294560,4,43
110552,728923,64480,719668,32,30
160663,640119,571732,643397,3,23
91120,378894,303885,376460,3,14
192925,954595,290126,691648,20,38
417367,917021,695269,767546,3,24
263966,978872,220916,928220,35,35
203396,842008,36083,880467,42,31
3671,613387,376932,822075,22,30
320458,905711,35287,882742,42,29
42465,941704,98522,195029,4,44
67862,956287,255804,985128,36,44
309533,513225,563554,812624,12,10
107404,916122,460371,706607,12,40
303764,836548,224146,410366,9,26
529826,645889,263547,346830,4,5
249013,864789,63376,792552,36,30
1311,945996,286891,728540,22,47
8989,946265,546773,895968,17,46
138048,741556,64713,532980,23,30
169372,914516,35222,978071,47,37
624506,852275,271532,932163,33,11
287092,840485,573414,829747,12,27
191128,569328,147565,786637,31,18
5755,991354,373377,733281,17,49
231773,477472,358497,828370,23,12
672235,839409,353669,698874,17,8
469469,624442,28213,748018,35,7
31396,894630,197856,928887,36,43
8450,958679,25609,878444,42,47
8666,998573,447399,862465,20,49
748617,833377,227771,690662,23,4
66633,789320,14127,714837,35,36
58619,969201,51814,855220,40,45
58015,975563,40968,995986,47,45
122195,809820,527635,880327,17,34
490674,772666,119785,479324,17,14
22741,227258,192706,887427,34,10
63627,994910,26795,966907,47,46
181674,556665,236191,303989,3,18
229306,815513,164364,410375,12,29
18810,998190,37161,732864,34,48
67912,604815,27480,385439,17,26
632394,945273,242907,442384,9,15
102649,178897,246104,603752,17,3
52983,873850,139717,794821,32,41
98083,484065,250075,723028,23,19
491462,980499,902944,993846,4,24
45449,437023,312831,941276,31,19
496781,739076,29139,120316,4,12
44599,101065,259638,930312,33,2
60572,933428,102910,512344,20,43
103320,830279,394446,896846,25,36
150132,832085,16944,968347,47,34
408136,801791,87035,820079,36,19
575438,874396,73114,919585,42,14
21337,890648,51808,865741,40,43
506883,761445,530629,594609,3,12
75251,85460,79305,882842,40,0
398448,841573,58443,999117,47,22
40156,998432,33217,695137,33,47
25122,904684,39010,387942,17,43
239457,444685,167653,872785,35,10
257656,508129,22683,870903,42,12
86671,411350,135882,638511,25,16
336798,582241,295969,698333,20,12
13226,630663,167494,866197,34,30
685253,933105,166289,978099,40,12
6384,232939,218797,289646,3,11
93275,853298,114732,929470,40,38
12274,871981,832447,931910,4,42
230529,236499,31247,873731,42,0
31074,832925,371971,788982,20,40
165775,893457,213135,687356,23,36
276964,904952,264796,679544,20,31
201320,219844,193560,918778,36,0
71113,261038,200751,398517,9,9
999,982269,76129,711462,31,49
34738,997777,10152,730945,36,48
386427,864757,209500,300390,4,23
485569,973162,458659,812560,17,24
341295,395720,98951,900432,40,2
39501,857658,18760,961277,47,40
173853,932729,219990,956462,36,37
519957,615134,366690,872726,25,4
232432,895545,393956,744663,17,33
9827,196717,13363,962581,47,9
166631,958746,527399,879089,17,39
16687,996088,8464,192383,9,48
301926,302855,25817,980456,47,0
823915,848303,318,674793,33,1
10181,115513,96507,447526,17,5
48465,56496,373119,469887,4,0
159238,953346,131436,839589,35,39
433150,872012,4354,695360,34,21
182446,741842,150940,877024,36,27
130384,912774,375666,997410,31,39
148722,621554,239239,865248,31,23
75962,920295,97046,905118,40,42
397831,507948,20348,719147,34,5
648019,822846,19751,829884,40,8
77597,978677,28351,723470,34,45
222750,794110,206658,867006,33,28
28790,194223,78654,700870,31,8
167588,692027,71886,923430,42,26
189470,376696,41210,893611,42,9
75325,957612,69676,918245,42,44
119932,859977,257559,762111,25,37
263301,910766,95850,914978,40,32
134396,888793,42831,888941,42,37
101875,916914,289099,916140,31,40
192198,527484,211812,907464,34,16
354581,867177,71026,768637,34,25
48405,824470,756104,837978,4,38
102940,651670,83584,779652,34,27
60847,917816,268916,952387,34,42
382311,433888,72411,777551,35,2
193843,718003,212184,843090,31,26
122394,485952,80502,788532,35,18
591994,999613,204163,827700,31,20
317697,783736,302,689389,34,23
325670,883117,178008,891824,35,27
84229,991612,330069,953319,31,45
90533,957602,55006,998632,47,43
100409,984168,383934,899503,25,44
209892,842714,161764,980217,40,31
171405,215597,293559,794037,25,2
233138,526584,38926,744389,35,14
441303,685916,10777,968122,47,12
40216,578935,222432,727691,25,26
644815,650484,343546,964401,31,0
3865,993509,9961,514424,25,49
527289,971615,32023,537329,25,22
206156,842779,82996,601901,25,31
488947,662600,22770,970327,47,8
162867,854784,222516,846911,31,34
4809,236614,46000,999422,47,11
642484,659455,304310,813171,25,0
133989,403392,476900,987544,25,13
150477,661920,18940,962454,47,25
305521,892490,752,948799,47,29
8828,996664,24166,965155,47,49
224149,764251,12572,971244,47,27
