78515,829073,164414,930809,38,37
309807,454509,481757,841130,17,7
205885,670094,467463,474538,0,23
214041,676961,132915,682617,27,23
518052,518515,635436,882810,12,0
342028,716027,228631,402336,8,18
309981,988951,742474,833909,4,33
249597,360210,58320,813495,37,5
130959,645883,306488,378285,3,25
82386,936439,79350,972084,44,42
46564,798653,536082,604503,3,37
516050,817537,103090,973037,43,15
15915,904402,140611,748358,30,44
268888,494342,39088,982532,47,11
104169,685518,7614,988833,49,29
220961,620525,123618,543906,21,19
92627,834590,112442,796066,34,37
271853,843046,623809,978058,17,28
144128,409677,181584,834966,32,13
5708,995147,87757,330491,12,49
151331,873629,116832,951697,41,36
15669,809059,661797,855899,9,39
317998,958182,416625,998631,29,32
46052,216043,1278,994822,49,8
496183,979653,401762,622632,11,24
105131,925348,713829,929118,10,41
395261,770714,211163,612772,20,18
637388,786473,409557,866944,22,7
22912,70164,73323,830255,37,2
122334,825157,18577,939053,46,35
520319,940378,556922,950536,19,21
150,891548,345415,923907,28,44
359450,949609,15085,124505,5,29
229275,801199,183646,305817,6,28
512126,924066,374817,991956,30,20
619936,826434,562234,800715,11,10
55597,594073,318300,329121,0,26
365170,989457,67789,590336,26,31
280122,389939,591889,603091,0,5
49234,458657,89457,688686,29,20
84581,916717,70067,494708,21,41
251837,620544,264867,664253,19,18
341933,871167,267492,806515,26,26
1215,561912,619546,999251,18,28
108654,792015,24563,823717,39,34
941228,958097,641874,913792,13,0
304971,353361,785870,880065,4,2
29701,937476,46510,845757,39,45
246241,935357,113795,153566,1,34
173076,983601,14722,726746,35,40
4810,990510,50381,974516,46,49
63670,970323,616671,873169,12,45
172896,623062,72213,975209,45,22
150539,680977,228235,488036,12,26
139945,843010,510680,608487,4,35
554692,673486,1548,922475,46,5
358986,757899,572456,896035,16,19
235186,991157,27965,996753,48,37
525008,911901,769516,965688,9,19
185301,393223,528790,868930,17,10
267057,886122,18436,886137,43,30
15469,808602,111543,982552,43,39
224393,415113,47023,961035,45,9
413458,754208,506274,995379,24,17
366738,950267,24472,656528,31,29
313856,723617,171283,861071,34,20
84038,938830,206119,942748,36,42
300578,848356,772,912082,45,27
72748,712771,19224,904489,44,32
253,965287,31537,292210,13,48
561624,579344,43747,790966,37,0
12187,742780,248654,929822,34,36
212838,688769,31655,364849,16,23
79700,779945,94590,251527,7,35
696417,750133,297861,944934,32,2
60688,793242,860182,892976,1,36
573407,952523,352617,911915,27,18
181029,380864,182949,533599,17,9
72125,959247,200084,665002,23,44
72748,194720,303000,739711,21,6
611975,886067,309832,790237,24,13
238226,511538,99251,724362,31,13
71038,76050,82846,193663,5,0
605137,991390,77897,175375,4,19
602512,667772,359988,753615,19,3
152973,714341,120354,994137,43,28
336908,843596,146591,822611,33,25
419059,519124,556534,866664,15,5
69696,598635,58338,950919,44,26
25736,899599,160258,892538,36,43
35126,587770,32527,993000,48,27
157180,968033,20897,355728,16,40
11906,990923,237999,587324,17,48
18671,741397,210389,507892,14,36
314379,509674,118821,199920,4,9
247002,999950,259311,673194,20,37
166686,635183,163666,872064,35,23
174456,901965,338615,943774,30,36
314084,679293,183497,443570,13,18
51378,944542,503164,517887,0,44
569842,982548,819781,956046,6,20
234614,681043,349296,411485,3,22
80691,224915,484286,864201,18,7
4093,990525,437636,673348,11,49
454790,670034,97063,934002,41,10
335519,762307,108627,451888,17,21
88525,374702,549302,819776,13,14
140914,686998,664683,981804,15,27
88918,181655,2152,996653,49,4
27973,998990,649081,901547,12,48
557171,559765,64227,554285,24,0
36560,922619,7261,891149,44,44
586254,742330,191791,988797,39,7
192899,934812,16136,946305,46,37
564817,732671,514490,915615,20,8
157677,579596,144030,987810,42,21
129353,640699,31830,565390,26,25
362797,841473,277340,399388,6,23
322040,841643,357005,785095,21,25
268762,644848,647884,870963,11,18
614,999679,182127,484125,15,49
301567,809835,274867,854628,28,25
397149,475197,234415,574678,17,3
298051,622387,548938,842987,14,16
458472,589024,92742,645695,27,6
641960,698363,600646,926802,16,2
407862,826884,270560,437529,8,20
72902,647740,91341,569675,23,28
105906,394078,151169,961503,40,14
6080,894112,21696,383057,18,44
331828,943968,50041,847112,39,30
337999,834149,177003,306801,6,24
589535,924805,434954,768161,16,16
861757,982345,470520,571104,5,6
16043,986246,240882,650457,20,48
50008,892743,952735,989540,1,42
431472,830567,311933,691369,18,19
95675,809374,860571,875443,0,35
283885,639848,112338,728029,30,17
680002,807556,41592,860633,40,6
42138,985452,209808,631361,21,47
267514,814155,190660,735998,27,27
376107,384088,461107,840414,18,0
51396,946807,352012,863704,25,44
1694,998641,318779,803143,24,49
437169,986674,303866,586419,14,27
234820,645189,387605,828187,22,20
692849,826799,548594,591011,2,6
21715,368499,88971,327919,11,17
116694,707251,142010,323969,9,29
108296,974708,39064,990344,47,43
164139,779003,110260,711512,30,30
161223,175393,276658,906996,31,0
91703,624958,325161,922741,29,26
534725,642382,102838,463924,18,5
411830,763009,27685,993716,48,17
517980,865945,965,924672,46,17
274271,899801,186633,996643,40,31
27367,900331,722782,807455,4,43
320863,576175,126522,935379,40,12
309011,713072,98308,986699,44,20
15217,968637,211897,793746,29,47
86766,927914,33502,731822,34,42
198126,817132,126510,886489,37,30
245355,723783,66566,520454,22,23
279098,746325,68626,585288,25,23
4163,919806,842531,966339,6,45
30202,524569,611288,990252,18,24
116558,560613,268991,684899,20,22
192019,740164,35251,814631,38,27
135477,991049,202123,982624,39,42
35846,980285,80458,741205,33,47
549664,849392,737323,918662,9,14
652036,822230,389248,856653,23,8
12291,814360,377665,469601,4,40
784352,897940,98590,992154,44,5
115356,636696,163646,956747,39,26
12514,613894,738886,761934,1,30
546494,966744,396737,837636,22,21
219476,461635,8096,634895,31,12
9448,795426,161417,954323,39,39
59792,620930,180464,476051,14,28
535048,732760,104398,744736,32,9
145066,965251,53930,78716,1,41
47945,966078,486891,601604,5,45
378996,460622,258571,388188,6,4
10048,849126,75741,783417,35,41
1157,966589,263943,974663,35,48
232038,976768,829633,866186,1,37
157636,692911,157771,571847,20,26
58205,752115,727675,774183,2,34
374224,629152,144739,563765,20,12
249592,854951,356718,472818,5,30
261791,995279,422812,915036,24,36
171626,966150,18765,953858,46,39
114944,654271,118706,479783,18,26
95624,744897,43005,685432,32,32
185377,912869,517784,602041,4,36
79601,210980,511995,642074,6,6
364537,748410,21,976665,48,19
349824,692991,220722,767740,27,17
539483,650136,61587,624862,28,5
114275,905035,181976,616709,21,39
301998,927814,24945,459186,21,31
79468,992332,164865,502943,16,45
12077,313985,35690,993330,47,15
272343,925628,299227,499900,10,32
446551,731155,517301,945064,21,14
592666,842917,91967,528394,21,12
161690,978177,188572,219982,1,40
20265,154055,406037,774923,18,6
303895,393063,232911,828863,29,4
94593,724424,299059,940342,32,31
240983,971514,21140,687456,33,36
251767,578641,122424,151303,1,16
605283,614150,256464,972815,35,0
53056,800427,255860,388138,6,37
138134,155649,4777,986025,49,0
442464,857003,42346,609700,28,20
57760,526524,593202,821096,11,23
25054,925553,591864,899244,15,45
630402,686458,250397,774826,26,2
28841,991007,652875,934852,14,48
46075,832854,371308,924775,27,39
228397,370156,558159,711545,7,7
56027,798213,497990,870566,18,37
189392,999993,24874,986821,48,40
99835,818063,128930,631614,25,35
771396,819090,38762,504399,23,2
181884,784393,210890,676748,23,30
118723,130181,713047,777863,3,0
5,991419,57954,922411,43,49
123246,135228,81004,987814,45,0
495971,906000,20493,352875,16,20
304313,305112,29389,317545,14,0
23491,842264,232024,778047,27,40
387433,700235,441067,795774,17,15
201138,890068,562494,666259,5,34
27294,996981,70520,895781,41,48
376637,665519,8900,517365,25,14
69882,986639,79486,309713,11,45
13740,989141,110150,422278,15,48
217956,799015,3512,882745,43,29
96583,307184,131051,159884,1,10
6674,718366,128790,962190,41,35
775441,939751,216581,637337,21,8
85923,987569,224532,977099,37,45
205045,981244,263810,746927,24,38
38321,994007,138822,266634,6,47
60506,698208,349917,950749,30,31
858416,929004,10274,983725,48,3
251653,783174,86898,958026,43,26
348218,884371,250632,646114,19,26
339151,754943,295451,997269,35,20
852,999277,121138,308963,9,49
305659,929470,246518,952830,35,31
47556,283427,66922,805569,36,11
183799,612027,100825,510222,20,21
535023,785543,11024,736775,36,12
111927,876145,53342,969640,45,38
227092,576987,242605,353059,5,17
95465,671498,252998,894500,32,28
253383,866630,13892,552066,26,30
58646,755054,162583,431627,13,34
187971,640376,44538,918471,43,22
129052,291263,242,962041,48,8
378330,491749,330103,609379,13,5
117882,697584,280918,390119,5,28
57395,498207,459742,812427,17,22
9879,715309,191882,957573,38,35
3581,995424,61822,755938,34,49
446584,740457,674181,779106,5,14
157214,517026,115384,993157,43,17
104421,803512,481799,921253,21,34
22955,592257,295930,830543,26,28
21570,847470,216853,855476,31,41
622100,861443,497279,531147,1,11
531523,739613,35023,899511,43,10
422897,508783,160856,970521,40,4
122854,959197,86903,944980,42,41
247769,851071,1595,992137,49,30
70311,836013,615567,643899,1,38
437963,610040,100183,964770,43,8
44711,939320,691480,979970,14,44
295416,902701,99977,554141,22,30
472411,841268,267181,928807,33,18
143223,593230,225249,737618,25,22
188685,262573,120615,994520,43,3
17201,969970,18121,233033,10,47
360908,496779,521405,597224,3,6
186885,843320,30534,910447,43,32
694312,759836,176950,716741,26,3
99486,978398,263336,852392,29,43
340737,700201,180790,217536,1,17
281813,652365,79104,915871,41,18
76850,781135,77210,419861,17,35
832072,947708,270942,826536,27,5
807939,824284,383108,901454,25,0
461144,790505,513185,555127,2,16
89168,794583,38675,845114,40,35
60583,608121,285087,779177,24,27
465191,980770,135195,372542,11,25
6626,879290,40580,734312,34,43
196529,929491,12515,604416,29,36
565298,916808,65310,857254,39,17
103514,789703,258856,830925,28,34
20870,631747,17193,333744,15,30
112504,152314,262682,995142,36,1
655048,733097,338021,910175,28,3
371650,836952,86625,926453,41,23
55704,941096,265630,992524,36,44
147179,522254,399262,498460,4,18
295157,484270,12336,988256,48,9
442100,685864,356750,818769,23,12
387231,666603,366743,785255,20,13
44883,716678,66176,947669,44,33
436790,808920,161095,925620,38,18
20362,993425,88887,935279,42,48
230671,969666,790486,852395,3,36
98538,984081,2165,975328,48,44
121360,277654,532020,671210,6,7
15657,398873,12404,942173,46,19
172763,552230,53774,845032,39,18
47048,544525,136561,823732,34,24
3046,985745,238506,558585,16,49
267877,901710,301311,502620,10,31
919657,920291,318696,655437,16,0
51003,892034,4359,919560,45,42
158437,949274,357274,919988,28,39
21716,990762,194134,238870,2,48
55530,951151,82553,905781,41,44
246850,718219,2198,396803,19,23
612062,974149,350802,777871,21,18
321446,828415,478334,785105,15,25
202737,787399,204460,850021,32,29
59846,593164,257571,683633,21,26
708698,864104,289654,476503,9,7
47997,938527,214863,888131,33,44
83090,991010,626131,815493,9,45
451001,789479,142255,914541,38,16
59597,461150,305399,780022,23,20
163783,769071,6074,808183,40,30
602424,824105,25409,902230,43,11
130214,465313,27141,282073,12,16
205634,790619,330272,624855,14,29
482930,614339,199583,838598,31,6
391947,481985,277865,452344,8,4
29280,946067,62143,923328,43,45
292414,804094,26203,794849,38,25
154809,974952,5087,944532,46,41
430195,782225,159615,419191,12,17
96645,684729,2764,700216,34,29
759391,910289,29365,983726,47,7
8933,743267,266332,675862,20,36
9286,361523,675623,722274,2,17
177631,972569,135603,263583,6,39
122455,826623,250866,972805,36,35
259666,637152,723890,777489,2,18
143826,175054,20799,995328,48,1
29021,841917,200047,791648,29,40
604218,931328,535111,704487,8,16
239329,910737,29,868445,43,33
388456,704022,104280,984719,44,15
252667,400684,91743,917245,41,7
27894,886884,59494,998247,46,42
41485,994534,29821,530244,25,47
295180,353929,434898,927476,24,2
868619,984675,15169,870381,42,5
292847,339445,170610,196646,1,2
801084,980693,537146,803045,13,8
281068,291087,310043,965764,32,0
97778,878733,27088,253945,11,39
739210,755608,110781,877854,38,0
210860,242484,148599,820763,33,1
435631,607555,577652,768302,9,8
360022,804456,113609,724477,30,22
25470,934158,120463,178100,2,45
564813,589618,295667,788946,24,1
120813,940504,97831,512586,20,40
351109,974583,86148,562949,23,31
19682,709090,36907,672673,31,34
232187,981404,71943,877066,40,37
387232,634268,314285,807971,24,12
611948,649743,207793,581035,18,1
54945,976967,146312,257611,5,46
53139,771365,332242,990000,32,35
551802,834729,128984,470812,17,14
66963,854704,170261,500974,16,39
657607,942864,165367,768823,30,14
59788,999597,44454,551868,25,46
127876,744539,73442,805769,36,30
158103,928949,532071,921503,19,38
55324,953532,579256,796651,10,44
376562,908988,258424,864608,30,26
377292,817608,135117,270366,6,22
122141,889943,41545,625878,29,38
501452,885787,18699,526187,25,19
64539,980441,678390,939669,13,45
378431,492444,22340,68900,2,5
124609,928897,6363,434295,21,40
109669,843256,166143,632743,23,36
87881,838660,7416,473084,23,37
32926,899104,474365,494973,1,43
272758,965448,112315,759312,32,34
542858,764551,658788,720175,3,11
485692,803141,4626,999358,49,15
89480,956710,380279,637200,12,43
266896,864057,216256,423762,10,29
381204,664069,79304,952693,43,14
70929,379188,57890,688911,31,15
580055,948221,26883,909493,44,18
205324,943378,133961,982019,42,36
203627,388433,275009,949271,33,9
29850,343044,605071,995086,19,15
16943,945349,36193,329664,14,46
121955,828369,191620,741359,27,35
34250,783799,356921,879301,26,37
230878,873714,14848,436326,21,32
161044,531263,470246,750541,14,18
464044,848122,34997,792792,37,19
10591,998166,477399,843627,18,49
261395,628927,3423,987626,49,18
37206,713266,114609,703713,29,33
2572,973922,67019,929818,43,48
380200,998525,187127,385406,9,30
713826,971248,67890,756373,34,12
171601,932614,3012,963953,48,38
15769,944066,109372,875805,38,46
67415,627696,29773,922323,44,28
313795,539503,157516,659513,25,11
247985,952153,123159,343075,10,35
41235,138186,426160,879979,22,4
16914,998710,490066,925356,21,49
101311,988386,43469,945806,45,44
381001,895662,178767,642699,23,25
4758,884785,741293,872405,6,44
46052,989789,18658,821759,40,47
15185,975026,260148,919854,32,47
234953,452228,224709,681878,22,10
60933,172414,347040,369545,1,5
204675,480015,356553,731972,18,13
776026,780753,91212,114407,1,0
353863,878926,121548,197926,3,26
123291,870480,30989,941590,45,37
521706,595720,87865,898108,40,3
509993,855016,298039,618734,16,17
8821,953490,327441,825890,24,47
513370,705591,227684,694340,23,9
87722,928841,540945,741196,10,42
87524,950339,230852,290838,2,43
10543,793968,498603,897904,19,39
370079,874753,17333,756087,36,25
10349,465391,145728,978889,41,22
99025,901499,62550,758277,34,40
482772,676238,390848,453227,3,9
514433,715716,298982,619075,16,10
535872,784340,79872,996395,45,12
55569,970956,328175,626613,14,45
847871,983284,56531,698406,32,6
115145,260330,208710,282022,3,7
314262,536630,173055,928041,37,11
255938,594488,504685,773911,13,16
74123,517846,598099,611757,0,22
132450,997073,324714,981996,32,43
5109,993902,43021,52434,0,49
2134,927159,253576,721606,23,46
249811,996477,283271,559153,13,37
242306,771439,296496,963749,33,26
80306,230998,67529,994602,46,7
402738,457912,43257,918709,43,2
6478,988587,47529,646249,29,49
158148,935935,544587,666933,6,38
64768,949625,748300,919047,8,44
133733,912112,98589,980554,44,38
12228,473422,379947,789383,20,23
460286,675380,286051,359688,3,10
306185,996060,130612,449042,15,34
26625,963168,44820,969277,46,46
311333,976146,5588,85512,3,33
61975,823130,113695,839214,36,38
122974,921250,8305,717794,35,39
328412,491038,175533,807120,31,8
8215,791892,183159,935542,37,39
116952,435526,434215,458035,1,15
37891,830357,307096,761743,22,39
389558,541952,350948,856686,25,7
518803,662870,152411,634970,24,7
123406,901303,65074,276971,10,38
250359,698176,586913,828487,12,22
116755,244687,23115,613341,29,6
30550,938786,193663,881583,34,45
42678,728521,637483,784266,7,34
98971,444342,775089,864369,4,17
298664,501559,29561,990271,48,10
29962,955941,609070,769205,8,46
331718,674160,89074,261536,8,17
607894,645533,524837,795167,13,1
660764,716420,39767,677590,31,2
66897,874569,479709,556489,3,40
114371,936657,235816,351559,5,41
17683,990475,54958,727680,33,48
109672,959491,569855,933354,18,42
166919,907122,139938,186958,2,37
721725,965475,449679,901023,22,12
114573,598754,383089,729614,17,24
92007,929415,196259,484645,14,41
100427,980939,173081,828022,32,44
168349,718495,223818,593900,18,27
364446,892540,664417,789139,6,26
22461,525680,489235,513033,1,25
349534,521554,363621,521341,7,8
639716,829541,647300,904533,12,9
89547,969540,130622,921910,39,43
96401,867288,73274,845459,38,38
3980,997496,77441,801733,36,49
105531,941393,202978,548125,17,41
62305,77148,116055,685273,28,0
145999,791850,209402,694374,24,32
70746,728848,730848,907017,8,32
69955,497654,650969,952506,15,21
10963,402546,412618,960205,27,19
92445,629586,270080,969182,34,26
87098,896733,694946,915494,11,40
593278,819445,90096,754603,33,11
538183,569429,178799,561898,19,1
46586,65878,235815,784723,27,0
290635,692371,427149,947998,26,20
189729,891874,381156,417428,1,35
57009,875301,9826,941213,46,40
567431,906577,102749,989292,44,16
5387,923462,7103,834123,41,45
137780,800598,73558,480607,20,33
58553,950858,477383,920472,22,44
711621,880730,100769,898420,39,8
171408,919288,112294,952271,41,37
218435,499238,57038,774132,35,14
82892,607276,11747,787001,38,26
474137,484651,104796,567214,23,0
31631,992715,116096,922364,40,48
215817,512657,655902,807358,7,14
35428,795584,573160,944227,18,38
492939,622515,182111,938071,37,6
13075,991886,24878,988576,48,48
579810,651757,689133,926266,11,3
471830,778217,551052,720181,8,15
203408,755235,142059,403741,13,27
718428,731104,736790,948916,10,0
4372,821355,3502,919809,45,40
165753,805613,562309,797577,11,31
406805,908014,21675,564816,27,25
115321,591545,34547,245024,10,23
631,661005,469056,895230,21,33
103452,988667,472274,822603,17,44
476260,849682,33029,999830,48,18
4571,912530,253670,466831,10,45
79047,941028,772447,882904,5,43
580225,905838,394815,886583,24,16
307999,929381,372837,487349,5,31
390626,769553,128347,993837,43,18
345917,877771,824918,883837,2,26
5537,250561,329927,980606,32,12
96123,787194,278500,822792,27,34
250151,666743,208134,976888,38,20
727585,865005,36934,994899,47,6
196062,848052,10922,977376,48,32
87031,525006,436767,722458,14,21
617831,741489,754364,990826,11,6
28659,990987,749810,776442,1,48
98759,869397,177774,656709,23,38
654814,702754,106790,805422,34,2
599591,664359,268617,385037,5,3
10137,998545,16006,842127,41,49
52461,919182,113966,946582,41,43
68174,919361,311042,595773,14,42
138081,901575,479274,587897,5,38
688692,693014,314494,657759,17,0
333552,764459,567788,652117,4,21
17821,999077,314498,947927,31,49
116242,737940,325096,869569,27,31
80893,862625,505417,715077,10,39
359112,987645,44332,976544,46,31
219763,439611,197618,877186,33,10
446579,736924,345831,870167,26,14
328815,820682,206291,714104,25,24
100454,985573,8319,505820,24,44
370785,743259,402800,442273,1,18
146188,149984,13599,943677,46,0
37133,636147,45742,775241,36,29
25892,794581,86647,767690,34,38
803732,905844,174200,942032,38,5
594589,664784,55127,238669,9,3
573156,931361,7706,964378,47,17
124120,958841,247002,651056,20,41
54665,417208,115091,484526,18,18
62113,329782,522036,997921,23,13
10125,958082,56032,943928,44,47
16405,886482,186252,699422,25,43
204974,920119,306681,618732,15,35
241852,950115,51637,752746,35,35
499093,888805,733122,978202,12,19
64384,500475,544,976989,48,21
581900,815532,122237,981030,42,11
900777,955998,46386,963228,45,2
33402,994988,17442,962175,47,48
1433,926086,286384,848864,28,46
271024,503838,339978,590664,12,11
75351,654450,86295,999382,45,28
171414,782453,366909,937979,28,30
29979,895773,100802,905495,40,43
125237,629766,5925,265644,12,25
85854,170436,202498,995537,39,4
163716,810704,36461,477311,22,32
226761,979127,139166,792513,32,37
316846,539400,335521,612396,13,11
163231,936081,98439,841800,37,38
216059,382240,904637,961840,2,8
230090,940023,98074,897060,39,35
23784,862287,23436,997361,48,41
561049,856869,343976,736074,19,14
26192,857688,276121,760206,24,41
236214,898596,162427,722387,27,33
224561,895376,261121,311515,2,33
134499,813549,51215,866131,40,33
576706,637297,141091,811010,33,3
257378,842839,294479,775224,24,29
568395,584882,199979,512637,15,0
24786,775453,776642,997399,11,37
302614,965949,89668,650587,28,33
37384,716906,85935,413208,16,33
148344,898969,728897,818742,4,37
487447,933772,7497,977005,48,22
282946,959703,183959,976334,39,33
10994,454043,178461,767216,29,22
103873,879965,499475,739287,11,38
94949,807158,172333,450114,13,35
279847,827715,207780,735651,26,27
799516,943581,249837,422131,8,7
94388,355805,219207,602483,19,13
39197,988556,175417,962528,39,47
66608,565356,82257,848080,38,24
714934,833894,140675,948850,40,5
247255,802723,163652,293544,6,27
192436,492776,200489,811119,30,15
580443,993486,2524,812020,40,20
2333,995954,294379,856771,28,49
648227,682869,21028,868705,42,1
46708,854895,127007,958301,41,40
146555,570605,351587,595632,12,21
420331,561508,32990,493652,23,7
138769,410391,3574,999902,49,13
395839,879050,184068,460375,13,24
105826,536429,236411,808437,28,21
6791,992992,117675,401696,14,49
51504,403850,244377,992406,37,17
207737,908135,512936,623399,5,35
227824,393967,235063,956369,36,8
54733,664895,17439,992779,48,30
316289,853730,332680,440616,5,26
103894,368900,126750,729582,30,13
677905,836205,292159,945679,32,7
416327,964508,514483,990605,23,27
355786,574836,107427,733615,31,10
463389,686835,68712,391673,16,11
795971,882526,95280,983536,44,4
834182,910196,153490,933717,39,3
212032,517499,565119,709887,7,15
368584,884281,10224,998051,49,25
395022,660539,39027,968905,46,13
313714,891634,6904,958695,47,28
8871,954743,874630,904981,1,47
417450,855357,245840,480467,11,21
72636,849585,165082,807462,32,38
781492,937388,43876,917174,43,7
167803,718258,1101,983169,49,27
510508,750137,345169,685861,17,11
824265,983340,30499,725433,34,7
254698,357170,368640,509580,7,5
410745,605806,305548,872153,28,9
244281,586539,431471,780506,17,17
714696,764827,87770,940722,42,2
20296,948597,201953,927037,36,46
764254,809783,33921,971708,46,2
483010,920846,57261,978204,46,21
536,934683,167869,522084,17,46
104173,751230,343118,381398,1,32
22524,895274,366246,989166,31,43
961685,985419,318721,424182,5,1
7525,922682,35101,944556,45,45
111765,796791,227451,993760,38,34
268822,838736,106057,725730,30,28
319935,686964,58390,800237,37,18
139598,626789,486760,783037,14,24
469515,990135,767629,866239,4,26
630258,735541,46422,998707,47,5
282017,463278,604653,822778,10,9
130715,515062,182152,901281,35,19
148286,940363,254626,907017,32,39
236746,868629,352501,606507,12,31
34323,671895,39819,387705,17,31
232606,788599,67724,720137,32,27
521559,749197,490342,676831,9,11
378906,435288,697828,762200,3,2
222725,771694,254712,399039,7,27
301845,703459,233724,529715,14,20
57451,749188,582880,587677,0,34
11503,932572,906665,985318,3,46
359409,942491,187907,447185,12,29
4240,394201,832948,912170,3,19
21369,982514,194622,630761,21,48
47939,575383,57239,977323,46,26
316981,809094,141468,786300,32,24
12095,483936,87199,820974,36,23
153101,720247,471978,659195,9,28
212437,847597,87240,959083,43,31
16342,967325,15984,979230,48,47
96438,530213,43747,995871,47,21
10271,266087,102304,444332,17,12
229478,872072,129561,879140,37,32
94525,897490,201646,960962,37,40
84290,602805,13133,207377,9,25
106560,734340,671470,982288,15,31
109071,533240,218300,282923,3,21
74,999929,193827,952329,37,49
390063,687061,201751,777421,28,14
22420,979109,373689,456898,4,47
419170,697280,621314,671167,2,13
56686,258696,165145,628972,23,10
479418,645923,29952,888869,42,8
548421,643422,10461,969515,47,4
327234,550813,420705,434921,0,11
282228,957655,240215,680445,22,33
125003,425456,56474,913726,42,15
40622,667596,242796,971222,36,31
71633,937794,66747,947351,44,43
535563,886209,178693,895649,35,17
81764,765853,791223,919381,6,34
221191,517811,204804,276542,3,14
53576,234273,428865,608141,8,9
140022,474745,135609,868559,36,16
317696,820080,789883,960400,8,25
537219,690632,292271,402088,5,7
472265,863502,130237,427889,14,19
168461,524467,256914,881282,31,17
117585,433394,299193,771640,23,15
249208,724150,186464,435070,12,23
34724,458724,234716,281816,2,21
342000,424722,122393,952922,41,4
727114,932955,25315,213134,9,10
246206,985190,37501,419019,19,36
233846,869381,18547,987485,48,31
195084,730313,144570,497355,17,26
667969,994146,136379,233077,4,16
152960,721792,94781,370301,13,28
324052,898766,472855,624048,7,28
309962,884442,83556,327010,12,28
37885,952145,108989,912617,40,45
190729,399204,257695,577503,15,10
165258,995985,329119,947181,30,41
586114,736343,284412,670070,19,7
108355,771266,54517,572073,25,33
123633,423460,352467,950654,29,14
270912,546570,53476,854090,40,13
6043,741562,415040,593869,8,36
317239,769912,220014,951963,36,22
119549,398384,298673,737117,21,13
337238,796272,255639,975401,35,22
97203,131754,350845,596199,12,1
59392,713144,270775,791305,26,32
46202,965103,495901,935113,21,45
135083,680334,208819,961432,37,27
219065,550067,131265,482888,17,16
266071,684937,6792,965907,47,20
184365,893059,128444,662349,26,35
52989,743729,31511,997718,48,34
23242,495756,346243,915343,28,23
214839,884731,116235,842795,36,33
48612,744737,247886,913175,33,34
229157,277505,41041,345918,15,2
16578,965951,291284,394943,5,47
382245,680266,152902,280275,6,14
91075,979520,149811,863385,35,44
145784,998701,46998,852602,40,42
304811,668162,265682,859032,29,18
23639,864424,170788,827613,32,42
27675,814178,119893,478661,17,39
209242,300638,484072,726015,12,4
137225,794486,357359,551313,9,32
355184,714734,61847,656952,29,17
151351,788279,118322,379944,13,31
451672,772851,59058,985404,46,16
156237,813001,573979,907459,16,32
288079,898457,45688,983710,46,30
435983,688474,386105,916827,26,12
441889,850596,799964,801012,0,20
129130,968903,27170,902735,43,41
358029,661121,77412,438903,18,15
60040,841820,116093,997453,44,39
338338,774930,160711,965939,40,21
33551,835384,348039,518955,8,40
47148,872086,138447,804602,33,41
168342,489279,240716,381551,7,16
1558,975986,190633,369566,8,48
320310,657250,923229,929622,0,16
748924,837273,17676,440066,21,4
374636,809258,286400,805183,25,21
288670,860509,18800,948649,46,28
489074,730399,742319,792344,2,12
13089,545053,27571,865332,41,26
146854,322392,615465,909261,14,8
13549,604363,870670,936185,3,29
705985,803547,690709,702367,0,4
65244,966308,10652,677620,33,45
409004,748462,180044,383522,10,16
2791,751353,16179,733495,35,37
359996,629891,418599,989767,28,13
56791,69107,709797,839582,6,0
351190,685565,46204,868184,41,16
47715,455750,225531,276385,2,20
449449,965941,109392,863429,37,25
210499,558112,13263,669062,32,17
78720,921935,15658,996431,49,42
394107,973870,72839,841139,38,28
25058,940079,154567,719597,28,45
141154,461519,226635,739665,25,16
96565,748032,129139,978130,42,32
566593,870518,81452,821055,36,15
85852,243902,1373,979987,48,7
22586,968955,30748,446453,20,47
112245,959606,513545,620089,5,42
136367,951761,195039,963413,38,40
327601,710892,31138,971770,47,19
140653,240018,539793,815004,13,4
207862,752171,451561,459774,0,27
36669,854887,76197,958875,44,40
322378,809602,221048,666807,22,24
361972,429595,241265,520532,13,3
63609,927370,611126,796607,9,43
111968,589257,993,981016,49,23
665620,710220,459081,563054,5,2
357192,879988,52986,912009,42,26
198223,639537,313255,755285,22,22
91669,812363,472516,775178,15,36
5468,233996,93841,999458,45,11
618522,868726,166665,737069,28,12
186049,392060,526691,642319,5,10
512219,619928,6774,654540,32,5
388541,878747,313283,718073,20,24
2067,987484,53389,410618,17,49
310063,877246,153246,996882,42,28
548929,882795,107982,958795,42,16
344446,552438,924731,968625,2,10
559357,992622,63862,950515,44,21
60108,896731,763364,845859,4,41
336977,990499,217448,693060,23,32
209394,646842,211287,873408,33,21
21524,957876,738166,895104,7,46
98946,921245,216462,720496,25,41
13513,983984,7001,995289,49,48
539474,856296,60765,609108,27,15
306643,358377,415394,462512,2,2
362748,780819,3462,999972,49,20
16232,887736,343873,753091,20,43
213428,711134,239531,339612,5,24
463505,794871,168424,886118,35,16
218352,691706,225501,708463,24,23
661662,709730,2140,979018,48,2
449505,878358,614369,875886,13,21
152881,848511,6886,352119,17,34
164223,681346,429150,430603,0,25
19027,902678,186298,261793,3,44
256871,902465,141198,757259,30,32
245270,774520,651835,821952,8,26
96494,243816,817474,818937,0,7
481443,746898,423407,556810,6,13
395444,626639,325740,761100,21,11
59986,535994,72601,830446,37,23
264939,460494,215565,508841,14,9
58285,884212,161491,351071,9,41
366279,564462,438670,739188,15,9
153883,768392,753661,986075,11,30
20897,813570,665240,765596,5,39
484389,696014,21169,32641,0,10
283354,908354,56,996165,49,31
717740,941734,90410,373858,14,11
829004,937451,21485,933310,45,5
77354,194975,444698,701068,12,5
152892,982513,81534,865193,39,41
261517,691985,395848,585419,9,21
456138,477310,2930,982950,49,1
162480,768044,37087,708161,33,30
204234,673848,130294,896089,38,23
620551,744060,753783,945584,9,6
609615,884442,711800,960191,12,13
454160,508470,88701,299697,10,2
209792,973386,302144,562755,13,38
221904,783623,185411,701257,25,28
185846,882800,12470,549280,26,34
374566,763712,216546,953502,36,19
238505,730176,17753,612178,29,24
91815,681677,56144,992777,46,29
544,999696,114850,929924,40,49
44239,710162,125474,270729,7,33
47596,830861,677013,726382,2,39
221485,943927,57757,923102,43,36
104203,844606,90210,937711,42,37
188485,227168,231541,417188,9,1
55365,978542,219,999981,49,46
79700,560372,115613,639176,26,24
223083,970166,158195,894108,36,37
507271,516613,182250,782660,30,0
109525,990700,237651,933175,34,44
526612,593457,261003,593944,16,3
284071,309925,27893,368345,17,1
231089,298330,502751,809528,15,3
209925,967432,107395,670107,28,37
431351,670104,610144,835998,11,11
182654,489701,36571,307270,13,15
744859,748015,64323,862740,39,0
713795,926392,120827,657943,26,10
146752,555178,2043,865213,43,20
113200,983179,49544,192038,7,43
175023,725425,170743,795083,31,27
219534,458272,32880,692499,32,11
55260,167341,353223,883510,26,5
615230,738195,16150,992712,48,6
223503,659849,74098,974973,45,21
228915,769224,35053,960627,46,27
16101,825651,493522,933652,22,40
351023,864443,197242,985257,39,25
28907,988866,58735,448216,19,47
444333,844186,48076,921342,43,19
48483,932576,125645,462143,16,44
50231,970105,70518,929897,42,45
283344,708597,822620,860358,1,21
755444,844340,39915,973217,46,4
72092,905151,381148,780309,19,41
514200,903681,597219,874115,13,19
147608,691206,168600,964933,39,27
242042,468813,31943,999029,48,11
263285,488196,275770,867161,29,11
288449,669395,348105,915115,28,19
324346,629882,562447,701481,6,15
346089,798561,42483,728633,34,22
370470,548590,386101,960207,28,8
283718,755141,126005,817158,34,23
123097,518632,400780,502078,5,19
60390,783020,422940,628964,10,36
65435,916130,95211,174389,3,42
45234,818441,20514,968191,47,38
370409,426705,9747,554056,27,2
694358,718936,599113,892846,14,1
794748,889385,78613,685912,30,4
222755,827563,40709,994297,47,30
422006,536511,132919,629056,24,5
102171,703343,268993,822152,27,30
22330,952467,65545,940011,43,46
516794,681888,866188,974193,5,8
40255,976800,79551,673068,29,46
81668,727673,245478,468712,11,32
150726,430448,27199,915507,44,13
96913,843450,391081,983383,29,37
39639,674748,219169,896935,33,31
448861,944118,320210,710441,19,24
46577,988745,267823,467795,9,47
72952,817999,448299,806199,17,37
885296,988932,810267,892141,4,5
307977,848368,215739,892437,33,27
39728,543396,12851,900007,44,25
114816,767561,715769,974715,12,32
515581,945077,291309,661705,18,21
79267,726362,2073,996205,49,32
369876,568095,6677,990126,49,9
136758,256946,92084,540260,22,6
394000,592229,6071,541084,26,9
177794,636748,38048,692726,32,22
303814,749595,68473,502839,21,22
80476,647920,251388,832641,29,28
416626,844957,50333,835056,39,21
484958,736721,13163,386366,18,12
635086,902890,443772,792653,17,13
5481,828091,267023,631471,18,41
778613,990945,201951,750685,27,10
43590,49384,20174,901540,44,0
43557,982407,476292,744778,13,46
66660,469147,415058,731511,15,20
130941,573448,36175,990339,47,22
27383,984866,734245,902837,8,47
382570,813041,367736,907734,26,21
413059,897309,17556,989139,48,24
829245,890529,93232,839985,37,3
735704,760831,103152,878849,38,1
489342,977189,63179,853699,39,24
7440,941345,88195,174823,4,46
21293,481700,178788,989167,40,23
175264,443774,3384,684233,34,13
301070,825731,158274,782012,31,26
146799,763721,446814,592138,7,30
81126,923652,543901,671765,6,42
30806,797518,672743,976759,15,38
29455,777003,32981,815611,39,37
103523,832637,338390,972075,31,36
137517,872900,204178,720612,25,36
458778,967047,128040,843804,35,25
149330,863569,316483,685722,18,35
188007,250702,116133,938687,41,3
550645,669368,206580,874179,33,5
717379,983598,46991,156396,5,13
398373,728528,116596,237838,6,16
32308,935709,30612,970844,47,45
136267,903291,191519,992170,40,38
552256,574293,81747,402442,16,1
28448,866769,457183,984918,26,41
20663,461347,315386,950475,31,22
148936,865694,715484,783034,3,35
88734,398933,310256,835658,26,15
160890,691651,326006,884986,27,26
176076,374052,787710,895459,5,9
278546,645398,23932,519325,24,18
173307,340477,333833,926414,29,8
16284,836237,579404,774108,9,40
566265,908207,476043,979890,25,17
48806,794996,861624,968072,5,37
225821,510814,631620,916821,14,14
791865,963649,554883,591210,1,8
62841,324133,214044,996767,39,13
175380,745427,11868,979323,48,28
435819,878447,414040,743725,16,22
99489,980046,338447,883202,27,44
60008,978607,350031,939768,29,45
482736,880684,86623,721693,31,19
24302,993618,403563,907720,25,48
106540,163648,171481,997333,41,2
802878,970609,380036,741603,18,8
15941,779338,465795,894255,21,38
25868,984993,181329,927245,37,47
109797,686510,467913,779823,15,28
8931,867300,854697,913717,2,42
110877,775821,508331,725062,10,33
902427,941096,200520,894636,34,1
36928,55571,89524,529310,21,0
622098,961302,224693,789925,28,16
342532,439217,572860,618025,2,4
443711,887257,245765,811381,28,22
101710,737232,373274,451333,3,31
23501,366862,515434,717387,10,17
210061,487889,118654,972110,42,13
325198,800613,210688,648182,21,23
169705,916063,504196,688434,9,37
4578,830683,423850,550700,6,41
71122,733326,10786,952911,47,33
423959,807238,46631,934268,44,19
36334,796453,419210,747735,16,38
4163,974069,323831,560578,11,48
608257,655432,34170,455670,21,2
270882,828565,408490,496539,4,27
20748,986680,158612,818434,32,48
658388,975948,29483,522950,24,15
652133,853163,427956,828781,20,10
288456,779430,652454,751530,4,24
113106,911947,370103,444138,3,39
351667,998468,176889,316801,6,32
223419,949222,329861,900608,28,36
293391,562130,45953,546399,25,13
5645,770334,465710,989970,26,38
639,997412,17352,718073,35,49
100003,522946,75227,832367,37,21
253632,757885,435628,585779,7,25
179426,744443,764890,979424,10,28
233864,350069,684768,897572,10,5
524733,951120,57156,790467,36,21
335746,797821,276267,620820,17,23
91458,983410,194405,945060,37,44
101129,981663,191239,612858,21,44
561960,833818,89924,950744,43,13
254447,521005,133415,850651,35,13
539565,770550,625880,804440,8,11
302278,941260,488509,522692,1,31
47663,996932,491213,961212,23,47
394483,900417,339328,476500,6,25
102154,830056,523829,717518,9,36
359291,948686,440924,443168,0,29
436107,886750,120372,217339,4,22
31802,566874,420390,983617,28,26
232324,650833,13227,973451,48,20
69386,996808,381429,922246,27,46
25076,822721,271683,966307,34,39
690042,984768,117624,865224,37,14
30805,473039,50087,281563,11,22
379029,626963,64552,989326,46,12
89879,177870,596552,946474,17,4
521769,943316,55334,677083,31,21
9616,862921,67094,577339,25,42
21027,142047,114182,991899,43,6
200448,708561,2789,953782,47,25
335302,947938,458888,700255,12,30
23035,684295,23049,707493,34,33
39699,982134,12219,267984,12,47
278754,725590,392433,505559,5,22
452194,758435,30242,991791,48,15
35350,945985,423984,600752,8,45
12825,755979,198756,949473,37,37
40816,955877,403431,772468,18,45
352060,968683,103326,533260,21,30
527634,762234,269628,320972,2,11
572333,742708,1294,716628,35,8
137095,363891,216619,900971,34,11
95301,926597,264327,822529,27,41
397117,776963,402488,502547,5,18
38421,922814,335911,933882,29,44
147709,990354,284809,833388,27,42
118693,467387,19733,917278,44,17
261187,621403,146949,657186,25,18
18944,971920,68179,431683,18,47
182112,513579,38853,828579,39,16
342078,850847,750336,802057,2,25
858126,958586,371783,777784,20,5
44894,999501,361585,711523,17,47
671603,869877,241088,734233,24,9
209034,568065,565765,951890,19,17
868846,903091,126876,331140,10,1
350984,957383,658254,923275,13,30
441786,783104,129852,502497,18,17
323546,525218,351045,773547,21,10
137792,504290,479432,802093,16,18
282643,983001,50004,387198,16,35
545530,592406,143858,416987,13,2
18150,686731,436327,897282,23,33
104491,491581,5292,999361,49,19
64012,946299,2371,940947,46,44
42251,920584,6065,997367,49,43
181008,683332,267710,597611,16,25
507002,718318,184739,578670,19,10
19557,993408,213138,903172,34,48
324138,506589,199378,994507,39,9
32000,899205,692194,959753,13,43
261270,930715,467413,849153,19,33
453857,828490,260665,982055,36,18
95267,349713,606013,891897,14,12
65873,876080,727572,994215,13,40
38774,914544,257829,551007,14,43
41106,880285,311666,788947,23,41
88251,871474,741275,839988,4,39
221021,956495,4496,983650,48,36
42183,385480,324420,986516,33,17
185551,619776,272681,386471,5,21
645214,807097,191290,432319,12,8
578599,643337,203467,377135,8,3
284240,942186,81592,996542,45,32
240077,883879,484997,634416,7,32
726060,963208,401079,513411,5,11
443580,748036,255410,475276,10,15
781721,980241,403243,562356,7,9
83453,757268,568658,730828,8,33
324573,651959,112146,973149,43,16
239536,602458,536793,616688,3,18
511241,678493,80562,597936,25,8
137411,970929,672513,948544,13,41
11070,115908,127011,820702,34,5
318537,381449,240587,645165,20,3
62909,129520,2284,730044,36,3
255606,343919,51528,517043,23,4
242677,900822,757195,873491,5,32
142270,986623,335625,904693,28,42
133044,288814,148292,893452,37,7
63917,914541,447593,942120,24,42
920744,979009,159812,285876,6,2
360173,495534,590778,867142,13,6
71694,903597,294494,980738,34,41
437488,506047,279360,972503,34,3
507360,961885,346719,809850,23,22
312764,558975,217886,551896,16,12
162374,733738,32542,532319,24,28
478938,560057,670033,778886,5,4
625107,818003,27907,730194,35,9
235536,878842,65751,127989,3,32
60440,963793,376025,866839,24,45
414909,858582,402935,458752,2,22
22554,879684,4093,880024,43,42
226800,896519,36372,792767,37,33
131143,342047,124627,486407,18,10
476595,771685,159067,641012,24,14
160808,737457,50978,672102,31,28
235898,874544,209650,797204,29,31
446937,473338,139804,881817,37,1
467055,982448,386844,477725,4,25
75393,265249,29835,631793,30,9
303102,581746,540276,854552,15,13
282145,393228,565921,680156,5,5
209902,970487,109637,747116,31,38
772931,963087,55057,995176,47,9
261137,587105,155753,789365,31,16
268375,922917,68597,747467,33,32
977893,988972,143035,554027,20,0
42151,999683,230376,385910,7,47
12846,810060,12745,980169,48,39
77074,896400,273572,802259,26,40
67890,982131,26836,993638,48,45
97387,190987,163320,354814,9,4
52566,862430,702664,957391,12,40
145986,972314,135340,711372,28,41
2979,990901,626995,648040,1,49
38676,635254,828923,978884,7,29
427768,785736,154434,916312,38,17
202854,508002,303808,383438,3,15
342443,926663,457164,594989,6,29
219373,406540,32877,893406,43,9
341686,422113,401037,946611,27,4
197158,446837,629544,832875,10,12
63092,834272,248179,300473,2,38
169436,933815,44669,761706,35,38
103605,600044,340305,534690,9,24
846574,857515,708895,850969,7,0
178257,808906,282301,578606,14,31
102978,925492,32113,980693,47,41
625341,655118,425637,985100,27,1
38773,960556,734512,755345,1,46
268288,862510,65540,948709,44,29
970119,998577,618921,793485,8,1
526465,771600,447788,635528,9,12
112787,802780,4665,960214,47,34
447188,698473,42660,310781,13,12
361494,943859,76644,845140,38,29
75718,880940,67685,939281,43,40
120588,997816,451091,971722,26,43
467178,615428,388297,605361,10,7
33250,520277,69030,931612,43,24
130359,805428,9149,983608,48,33
353660,632641,209484,944499,36,13
120307,963012,190095,668399,23,42
214280,324745,18371,995633,48,5
116973,505530,93744,786155,34,19
349278,349798,22812,871468,42,0
233960,729769,279823,843867,28,24
108641,745015,625982,800522,8,31
73726,793561,27732,520318,24,35
350799,508423,578893,858604,13,7
199229,329493,110367,875840,38,6
678234,991756,239900,937530,34,15
322739,967639,156409,443079,14,32
129644,828681,207431,904531,34,34
439447,924933,68119,898387,41,24
64633,710999,352272,622432,13,32
57094,236267,492844,936649,22,8
304164,778912,85078,740686,32,23
122645,569945,185886,954583,38,22
21191,953217,519854,709329,9,46
54684,846117,617200,881036,13,39
279775,562346,62408,705737,32,14
76787,754032,52346,293882,12,33
226333,348244,1989,789265,39,6
144356,998613,169641,877876,35,42
444885,926563,21600,975943,47,24
633145,920016,90589,934928,42,14
37757,897825,9771,443972,21,43
53565,559456,120918,752095,31,25
475041,485988,137439,818492,34,0
105708,903951,569837,850928,14,39
254308,698295,294976,609060,15,22
427721,843070,123425,561093,21,20
135613,974659,350740,369786,0,41
162660,956100,366021,533434,8,39
40929,965592,64455,900117,41,46
84583,865224,31976,950236,45,39
244337,608488,172319,634401,23,18
833320,968491,523247,930226,20,6
70051,940675,124417,490078,18,43
41668,901525,504495,729610,11,42
6815,866821,36499,795920,37,43
857296,934375,277851,528184,12,3
594925,949287,370536,949179,28,17
637565,822388,35154,856325,41,9
17082,712547,3679,998766,49,34
8052,768968,173089,958584,39,38
337442,433938,351449,647935,14,4
84756,614887,71612,542807,23,26
44332,507553,193698,873476,33,23
279142,820442,515566,844789,16,27
163137,511730,203652,389010,9,17
16008,922718,48007,676149,31,45
451369,621502,61519,121863,3,8
282068,766231,8475,915420,45,24
230702,319360,288714,927011,31,4
353340,857148,381595,499824,5,25
77334,954430,51772,121842,3,43
7878,632406,326676,779768,22,31
28382,966299,257030,951360,34,46
451302,784602,170287,722057,27,16
102515,689382,86509,591151,25,29
215931,669239,376648,916366,26,22
51003,987374,663182,878522,10,46
563727,848403,80414,624978,27,14
378850,961774,250574,480527,11,29
96284,248318,337454,970257,31,7
346661,996074,214697,904609,34,32
212157,480314,355004,886562,26,13
343186,945092,497816,981148,24,30
292822,880603,263379,976699,35,29
146530,628487,455543,509682,2,24
8295,850737,111779,740325,31,42
103015,612470,290306,644058,17,25
7821,380704,226176,844246,30,18
66011,954885,817352,845151,1,44
112075,388969,268973,813899,27,13
83750,856842,181684,850771,33,38
195572,365473,418310,964497,27,8
340302,621512,720776,956338,11,14
186035,867640,460584,707706,12,34
109844,748121,589539,591538,0,31
188010,941965,159387,823669,33,37
742578,999498,310734,544338,11,12
426428,569140,203761,436872,11,7
318351,879877,87000,884873,39,28
34332,981157,119616,856331,36,47
13431,689133,107659,288249,9,33
748559,971217,79638,960022,44,11
133259,429175,8031,996925,49,14
550018,651697,281068,624033,17,5
120597,785760,379759,911486,26,33
140284,841081,295447,867051,28,35
5318,997710,781554,956302,8,49
610820,737284,123574,636544,25,6
834869,975365,3493,721156,35,7
194831,895990,250438,415142,8,35
278759,553168,312952,541153,11,13
457360,475120,151998,733050,29,0
20187,992474,451052,776292,16,48
61207,665933,33511,385338,17,30
178380,915151,495418,602686,5,36
64781,981627,702823,861024,7,45
299386,804692,73800,346851,13,25
565191,772879,133494,645551,25,10
1773,924710,280171,403259,6,46
206996,625956,451904,643299,9,20
24908,985434,21569,629298,30,48
70508,646249,328440,351448,1,28
306231,997902,4708,728607,36,34
70228,983811,229925,999582,38,45
355260,360068,89783,541117,22,0
8955,904361,80013,873826,39,44
40546,993494,106511,983470,43,47
1391,942508,84994,652239,28,47
74666,465469,257271,855562,29,19
203715,855103,47838,779313,36,32
106410,628832,441822,596099,7,26
91140,952700,63271,939411,43,43
150118,609570,1115,997974,49,22
80889,744961,323278,427862,5,33
1014,854905,84730,918659,41,42
18645,998049,3628,574852,28,48
575421,686477,591296,669116,3,5
419048,703982,508662,545678,1,14
23796,453567,139120,307378,8,21
247557,427052,329559,639423,15,8
239540,904112,251214,613484,18,33
353265,761197,190442,829351,31,20
52087,959800,278127,886973,30,45
134410,642078,123632,975049,42,25
264272,814030,406669,746927,17,27
187977,870457,291465,389241,4,34
15015,493332,154654,951767,39,23
12911,997415,235685,784408,27,49
1775,962235,546910,647246,5,48
602480,844052,73417,587005,25,12
816534,920685,343284,821071,23,5
25923,121737,520018,670332,7,4
152542,936683,224799,996542,38,39
120640,691207,266451,820321,27,28
867265,904621,749182,902071,7,1
125080,589010,169483,708321,26,23
406110,682163,352183,420773,3,13
151381,854079,277648,500211,11,35
710399,742142,50721,553962,25,1
147882,398034,32704,996778,48,12
35865,695208,181941,691986,25,32
498706,951760,191696,975223,39,22
472503,598647,22600,939723,45,6
308141,984098,251586,602415,17,33
438938,660490,61363,441057,18,11
153932,635683,4051,999993,49,24
387842,939947,128730,998617,43,27
5819,744138,347601,898916,27,36
57603,827567,411036,417370,0,38
1427,995910,269337,407068,6,49
870072,958391,165853,820243,32,4
113,207415,270975,861136,29,10
246806,483633,60888,981050,46,11
87127,998273,60983,715597,32,45
25833,961974,316622,650567,16,46
305068,834756,7313,997665,49,26
276414,773226,40116,975551,46,24
40267,346144,408673,668478,12,15
292703,815528,568945,875030,15,26
575490,662685,267739,580612,15,4
85114,902444,290109,652669,18,40
3686,983896,503139,952964,22,49
66553,295940,65366,377013,15,11
661089,779863,125716,738416,30,5
69479,956227,610277,840069,11,44
362703,971767,34147,213658,8,30
670026,723874,10488,998349,49,2
259321,928844,164120,876742,35,33
36554,637883,713366,757725,2,30
5416,984566,316515,455805,6,48
246569,919743,7646,999162,49,33
636655,892723,361109,451262,4,12
56183,851390,286322,805655,25,39
165331,689399,118428,404850,14,26
147548,575787,426863,859015,21,21
309855,645910,571704,997426,21,16
250075,511230,465593,616485,7,13
112074,720558,58907,259637,10,30
170376,477257,26207,855394,41,15
4888,915175,793931,889364,4,45
48241,861176,185310,697348,25,40
74589,652260,1842,994239,49,28
413409,787367,277510,626589,17,18
849628,960578,162304,958279,39,5
425572,990176,117939,694965,28,28
193221,499626,81132,997154,45,15
30407,898434,195764,555332,17,43
352945,538251,889980,900884,0,9
420230,923340,290299,733679,22,25
170914,724830,26812,429221,20,27
578230,676720,765217,826045,3,4
34734,982560,66795,994105,46,47
501673,882891,683629,742421,2,19
58601,263270,51392,903092,42,10
356517,942064,59188,735216,33,29
73165,201947,542987,632788,4,6
2185,661404,648093,992685,17,32
42033,851419,44008,988266,47,40
524422,608007,104856,830941,36,4
262961,487086,53250,615622,28,11
309503,846133,38483,957385,45,26
120265,773629,52599,984724,46,32
360197,900691,873157,985946,5,27
3564,211435,555082,768161,10,10
236368,922040,222160,973475,37,34
44342,966276,141712,982521,42,46
20691,861887,129174,978004,42,42
28567,401353,114497,747678,31,18
823141,994435,269005,429296,8,8
248671,812792,186314,994903,40,28
51263,860282,400321,964787,28,40
79540,506964,322259,796347,23,21
125745,428046,137562,942529,40,15
51048,691793,314795,941915,31,32
520143,828191,102584,700042,29,15
204682,732327,186966,410813,11,26
357187,805660,72130,962858,44,22
55129,941663,220007,482115,13,44
168896,745880,6752,718738,35,28
352056,636726,646920,973526,16,14
42723,893445,52797,310954,12,42
67400,618365,52098,935314,44,27
52251,790794,32001,991831,47,36
540719,668422,264929,743421,23,6
132778,332556,426763,847171,21,9
540017,780628,88651,949819,43,12
17648,953423,44419,963204,45,46
670171,928300,25921,688098,33,12
15659,962168,254403,302092,2,47
199194,854248,382596,945840,28,32
479540,528358,178846,687938,25,2
485537,519969,160536,871684,35,1
35087,894409,303481,467237,8,42
332012,891368,279112,964974,34,27
161357,900872,117564,125779,0,36
323661,346358,363352,940947,28,1
36,998601,174054,583150,20,49
107481,420781,704119,806451,5,15
4927,986545,876742,943757,3,49
180921,984514,21946,223660,10,40
1739,779201,121812,694023,28,38
91841,755245,25590,263186,11,33
10463,886448,223327,788134,28,43
415348,601596,120839,453654,16,9
46015,946722,70784,570856,25,45
440383,796248,141328,616847,23,17
215745,828228,17278,915980,44,30
432777,984987,129547,955383,41,27
311634,718570,12579,933995,46,20
315283,447063,5945,990738,49,6
516563,591136,17069,912898,44,3
197619,335922,609305,911484,15,6
26803,995691,782958,801610,0,48
5086,621421,4597,766587,38,30
457544,809721,321370,332218,0,17
3136,690254,197009,397410,10,34
104185,805160,205398,844952,31,35
200761,618665,49305,887684,41,20
110429,370589,618289,624503,0,13
35803,291382,742811,907055,8,12
377942,778545,161570,563163,20,20
224168,587830,681924,813697,6,18
221549,985961,271386,689710,20,38
123084,591628,44245,885420,42,23
560904,995721,130872,992772,43,21
79605,861737,285852,958885,33,39
168385,987953,319585,792777,23,40
134347,547518,50991,845298,39,20
263069,921023,48093,408606,18,32
80310,856225,241301,431741,9,38
697664,819608,167980,847725,33,6
69684,995605,348953,363429,0,46
197346,945967,341383,969746,31,37
383656,986487,397264,486679,4,30
819810,986650,742199,882091,6,8
21326,554376,545480,991941,22,26
64802,983185,49687,984735,46,45
511085,671478,147073,948972,40,8
59033,984481,17890,733927,35,46
416955,975863,483639,907039,21,27
71824,988202,689419,764815,3,45
99839,753298,20617,822570,40,32
464259,630825,271147,911928,32,8
405675,789485,380524,605017,11,19
1156,786379,459416,768393,15,39
252983,804139,839064,999715,8,27
567755,845077,352264,376676,1,13
556800,763478,206335,493912,14,10
275712,674009,280784,693097,20,19
37036,989760,288063,915867,31,47
30849,238628,97944,578129,24,10
6667,945472,528020,762953,11,46
306728,848719,658099,863182,10,27
166153,976248,133978,873429,36,40
8618,886730,20427,990708,48,43
357103,819241,16826,881412,43,23
506462,644722,225543,938119,35,6
16269,208120,554186,932292,18,9
36805,977004,381485,939904,27,47
160019,651328,36426,927404,44,24
28522,782161,223186,556323,16,37
3371,956905,29105,935817,45,47
101715,804468,739003,795548,2,35
28764,996902,236081,825842,29,48
4815,968025,221685,984995,38,48
355566,501996,8648,100207,4,7
250649,835736,556213,994295,21,29
277155,613357,1734,943767,47,16
34145,986886,85466,407704,16,47
179681,454138,332645,663365,16,13
113079,275379,313366,973821,33,8
532257,720377,36695,587438,27,9
3460,998921,226404,896607,33,49
254424,712513,208134,414664,10,22
77351,643787,558358,949251,19,28
645766,697243,402728,751460,17,2
70123,694397,75841,214556,6,31
105118,923821,72171,357365,14,40
125318,810037,249533,748293,24,34
515736,943901,244807,399256,7,21
213300,891253,46429,958850,45,33
226275,608915,163752,964940,40,19
149572,734895,28408,968439,47,29
321124,438376,95327,734036,31,5
79724,978080,152026,913726,38,44
89716,336914,47465,161240,5,12
48238,335341,3768,961535,47,14
551614,630074,741431,874720,6,3
397593,704153,255816,901521,32,15
97278,790199,425334,927128,25,34
129275,958152,154982,963451,40,41
51582,174882,350475,912678,28,6
340225,671151,308581,621383,15,16
100082,952514,205483,218075,0,42
133,987643,372249,981452,30,49
142125,965343,338324,657888,15,41
344444,726392,376120,509502,6,19
918832,994283,143755,991241,42,3
774254,975173,70934,833568,38,10
55421,966396,148010,866423,35,45
36955,380966,427029,566774,6,17
79412,949928,50733,969572,45,43
89849,775366,87372,966226,43,34
328057,467687,51571,749313,34,6
329599,487505,53586,943673,44,7
139397,960014,496663,829406,16,41
849673,886701,91197,114750,1,1
425552,569664,79869,742025,33,7
137010,533734,419842,459282,1,19
19859,863466,179090,272983,4,42
192414,677330,238535,913921,33,24
88860,404386,48240,346347,14,15
219115,991477,141993,422218,14,38
745498,785726,84001,979598,44,2
809225,876929,400592,867089,23,3
23778,866834,85830,856203,38,42
99042,302488,69067,866825,39,10
71591,980771,566,997547,49,45
336183,366826,188998,600894,20,1
1840,919035,243233,593557,17,45
176926,827748,32159,973010,47,32
182760,687509,467819,678915,10,25
415382,932935,187701,786064,29,25
261045,719467,84003,929334,42,22
8695,996450,12521,960239,47,49
439024,756654,146371,569747,21,15
554903,962690,101579,778148,33,20
406586,600354,482763,867662,19,9
24996,978032,602479,877338,13,47
199111,665266,6831,968325,48,23
147597,934289,386174,916721,26,39
74947,802114,281848,936118,32,36
659322,719364,158240,807256,32,3
185004,961461,34325,286055,12,38
226753,934536,51713,442149,19,35
314333,793464,740429,791851,2,23
93529,301082,186847,428692,12,10
524693,666147,219574,771135,27,7
30082,641551,492115,788153,14,30
335382,752683,833060,934929,5,20
1563,996289,744362,956791,10,49
647216,863819,80864,986327,45,10
478063,882072,664045,928330,13,20
595152,965703,361559,681528,15,18
84471,937009,213353,823321,30,42
66944,659833,103580,912844,40,29
620145,991517,71612,880554,40,18
172118,723217,411742,912580,25,27
16082,746493,505059,855246,17,36
64936,963087,494985,751354,12,44
152308,996551,99228,411776,15,42
52184,677191,710133,899036,9,31
77130,828105,912949,924569,0,37
125456,993706,136306,839690,35,43
63414,336875,262273,523282,13,13
301219,758727,153811,314571,8,22
248093,451358,15437,580491,28,10
49070,517841,182115,477957,14,23
359421,515177,231589,963648,36,7
523926,824909,44537,978374,46,15
22497,936252,943396,973218,1,45
104118,311937,231240,971021,36,10
73027,931821,142525,666700,26,42
229499,978665,359545,846024,24,37
169862,824145,313787,393798,4,32
212124,607806,252733,908741,32,19
35436,905075,27315,793394,38,43
491055,957592,394083,672553,13,23
39352,991429,506449,957668,22,47
30501,213620,36495,890836,42,9
35454,827988,301044,328317,1,39
794184,974683,508093,916764,20,9
23744,989920,77930,570667,24,48
78088,767813,306549,682599,18,34
181019,859010,469054,497573,1,33
64410,951831,446566,982883,26,44
107325,735547,561590,962696,20,31
153611,745096,471970,921268,22,29
131766,795726,72180,358911,14,33
346528,367145,110454,987749,43,1
682695,932639,610271,860644,12,12
43436,829475,111091,912111,40,39
151618,874581,406,999966,49,36
2068,365293,109914,669983,28,18
75009,700493,235159,615088,18,31
5881,904813,83443,395246,15,44
2589,713999,470540,656738,9,35
384568,937469,758481,980315,11,27
665283,752326,20365,766283,37,4
476705,915527,72618,668092,29,21
340234,365571,6751,964378,47,1
211549,615061,433821,988542,27,20
538807,717839,68469,70386,0,8
109961,761288,251793,970800,35,32
727643,998645,21229,979607,47,13
57949,909223,220622,657136,21,42
555303,598730,67835,782935,35,2
117209,912408,43069,407399,18,39
326862,800177,777972,971043,9,23
296738,709321,340353,545170,10,20
13577,972536,52050,772013,35,47
296086,361733,280281,981398,35,3
187885,270507,410462,972722,28,4
337714,361255,131109,930562,39,1
34079,567965,14595,993579,48,26
28978,765708,32658,963616,46,36
562367,837067,12938,990942,48,13
185373,623024,499324,639115,6,21
671220,876291,50850,949212,44,10
333017,661313,175455,987919,40,16
131365,585968,252787,544601,14,22
70386,899444,950510,996123,2,41
225191,919306,360730,684152,16,34
2130,770622,28758,98466,3,38
484520,576841,90748,998993,45,4
168816,993751,138965,361964,11,41
164323,952727,231358,823776,29,39
150775,736069,313544,928851,30,29
233271,641854,687043,754195,3,20
243280,952244,113767,396094,14,35
17927,413866,378170,762758,19,19
285881,692014,204469,718617,25,20
390210,841440,40531,225108,9,22
273751,784315,107598,976298,43,25
448058,851631,152075,803053,32,20
6800,991297,147431,678187,26,49
251146,928424,118069,789883,33,33
52825,966041,539584,552009,0,45
259846,752053,619677,864661,12,24
463708,622803,159943,181288,1,7
14842,828417,446272,501019,2,40
72144,165821,54362,922954,43,4
409665,969977,474099,881759,20,28
17142,966173,750325,770100,0,47
432931,599457,828134,909500,4,8
207207,812913,139455,820177,34,30
259003,815728,305272,326393,1,27
338875,358284,41356,421661,19,0
8569,788829,679155,691343,0,39
203758,729581,214088,942135,36,26
386230,790260,75861,800113,36,20
68596,780110,70783,915414,42,35
497557,893326,302092,612126,15,19
289403,982901,30856,963932,46,34
68822,793210,687876,950105,13,36
56748,828613,38396,879891,42,38
16357,870826,38849,388192,17,42
42873,723542,65294,951351,44,34
23705,945876,222746,892410,33,46
485376,917460,366732,911792,27,21
201287,379248,61058,882437,41,8
267475,850887,411924,968185,27,29
34931,902183,417483,654312,11,43
355311,849019,770545,980245,10,24
716502,860777,3242,995204,49,7
421928,958462,468519,672017,10,26
134664,376931,437421,994982,27,12
107707,981970,268845,929438,33,43
248864,623429,24276,270591,12,18
83700,898233,335834,998217,33,40
418747,936136,150258,522705,18,25
232253,818174,166251,964465,39,29
98479,293869,644305,832911,9,9
20492,793495,12508,835079,41,38
819265,903688,12769,992634,48,4
827,51829,351005,605609,12,2
551706,947020,599393,765915,8,19
213128,948397,3810,813114,40,36
395449,831290,249621,953215,35,21
152774,967885,168821,305741,6,40
101568,805169,307926,979858,33,35
12651,272655,91164,998128,45,13
192385,562050,250124,941306,34,18
130772,931469,196745,312576,5,40
479617,816142,466750,695611,11,16
168505,561655,91710,451015,17,19
259800,951904,248967,713250,23,34
712914,750721,391565,853407,23,1
79910,772843,62069,666412,30,34
227614,806354,554837,616424,3,28
255568,770591,288599,580509,14,25
171486,257346,517557,599464,4,4
7391,688461,70404,922661,42,34
162578,516233,4694,846447,42,17
35971,621707,72314,430109,17,29
104170,814883,18767,999084,49,35
167858,654239,226664,862272,31,24
455169,736965,446416,908775,23,14
297933,632991,249806,431674,9,16
156434,515182,122329,384753,13,17
144178,923657,249356,796872,27,38
149305,608498,16586,950522,46,22
432051,747369,91443,832161,37,15
27991,967828,326384,637274,15,46
51286,689875,141002,983109,42,31
392288,707652,284535,945633,33,15
109033,994120,655235,743783,4,44
704915,963010,8295,955252,47,12
205410,629836,185744,506721,16,21
335672,646314,319684,722771,20,15
431438,769981,258389,660222,20,16
45362,306251,373555,572935,9,13
306660,921034,172756,553105,19,30
96496,981931,239331,339374,5,44
177421,706829,8783,961985,47,26
9464,877783,674176,880416,10,43
159555,858927,130253,933286,40,34
42848,188726,325755,914853,29,7
111579,422336,234705,536475,15,15
389589,423107,61723,673314,30,1
16101,514158,220000,956218,36,24
83175,825337,593609,978334,19,37
891435,896100,273427,950379,33,0
6685,869057,178147,195565,0,43
211210,929265,15469,423603,20,35
10377,418389,76472,431566,17,20
58104,989016,614,820591,40,46
398261,812174,13333,864416,42,20
48386,976574,4798,379479,18,46
354940,906601,513073,769625,12,27
54848,919354,522862,657293,6,43
59556,997979,206232,624219,20,46
426066,847089,798075,810386,0,21
40275,821000,20819,979868,47,39
74222,916193,284409,557165,13,42
626432,911721,379476,637797,12,14
674590,843091,539573,883040,17,8
474341,513588,360426,670355,15,1
295607,819676,63129,864685,40,26
3703,996249,100351,997950,44,49
193426,828569,3472,919670,45,31
10017,930035,23259,972846,47,46
288576,819858,412018,606863,9,26
368779,954679,344332,653510,15,29
272660,613502,93274,788624,34,17
294103,320650,430551,439349,0,1
25474,970633,73149,907483,41,47
91360,101481,1935,536508,26,0
146302,751335,195916,321472,6,30
125514,619801,92063,697006,30,24
947399,966642,14229,992852,48,0
37191,755220,40900,950433,45,35
180453,999212,526880,686023,7,40
256824,923865,391225,693031,15,33
441282,691349,41480,816497,38,12
151089,927317,10691,930712,46,38
45423,796346,303698,587658,14,37
294499,439471,58752,859628,40,7
690837,750918,158049,671444,25,3
122047,368759,318454,716646,19,12
489162,919297,97694,297826,10,21
11491,628332,196428,524502,16,30
53832,917730,9586,324757,15,43
15629,980379,33134,567260,26,48
6717,722914,638749,773103,6,35
169499,972158,88800,444026,17,40
433107,955552,784209,805464,1,26
381957,734074,36119,956026,45,17
49461,533413,79016,147260,3,24
95615,799626,532336,787827,12,35
601170,732670,677184,878835,10,6
58532,725588,689,642542,32,33
56368,347602,141290,821524,34,14
320169,909257,749770,785192,1,29
290107,355568,314538,690794,18,3
265515,750234,112904,429456,15,24
426856,573037,91437,509321,20,7
87150,976981,87482,958489,43,44
306546,916410,294966,804600,25,30
156323,381735,161737,799063,31,11
195571,893668,707323,767639,3,34
191007,549337,129774,444954,15,17
165062,603790,57844,889249,41,21
398731,936670,8178,655786,32,26
53260,586064,262727,964908,35,26
447320,649574,635519,905599,13,10
166233,920732,2933,994029,49,37
19720,755045,73332,973947,45,36
39663,860244,93321,548430,22,41
260058,356540,40419,721333,34,4
132690,880329,465814,984658,25,37
134569,182740,331572,895757,28,2
80590,979853,712390,893311,9,44
426590,804658,292763,824722,26,18
678570,699097,98930,999959,45,1
217630,566115,140628,968603,41,17
319770,833200,225005,641106,20,25
315666,376791,5704,918188,45,3
86235,671916,235979,795992,28,29
207836,951864,44593,925827,44,37
365102,831297,266696,899256,31,23
88620,635741,228489,834623,30,27
616579,929182,627052,954237,16,15
40133,853346,272969,882408,30,40
26211,788870,5291,996864,49,38
666440,898937,9956,992075,49,11
254675,840624,369582,641343,13,29
31700,580817,188127,766703,28,27
14789,984361,25021,916662,44,48
673799,768505,779094,986134,10,4
645122,991133,424946,961394,26,17
161216,442633,188139,859026,33,14
252343,956288,141404,581234,21,35
814822,840324,61779,199633,6,1
241279,980419,191097,981916,39,36
53023,964199,176876,899095,36,45
48969,509828,845787,960308,5,23
234683,836129,491676,901872,20,30
733684,992269,7758,997034,49,12
565242,656437,187776,679142,24,4
337174,814153,214072,578082,18,23
56917,143702,642587,970411,16,4
79517,354671,3717,767531,38,13
8946,990260,715943,988046,13,49
231730,324787,210661,918163,35,4
654122,890238,301639,458466,7,11
508912,908193,523923,735900,10,19
412101,577240,567480,791117,11,8
120171,893950,279845,631784,17,38
2326,982087,434193,824011,19,48
297010,929583,540704,596413,2,31
337420,402374,267303,294940,1,3
632385,989174,330177,617116,14,17
441180,888423,332495,475656,7,22
79458,248194,36368,528849,24,8
430353,548596,216024,497165,14,5
2314,283965,255518,981285,36,14
176813,897032,111066,827820,35,36
748004,951609,149149,243594,4,10
13167,998042,16318,997597,49,49
2252,587112,93595,478149,19,29
71060,771739,176328,917022,37,35
394107,737707,56547,214978,7,17
79686,929056,476971,811235,16,42
226820,353411,47783,968320,46,6
611187,772168,43026,972619,46,8
8789,505058,174724,669716,24,24
470405,794620,282767,761592,23,16
64369,890546,4501,908867,45,41
19920,816316,173627,645089,23,39
84914,966204,7276,998834,49,44
239232,965411,135524,870828,36,36
112576,627042,50214,969384,45,25
119949,803911,402726,784089,19,34
686835,844980,39401,465094,21,7
20784,976905,203021,501151,14,47
38204,818767,138773,541870,20,39
18441,211480,287510,913912,31,9
37828,992311,237904,775818,26,47
401851,643457,16164,908931,44,12
168231,810879,172273,968762,39,32
468798,950939,243296,716801,23,24
125102,516079,71830,746960,33,19
549799,916287,250386,701603,22,18
54348,972714,25814,565134,26,45
249831,404263,19966,269536,12,7
469567,948641,284795,442519,7,23
66549,894972,80776,980440,44,41
1214,692541,176297,891760,35,34
128904,543475,483570,981171,24,20
447865,944762,420706,438039,0,24
174401,582123,611788,986423,18,20
408549,690903,35580,998415,48,14
174231,478895,369633,937323,28,15
835530,907124,113430,875321,38,3
23881,661588,240654,804755,28,31
336442,713565,15277,715645,35,18
153252,210997,50773,286232,11,2
110114,418049,76778,526557,22,15
154934,970976,153710,786169,31,40
340317,503631,31589,929272,44,8
198220,900338,22589,973320,47,35
48749,644820,29305,948571,45,29
243814,826164,121123,531260,20,29
11109,942166,360827,967710,30,46
138735,230039,326039,687591,18,4
430709,550398,364592,555891,9,5
181853,888606,61506,749410,34,35
56378,636437,65032,649213,29,29
532847,679895,1684,611136,30,7
401562,987440,527550,991887,23,29
173215,676903,309996,997706,34,25
112357,493855,468987,933467,23,19
292700,773715,172612,882359,35,24
345011,804480,88327,643172,27,22
38666,735396,318718,764723,22,34
248767,303285,262759,991785,36,2
270506,989483,364581,954832,29,35
82232,330079,111034,812865,35,12
476350,981791,28186,956387,46,25
44807,921215,5062,937958,46,43
503025,694067,31075,967720,46,9
181667,212844,30657,921489,44,1
256197,998619,58610,918791,43,37
21577,693674,43187,816747,38,33
45024,230249,44041,311611,13,9
148764,477901,283126,396325,5,16
75690,827280,47443,998540,47,37
371698,712930,305,998009,49,17
3202,992921,217621,336586,5,49
287721,683372,188040,715150,26,19
217710,933674,27662,995363,48,35
343376,969975,578366,974880,19,31
173863,178254,22542,975328,47,0
89677,497684,177998,201688,1,20
416876,460440,12487,791143,38,2
62852,566963,9942,988910,48,25
185905,193289,646553,731966,4,0
258261,396912,65392,364451,14,6
72811,846061,10499,873261,43,38
19756,991837,606876,986119,18,48
177368,836603,149769,976905,41,32
75625,994664,15518,491957,23,45
30467,897794,262909,822711,27,43
69307,912048,268523,651249,19,42
435384,521869,142289,653440,25,4
25017,998532,193863,930195,36,48
146,927357,114359,995254,44,46
9081,422486,728680,885009,7,20
162953,706738,539397,721882,9,27
10467,751108,632605,885447,12,37
89600,565137,32956,63654,1,23
11216,941588,108045,493823,19,46
43291,871694,157523,884473,36,41
310175,859146,88725,797957,35,27
673871,972364,58500,988657,46,14
557758,678607,425952,775296,17,6
691962,776825,57966,914587,42,4
939,518358,137212,745208,30,25
245570,321379,134007,342784,10,3
27149,125925,429531,666001,11,4
13552,988129,320583,867946,27,48
265556,367212,216912,638872,21,5
619110,936313,164323,942983,38,15
273531,801101,658394,933314,13,26
11842,943303,116775,358109,12,46
87179,930262,14679,957789,47,42
127952,297762,2941,919112,45,8
245002,467951,298101,769335,23,11
389523,533893,307812,880368,28,7
68181,99203,454834,675106,11,1
177715,465687,700225,780746,4,14
507622,954276,163619,555473,19,22
225607,952193,234129,768428,26,36
230990,889401,189223,738592,27,32
69665,350685,589799,897276,15,14
77082,905038,391,998938,49,41
502714,830113,382102,966027,29,16
100906,699308,178021,698177,26,29
48113,972592,21922,991505,48,46
63613,554595,157627,195256,1,24
43690,887874,140398,280443,7,42
99136,787954,526620,712968,9,34
135325,859498,794325,915665,6,36
60459,962898,192615,744622,27,45
77485,833009,68533,621564,27,37
706764,882155,340158,544780,10,8
98655,349625,86900,917708,41,12
301237,410601,1048,993738,49,5
62616,225090,239223,768005,26,8
684944,761010,9071,995224,49,3
581067,730725,375904,696094,16,7
91214,313498,230173,761974,26,11
95912,947158,238688,905029,33,42
503123,834058,263515,638529,18,16
78688,137570,440655,731759,14,2
31622,999712,829864,925927,4,48
454314,736124,74816,956238,44,14
50485,817608,296197,803817,25,38
602177,878811,233797,435063,10,13
200265,983527,74959,800650,36,39
400684,905483,259199,764323,25,25
12491,457165,2138,743353,37,22
69786,997581,24405,809814,39,46
38404,334820,85980,921065,41,14
80548,139404,64206,735324,33,2
42183,917113,180891,564363,19,43
507144,759478,123901,873841,37,12
238495,775052,67883,818271,37,26
261848,522051,20738,778130,37,13
508164,676571,85886,831512,37,8
451749,764643,26899,741450,35,15
51373,961988,390221,796078,20,45
195040,391240,121625,860063,36,9
438757,596873,264990,556051,14,7
352900,644240,174047,380685,10,14
713398,717955,23943,884792,43,0
30791,766668,739357,974894,11,36
450523,854835,814497,911471,4,20
830834,906179,879889,944745,3,3
414640,442526,202910,830375,31,1
618442,926580,772412,822438,2,15
2983,976668,68061,142245,3,48
10309,996785,62585,842082,38,49
8921,989064,369575,523389,7,49
28162,187532,758281,814114,2,7
130675,192605,289059,578705,14,3
150525,958338,582375,890457,15,40
148557,833407,672058,966763,14,34
53667,974284,5676,651418,32,46
77931,571254,413082,957502,27,24
190735,898385,283575,761453,23,35
40740,971257,67625,118965,2,46
5526,743751,77809,962542,44,36
741943,837282,536392,948779,20,4
33465,892801,88403,675278,29,42
30209,893002,48323,527385,23,43
513598,978553,505639,982664,23,23
275796,940993,120093,950648,41,33
467995,695981,87714,640453,27,11
6175,913157,85153,979304,44,45
340863,970960,53083,944736,44,31
204270,527897,354344,973321,30,16
12897,983482,56480,240188,9,48
79014,808292,162380,419700,12,36
418918,652337,72209,877128,40,11
747536,948458,9362,929877,46,10
11109,675189,46628,966834,46,33
36346,992085,543381,618887,3,47
238321,424584,138189,819297,34,9
7324,933176,265946,692450,21,46
343713,610453,165104,448372,14,13
224752,942280,113184,999171,44,35
696538,714711,34683,848434,40,0
147335,341023,204998,705494,25,9
230624,430606,371956,957947,29,9
474668,833607,74510,144858,3,17
8091,600494,17448,982143,48,29
632906,956665,65945,752120,34,16
827359,962386,549005,708972,7,6
634062,673341,193437,995210,40,1
403881,543456,424077,671253,12,6
580137,765968,170039,981516,40,9
144933,356940,86291,777290,34,10
297045,969926,661009,926643,13,33
961392,988160,7043,941780,46,1
36160,282356,545625,563955,0,12
525883,994634,72771,383671,15,23
11683,958329,92460,411771,15,47
129498,815185,626176,804836,8,34
69016,661349,100135,930632,41,29
98236,956495,150220,908064,37,42
90386,473885,92279,859134,38,19
48402,840394,549473,790837,12,39
146748,707634,156829,888305,36,28
1932,999353,365494,844495,23,49
794943,975257,601155,725486,6,9
51237,758332,43517,906187,43,35
827763,869936,60943,863631,40,2
122824,977994,686582,876183,9,42
279815,590955,390328,617427,11,15
11,977118,289444,442429,7,48
596177,648371,817811,967982,7,2
225991,831994,555705,631545,3,30
334374,514609,972815,996687,1,9
275471,645418,28851,953157,46,18
217739,466886,36356,623909,29,12
79407,693085,245973,616374,18,30
14078,987558,111479,590172,23,48
209641,847110,454180,539385,4,31
187700,979362,352554,848233,24,39
11902,81887,231744,772334,27,3
387428,462816,11047,963543,47,3
494688,557033,443849,526506,4,3
200309,997608,149,995656,49,39
466557,612606,23254,935924,45,7
357422,669675,298527,482217,9,15
791771,973236,315168,539113,11,9
114095,248820,107131,633866,26,6
616901,985743,522023,717116,9,18
278509,316389,560372,645887,4,1
628879,640876,463088,662150,9,0
51010,945955,7797,65323,2,44
193247,920016,871484,918167,2,36
108002,695153,606966,696560,4,29
372963,832849,181587,844930,33,22
98501,935575,99415,171710,3,41
103944,753970,646150,961913,15,32
4878,571935,248889,302178,2,28
774215,899827,381974,879176,24,6
278849,845134,110922,943235,41,28
866544,929618,135048,565160,21,3
673365,759483,22362,552459,26,4
344984,820591,10216,946060,46,23
320382,657698,193549,872867,33,16
94772,920045,161708,414449,12,41
444128,602928,175722,485136,15,7
395993,980757,668110,713047,2,29
119158,941659,87894,847297,37,41
478790,542643,21689,943844,46,3
283291,973373,366912,782516,20,34
747679,996293,767238,900579,6,12
114685,662733,176963,632588,22,27
153411,923520,479501,924074,22,38
332195,746598,724608,968804,12,20
393773,619812,184797,894870,35,11
323959,957374,71870,400476,16,31
487099,600620,143956,470872,16,5
236333,453107,2593,999961,49,10
352146,800000,16476,295715,13,22
153752,914470,184387,792177,30,38
43730,422953,732009,876870,7,18
429797,719468,95670,864526,38,14
14720,967246,85787,698942,30,47
9848,962889,110852,966008,42,47
271395,599399,2679,999669,49,16
393596,764999,604998,816718,10,18
534974,763906,12513,430430,20,11
59646,304438,325829,940032,30,12
132949,831153,98170,329736,11,34
539990,923499,66505,684190,30,19
340852,880233,200274,536212,16,26
117748,491018,24649,34916,0,18
45377,997203,295503,992831,34,47
50008,86101,340075,776816,21,1
338264,457655,107588,933120,41,5
378280,913975,154857,638747,24,26
410218,558934,127858,902583,38,7
346923,904820,586756,651884,3,27
495141,916064,82638,778562,34,21
480801,947285,11105,908107,44,23
108438,840966,457246,885185,21,36
309364,350316,118650,529303,20,2
356903,535403,39052,365794,16,8
109511,121267,169304,909179,36,0
56,980653,20604,999318,48,49
52068,820066,634255,795908,8,38
495887,632169,87022,985842,44,6
63139,902655,66025,651374,29,41
221022,954427,655468,989293,16,36
140716,889373,593896,899058,15,37
156769,732039,161684,908677,37,28
249421,828006,56331,390582,16,28
18642,276828,401489,547093,7,12
241804,680676,5346,995551,49,21
356635,592971,9823,618286,30,11
5546,52308,498002,678797,9,2
697934,716547,538511,552389,0,0
631540,938796,840361,927017,4,15
649702,769406,75317,940253,43,5
19430,776270,40970,469163,21,37
22167,969127,4671,984866,49,47
152514,985495,791907,940094,7,41
369732,534841,281587,979498,34,8
455558,502775,195075,793072,29,2
293717,883811,30587,368684,16,29
28203,991231,45065,980456,46,48
147275,769796,42484,803306,38,31
477747,914140,100951,713415,30,21
48663,402744,255008,692193,21,17
200124,996185,328354,929092,30,39
670492,883688,759783,890071,6,10
110409,862513,315049,768756,22,37
175600,962059,161007,981747,41,39
322524,510109,141948,189303,2,9
173449,903808,226876,997427,38,36
24719,755081,238876,995971,37,36
92793,553652,275943,869286,29,23
92051,202770,104438,822826,35,5
581612,973556,771648,783667,0,19
65858,905143,266355,926144,32,41
31700,643164,34576,692262,32,30
162635,390636,29916,798026,38,11
239547,617349,8538,920760,45,18
371838,622981,35894,883182,42,12
208821,836935,195756,946726,37,31
257694,867202,40186,895926,42,30
487426,646265,344252,873596,26,7
410939,982751,263230,939218,33,28
93841,286417,20961,902332,44,9
221922,912084,85941,908957,41,34
270618,511088,184864,498879,15,12
532879,871618,340559,992711,32,16
198700,401741,269150,969370,35,10
116377,964831,12027,990878,48,42
567139,597101,507580,947884,22,1
91577,753325,17324,515891,24,33
32230,964072,17568,553530,26,46
229014,847789,539576,547734,0,30
173937,460057,552367,952429,20,14
523225,610082,254088,291494,1,4
194002,773677,58803,740611,34,28
69912,958587,326843,954845,31,44
128947,675606,31088,974434,47,27
332821,959508,81889,867923,39,31
267757,900958,642482,789684,7,31
499231,775779,104609,773287,33,13
377769,956423,512115,941494,21,28
57471,572495,87819,912518,41,25
85643,191407,106692,833067,36,5
417942,527775,17992,533906,25,5
509451,992219,22175,831846,40,24
605934,975174,30875,990482,47,18
724988,794856,346348,946328,29,3
26425,885627,195396,599607,20,42
289461,849564,771633,992708,11,28
192348,697488,594012,991597,19,25
515241,977786,51439,959105,45,23
108866,641394,437613,946016,25,26
314157,914508,130099,721291,29,30
54731,998570,12402,788861,38,47
654760,974498,396364,896665,25,15
512292,835778,37538,998996,48,16
8958,843812,83875,850969,38,41
21257,949469,356583,980921,31,46
88662,919132,309123,474560,8,41
7255,556089,37916,765603,36,27
6542,946793,616336,845196,11,47
453589,916686,436,940814,47,23
182000,818558,49870,742983,34,31
111793,348979,70080,274354,10,11
460808,725330,54926,883335,41,13
294300,520521,376046,866310,24,11
65561,480328,385735,621946,11,20
1384,339794,333346,728279,19,16
181006,305173,79544,809148,36,6
67858,670081,4808,707090,35,30
322270,908018,54019,896531,42,29
158636,978994,33340,866083,41,41
875066,927743,35079,410847,18,2
722564,933228,166625,975689,40,10
14755,947405,78197,567228,24,46
22145,23929,781219,952167,8,0
457531,733872,471333,931062,22,13
3086,329796,330238,857162,26,16
265001,711394,513983,548505,1,22
101917,579070,685556,764540,3,23
300655,856005,17393,608999,29,27
447494,486893,336170,385243,2,1
101260,758491,294655,702274,20,32
249744,609036,196822,935235,36,17
290139,848091,13968,814862,40,27
6672,992119,429391,475947,2,49
154770,628371,329601,933124,30,23
472036,963569,104983,541822,21,24
591681,616107,255208,795171,26,1
481955,684251,223805,974729,37,10
506157,675136,42181,424952,19,8
213441,956241,826424,981601,7,37
244202,375183,114642,727532,30,6
611322,954311,175270,585741,20,17
100614,975835,525409,861927,16,43
688188,921605,568084,690078,6,11
460639,718852,294936,315196,1,12
39635,442908,223060,980006,37,20
131448,802375,75888,920557,42,33
211831,883790,927133,937907,0,33
29314,771949,105036,267432,8,37
236593,361119,545160,883889,16,6
399984,433602,431497,496625,3,1
134553,850458,188638,644828,22,35
175130,821049,296311,678324,19,32
264715,563610,410763,779756,18,14
634879,729156,137743,798938,33,4
7631,990600,328079,846883,25,49
355822,595727,325138,410054,4,11
237765,363764,102727,949726,42,6
120388,698651,170483,257388,4,28
177678,983658,18282,800308,39,40
770397,845023,376229,862617,24,3
838681,872466,119496,946821,41,1
257151,421356,38433,996339,47,8
994725,996246,624606,861899,11,0
485955,883271,87574,942199,42,19
122788,998707,301826,761551,22,43
133201,936636,169237,559233,19,40
192107,847344,677857,679428,0,32
678875,782574,115783,713158,29,5
526388,774250,8273,793176,39,12
549131,984289,17575,779028,38,21
90407,972431,37550,989263,47,44
339478,593162,165312,239497,3,12
617461,923190,886700,900335,0,15
103557,595782,319687,640805,16,24
9605,643077,435483,935538,25,31
301275,581519,78806,704581,31,14
68728,652885,622617,991559,18,29
53090,861621,174209,993375,40,40
118401,254237,650733,686183,1,6
9447,954820,30175,981707,47,47
637060,815788,164772,934432,38,8
112948,918526,7893,999102,49,40
689372,808362,165255,286574,6,5
416920,443833,159286,818606,32,1
21506,826637,20019,871267,42,40
24064,991959,640850,857689,10,48
295042,948823,6722,777511,38,32
828079,901421,269666,906578,31,3
26241,827247,105700,747253,32,40
748868,876133,40514,876387,41,6
308507,377763,667847,712918,2,3
14002,982966,4859,799552,39,48
508702,521090,51990,888119,41,0
631030,900524,276831,874617,29,13
70966,855881,64109,699365,31,39
241473,448045,333315,485248,7,10
176770,847623,755922,890766,6,33
121802,541491,54610,970662,45,20
57540,354670,207501,998999,39,14
473383,571334,32980,803800,38,4
291825,575025,984485,994848,0,14
161053,481781,50178,508564,22,16
110724,916680,205356,223941,0,40
106437,831427,142840,507495,18,36
5840,997968,69918,915482,42,49
713302,918549,30372,676027,32,10
232646,985422,10865,213333,10,37
586532,979432,92433,881912,39,19
376090,495605,690866,919470,11,5
65399,115372,160053,949682,39,2
718535,846777,485125,490948,0,6
5521,983450,217537,840374,31,48
355634,689157,153036,903476,37,16
540038,810100,831297,931192,4,13
408157,728656,160152,223994,3,16
5614,795156,60107,914359,42,39
442294,746527,73047,855690,39,15
520327,592142,728548,747107,0,3
58422,513058,357878,727580,18,22
675700,892890,23583,978880,47,10
15280,555294,337223,388010,2,27
17290,909133,589055,996233,20,44
221076,585608,340109,980678,32,18
5867,987389,112586,901220,39,49
474351,760307,49591,969045,45,14
573310,606170,221826,813428,29,1
113728,312261,77931,832377,37,9
70253,539814,453579,536551,4,23
167383,845999,287069,920605,31,33
224995,916957,106143,702315,29,34
4800,999416,34693,685460,32,49
405231,582739,118334,724155,30,8
4278,994633,396996,485543,4,49
203353,699311,115523,960678,42,24
366018,984567,18422,644534,31,30
642994,922972,405509,575168,8,13
303928,740469,453072,939028,24,21
405178,984766,635656,644903,0,28
111428,873531,891057,977261,4,38
317714,960689,815665,858841,2,32
111732,985619,477349,646993,8,43
121917,510168,133799,968258,41,19
15167,891038,40292,660001,30,43
60557,946754,23259,840082,40,44
568984,781943,189230,796519,30,10
84490,92179,807967,856367,2,0
668192,710176,1118,942371,47,2
91237,766972,66333,671421,30,33
718735,769430,380627,982844,30,2
523898,715594,194034,956300,38,9
129752,455958,29858,940852,45,16
104215,854724,326562,931623,30,37
89652,329362,68546,863548,39,11
661678,731873,430394,587049,7,3
99317,166659,233811,850227,30,3
279740,564980,433379,479069,2,14
512785,993565,38785,779006,37,24
192170,912928,562490,702663,7,36
631680,996702,131194,981653,42,18
848584,907762,878116,897083,0,2
21063,935008,598314,993876,19,45
165492,321459,59236,902702,42,7
5972,940344,452292,903969,22,46
34898,900003,18732,866131,42,43
365476,800389,197822,841861,32,21
340060,964303,13905,972907,47,31
173425,890835,8636,611597,30,35
142574,769317,75421,703326,31,31
314035,830415,137356,618484,24,25
53176,554245,4614,653470,32,25
71132,958829,175112,326032,7,44
391406,573482,289964,732265,22,9
273529,911648,103248,929617,41,31
553043,787732,68192,902920,41,11
255271,858727,35108,855338,41,30
14722,928770,281521,729193,22,45
484846,878353,528368,673684,7,19
9299,902927,40472,885585,42,44
380363,675292,677049,846439,8,14
124363,681843,16184,869188,42,27
8826,969626,17794,770741,37,48
858758,968964,309306,708538,19,5
12225,630028,92078,993601,45,30
197113,668314,612943,784697,8,23
5167,980183,64921,966796,45,48
559345,665902,227971,673881,22,5
64592,457539,48126,965498,45,19
274876,631857,153084,961667,40,17
458296,907781,96439,900463,40,22
170771,802084,102465,590834,24,31
190531,886807,9386,910767,45,34
198369,584739,115055,613727,24,19
10891,999995,86917,992827,45,49
2251,594675,346228,508503,8,29
592923,723222,800902,971346,8,6
99611,556505,9491,507713,24,22
129029,913206,176991,323805,7,39
147746,994043,409451,861726,22,42
212266,948294,234189,687801,22,36
375819,864874,353623,495436,7,24
166500,968609,79419,567426,24,40
307293,807462,74959,880614,40,25
568696,677387,514799,688397,8,5
273800,826175,400524,791265,19,27
167695,764382,218024,969007,37,29
159843,442521,10346,454553,22,14
248988,632823,284714,729911,22,19
134423,348356,370535,534091,8,10
48107,914788,122076,618452,24,43
24983,959306,184745,942944,37,46
2229,999499,288614,685365,19,49
196655,763888,115112,560005,22,28
281837,854632,726582,890517,8,28
219660,986329,213110,368199,7,38
23629,255721,321288,775438,22,11
17564,992771,113722,565422,22,48
464595,514659,143474,602009,22,2
80953,967362,395208,790445,19,44
420129,912256,212992,390856,8,24
875057,919273,455936,855553,19,2
82810,496501,251121,644502,19,20
312484,409720,18529,409751,19,4
128478,481030,159524,617084,22,17
264933,322290,553511,718047,8,2
598388,661340,371907,813141,22,3
666343,795036,266109,661818,19,6
430040,655434,442858,836440,19,11
