436710,999515,61543,539344,23,28
445106,922403,176658,202665,1,23
6797,996941,16721,995456,48,49
357261,804130,5853,843371,41,22
74133,494726,440517,816555,18,21
394040,744594,32013,474982,22,17
38586,96300,7172,988458,49,2
67400,432855,295323,626499,16,18
555781,996177,183035,403246,11,22
140893,318986,318699,476900,7,8
110939,849842,769309,984085,10,36
87812,821686,747,931564,46,36
363325,956418,176744,477719,15,29
650578,816043,169092,984420,40,8
153332,403467,132427,661686,26,12
325757,858007,56955,951920,44,26
614092,799996,386367,639750,12,9
151958,709573,233555,822932,29,27
175677,976042,196663,999006,40,40
9487,955397,428884,482012,2,47
482058,754978,177876,656893,23,13
78356,949105,369347,713745,17,43
114128,983111,36072,923117,44,43
3027,842963,387014,836509,22,41
16665,969818,120056,931911,40,47
246374,972858,144791,964861,41,36
145587,942248,16555,738542,36,39
144266,901569,128377,965950,41,37
384158,452819,145945,691177,27,3
15271,999680,119809,215602,4,49
81886,974818,10225,911084,45,44
14436,930642,47412,833855,39,45
258271,986159,481955,674729,9,36
16374,308918,290608,317733,1,14
467059,828836,99665,595547,24,18
294663,809800,756046,991275,11,25
72379,915143,520071,774578,12,42
56456,746466,683169,986155,15,34
12992,753866,599537,675061,3,37
1890,860735,105119,651127,27,42
365616,652379,45877,820330,38,14
542073,623710,307170,422961,5,4
120394,306601,30768,904995,43,9
115329,499400,3718,572027,28,19
28451,175313,240709,812603,28,7
106116,498933,29028,985758,47,19
45174,901059,842841,973067,6,42
259302,939508,441818,966667,26,34
196431,730242,425282,967198,27,26
172679,894313,14071,673920,32,36
369169,993119,418445,779248,18,31
896925,993096,174097,783951,30,4
52798,993552,13509,875710,43,47
930087,981581,69119,566215,24,2
470924,871094,132181,918211,39,20
204747,895958,248594,720817,23,34
111145,917967,93936,985651,44,40
521953,756561,423073,979791,27,11
163382,486571,336682,924577,29,16
109985,370295,36665,996839,48,13
512562,853886,49616,307133,12,17
426002,916661,74497,790860,35,24
253515,847161,73541,83436,0,29
128782,207080,297046,955141,32,3
11572,991335,286271,519657,11,48
191817,833556,346340,980598,31,32
432423,874944,493041,677579,9,22
192375,211453,163553,994111,41,0
805813,893254,30047,294080,13,4
738585,842351,468759,509155,2,5
314702,552749,246093,706256,23,11
94416,449900,27739,838531,40,17
215084,911644,592522,773826,9,34
752036,881808,493252,616039,6,6
208741,876662,446642,514432,3,33
704518,906596,23536,755081,36,10
57472,875919,80464,841178,38,40
246761,718576,71579,958240,44,23
79177,950623,117945,743707,31,43
61868,868418,178046,676900,24,40
779741,866554,333083,972727,31,4
664359,789706,95240,899731,40,6
122763,701048,401139,799402,19,28
342204,870109,214773,914595,34,26
145818,750691,46699,996477,47,30
105094,954898,418950,816738,19,42
71363,647516,458053,783248,16,28
549270,914447,102971,133441,1,18
555245,774184,771774,789991,0,10
69133,687174,161510,980175,40,30
408454,652128,88189,954954,43,12
78300,378130,606819,918914,15,14
23842,931204,61714,966365,45,45
339891,938008,446699,781793,16,29
61282,981319,256954,899304,32,46
705837,931285,178261,980206,40,11
356203,924194,68503,203410,6,28
273750,752683,104904,816743,35,23
676993,961453,153557,615689,23,14
428875,957641,20333,951519,46,26
126441,609883,324922,352974,1,24
28203,997663,821296,844125,1,48
536090,589722,86673,862175,38,2
168043,948195,48705,931239,44,39
144006,995809,81941,849751,38,42
625736,916645,12498,572485,27,14
309210,931243,96891,961130,43,31
9962,911875,88781,823574,36,45
213342,552518,516124,916771,20,16
116295,968004,147848,990946,42,42
254569,401328,651574,901312,12,7
13979,970259,387754,464261,3,47
48840,177946,41322,187195,7,6
1995,982368,117778,529451,20,49
111704,433956,544690,883946,16,16
534986,646896,310808,386591,3,5
66314,997812,430808,950878,26,46
331523,967437,47280,966132,45,31
58492,911835,6472,954775,47,42
421110,556771,175748,759062,29,6
21696,939507,227185,538444,15,45
379204,918960,161096,762826,30,26
194084,417579,724977,999085,13,11
91441,998114,154362,165292,0,45
284627,912321,42468,818550,38,31
21805,939312,368961,548492,8,45
31438,553691,703425,816264,5,26
170527,984054,292701,793649,25,40
535817,940877,18177,623333,30,20
259999,675303,58697,683328,31,20
315995,363691,54344,907773,42,2
428201,661245,82545,924301,42,11
100956,532027,27373,939488,45,21
130246,592655,160990,990066,41,23
352755,393205,88863,994806,45,2
255363,671165,153520,819697,33,20
190420,416536,56037,786577,36,11
27973,790147,55357,944210,44,38
3203,931360,349118,864732,25,46
534646,650114,474805,712996,11,5
111585,297989,84995,642346,27,9
97809,902132,376985,957730,29,40
30220,943665,671158,868334,9,45
228911,467653,92210,703045,30,11
347903,929768,26278,711424,34,29
902263,919256,491463,955362,23,0
26507,540690,134780,910939,38,25
247868,369407,176383,190706,0,6
566189,607334,138402,869621,36,2
138114,650327,692596,789722,4,25
523667,647338,348544,400641,2,6
444257,954400,373116,818418,22,25
100650,880088,3165,849336,42,38
144865,606956,40884,912831,43,23
423434,702829,638568,906845,13,13
772245,889180,362644,972469,30,5
331812,480414,122077,925661,40,7
465744,908051,450596,670382,10,22
28065,489409,140306,831231,34,23
73271,914828,148973,981378,41,42
2137,575082,703262,862611,7,28
47126,983433,371291,612271,12,46
806373,944526,464331,636147,8,6
88011,782766,68092,856906,39,34
66688,894624,272816,863798,29,41
27792,944637,347106,720163,18,45
234421,798319,69436,918175,42,28
161018,915449,9949,853517,42,37
25510,791587,102199,225032,6,38
20608,991058,305246,323994,0,48
286045,307489,198101,624215,21,1
867441,970412,173139,665505,24,5
33266,973940,88690,481476,19,47
44929,895958,187590,985353,39,42
274242,925773,116553,761512,32,32
560216,985780,190103,312673,6,21
20980,713150,488758,900793,20,34
379026,801910,16306,875254,42,21
379139,653377,212678,901539,34,13
133161,742063,71530,966679,44,30
540498,977662,277818,563903,14,21
2841,524798,37544,991651,47,26
440140,813384,136944,780732,32,18
551673,718478,421681,726921,15,8
319121,385714,174203,660892,24,3
120017,485004,24086,953207,46,18
27988,919345,155775,534807,18,44
618705,984806,542296,920267,18,18
431100,709093,26767,985621,47,13
1471,977601,18741,962108,47,48
476079,780914,2288,727294,36,15
722877,962405,124689,635297,25,11
216867,789738,248408,422718,8,28
892619,968528,11749,881081,43,3
410338,881282,120070,123662,0,23
481553,548631,114497,940995,41,3
42987,771432,62879,605687,27,36
72799,681054,318104,579148,13,30
298221,399036,491931,960620,23,5
579983,969113,63722,986883,46,19
123114,890622,435361,954669,25,38
51514,937208,58337,92124,1,44
245341,952841,139554,493482,17,35
424979,738438,65067,973558,45,15
9395,814876,395578,870525,23,40
348059,792094,40795,967479,46,22
277346,371246,45224,714376,33,4
3777,952107,326074,692310,18,47
92849,419143,66397,868569,40,16
279150,947521,104078,949575,42,33
19047,886367,52533,645092,29,43
275018,858615,351908,974651,31,29
638095,964051,4862,871111,43,16
60771,733693,88613,572066,24,33
255265,575690,220532,777845,27,16
231095,520354,105925,737206,31,14
289252,834203,17182,687896,33,27
164522,636473,370768,837936,23,23
42844,869928,561033,940186,18,41
319029,550001,299158,678245,18,11
37268,870878,322114,872807,27,41
28298,453506,373878,705363,16,21
513926,582239,130482,513351,19,3
30547,900536,747206,983667,11,43
70742,773339,414483,966971,27,35
105340,786606,192759,743715,27,34
314357,833925,90266,977990,44,25
161085,723242,29398,990347,48,28
124100,863294,137595,590032,22,36
11646,805632,114229,991964,43,39
517584,897494,11471,992598,49,18
327632,846417,58439,994117,46,25
442436,606130,209255,641655,21,8
15555,557868,518203,998152,23,27
99593,192785,43646,898768,42,4
167568,983265,296451,755652,22,40
129938,950042,580880,769282,9,41
194305,936830,2354,952057,47,37
57923,439626,21461,883062,43,19
119976,927454,183463,413253,11,40
26256,514417,171924,987393,40,24
262220,950321,74406,880465,40,34
185371,217577,177312,767266,29,1
83797,827849,14873,189339,8,37
61253,910457,182557,380371,9,42
76492,705871,137817,144773,0,31
1744,141112,214812,275340,3,6
80133,885399,14802,271981,12,40
483688,602439,3315,919967,45,5
95678,999537,151380,508875,17,45
35698,680834,179890,661655,24,32
192087,713059,968944,970509,0,26
594469,763821,598146,850049,12,8
183089,795849,67512,167875,5,30
133003,571552,202727,271010,3,21
78013,963947,438525,970262,26,44
672769,699536,7006,487388,24,1
266108,527109,117978,741568,31,13
118692,917531,122655,752603,31,39
69989,771818,327010,961476,31,35
343762,791700,728639,871043,7,22
374366,836982,362680,731698,18,23
161075,598579,49788,592268,27,21
40352,503824,345822,942510,29,23
204267,516361,724602,870847,7,15
227554,577314,145838,638020,24,17
443672,746788,292435,503199,10,15
428547,434869,498692,500640,0,0
261601,371545,607376,900248,14,5
249849,368849,24299,426518,20,5
174895,236133,9321,990036,49,3
94033,940801,204693,349539,7,42
559710,896480,35355,997319,48,16
563379,851506,615883,772654,7,14
73991,769712,229449,955936,36,34
50823,757187,7126,987800,49,35
691050,974320,444032,692070,12,14
31338,932148,331546,771482,21,45
654524,930422,409637,965018,27,13
272611,905876,749097,958399,10,31
808902,915761,187816,926319,36,5
124710,974519,294166,739854,22,42
54007,138010,205263,849175,32,4
39268,656971,32762,875577,42,30
98558,849265,311584,795544,24,37
675855,959885,574281,974023,19,14
235650,739557,76884,738925,33,25
496405,746851,116264,341849,11,12
96867,983310,207629,795369,29,44
360228,739700,327495,448654,6,18
1640,985363,152325,454876,15,49
330481,988112,273045,825445,27,32
351193,393674,40160,232194,9,2
389238,955209,718022,767642,2,28
348255,426172,23667,969461,47,3
115030,200515,43068,574778,26,4
80334,684019,355215,892030,26,30
6703,917656,24608,769721,37,45
39152,156749,263001,707442,22,5
120757,615446,493133,997519,25,24
27094,936676,365088,960710,29,45
106093,496361,290356,793680,25,19
111967,969646,578647,585039,0,42
74946,951498,313352,932079,30,43
672557,912485,509350,651210,7,11
439385,907091,242521,568307,16,23
22905,972224,739511,765891,1,47
233310,939594,315887,742466,21,35
185663,532247,5172,954751,47,17
447335,793874,128119,513906,19,17
65473,835074,489997,848517,17,38
100143,664327,436994,519109,4,28
448675,802991,102050,813606,35,17
262734,826921,10224,956055,47,28
388683,431785,523526,529102,0,2
896619,961394,9215,167557,7,3
170321,666600,341884,341952,0,24
407015,972901,54330,373433,15,28
215596,801927,360583,761386,20,29
117971,986953,7894,511031,25,43
686564,979205,33486,716855,34,14
2933,916483,660022,889713,11,45
314715,669578,597417,800716,10,17
8044,944831,524523,995740,23,46
51782,787254,188209,920408,36,36
3279,608321,5420,991060,49,30
144994,305828,60105,893141,41,8
10470,935252,585329,994572,20,46
4481,817221,25674,886317,43,40
326945,384434,710430,802528,4,2
183681,757301,19495,913695,44,28
81068,83462,175504,548012,18,0
20847,964469,138549,612924,23,47
575840,941522,222876,838804,30,18
193851,964530,196234,380430,9,38
44799,726114,89692,946240,42,34
663563,810904,697342,846454,7,7
161684,921433,383183,992121,30,37
93310,655000,476684,902780,21,28
187953,938820,107157,205158,4,37
125723,611234,104083,461974,17,24
61385,924150,7818,995354,49,43
443776,708729,84635,148000,3,13
38592,862909,205124,715599,25,41
585131,859928,93770,822278,36,13
25771,996587,20409,707279,34,48
322285,968590,21689,936383,45,32
181039,749225,50791,885868,41,28
942661,955762,590478,925123,16,0
610235,970903,156223,742901,29,18
417758,995215,215874,583398,18,28
423612,447506,240,994420,49,1
480621,925203,209597,852522,32,22
4855,973989,241744,763770,26,48
684269,814684,173382,623038,22,6
262270,749582,205783,954774,37,24
98253,922535,33918,985444,47,41
110700,917615,803791,858592,2,40
160461,633001,243516,431110,9,23
646752,871272,510055,858962,17,11
671468,890553,76316,678712,30,10
178988,660199,252253,839949,29,24
868374,927179,664524,714608,2,2
400399,523496,333774,862897,26,6
50611,995617,25915,471994,22,47
296452,882564,210408,732512,26,29
533060,898456,575360,820381,12,18
398777,957293,14202,951701,46,27
258621,684262,113497,922775,40,21
140328,256599,93355,954199,43,5
73385,727780,238529,251843,0,32
273550,981665,74641,915533,42,35
397882,872500,301957,937058,31,23
326132,734134,54715,404557,17,20
429220,758658,17720,482440,23,16
137804,167341,221888,959209,36,1
134011,758746,515544,765751,12,31
25963,982042,55886,907647,42,47
229958,840755,22983,989732,48,30
22088,312820,158224,878785,36,14
128583,682512,47319,606229,27,27
120295,611291,562430,948310,19,24
708299,912914,83799,772495,34,10
11679,556140,182571,817976,31,27
347784,669029,205555,900216,34,16
173206,887547,507167,552407,2,35
19277,822518,9967,805824,39,40
174084,448353,420449,626697,10,13
32469,760196,433257,449510,0,36
443608,741621,49084,505062,22,14
105680,374723,265707,977863,35,13
191942,850543,488330,652911,8,32
127887,949770,214019,713385,24,41
4387,663418,386458,950287,28,32
170462,954591,16615,917422,45,39
17246,880428,270968,525900,12,43
718523,747861,36988,346207,15,1
138076,425455,212399,829282,30,14
106833,982634,330848,650922,16,43
108633,685542,229347,867423,31,28
82158,942650,538779,653217,5,43
208516,660989,456218,840169,19,22
88540,741740,6873,699804,34,32
34777,925205,55409,374850,15,44
134904,983719,336761,547839,10,42
282770,601852,338310,837425,24,15
74918,797368,83217,869424,39,36
433927,476416,431904,537551,5,2
630216,818747,601910,816278,10,9
584751,737633,378110,892169,25,7
134531,807224,215195,982176,38,33
282436,523516,79710,930876,42,12
631753,817812,596230,994727,19,9
246895,594290,300000,877312,28,17
632587,964005,35987,222924,9,16
6027,951866,23029,588598,28,47
13007,667824,242890,858735,30,32
266712,843486,117462,879040,38,28
98641,659459,60302,966392,45,28
10370,972564,139158,433718,14,48
101582,868761,152421,207997,2,38
242160,437290,585510,958391,18,9
827931,973650,131965,422710,14,7
104106,358710,525661,841854,15,12
380609,538248,146531,727868,29,7
187647,208115,32224,748196,35,1
319294,526615,82069,162096,4,10
100592,712730,372146,854157,24,30
831799,977798,71681,452514,19,7
127723,813504,26834,459593,21,34
24103,29316,175322,988429,40,0
34203,940818,203155,616032,20,45
201236,833537,276750,576275,14,31
648612,653306,310707,981065,33,0
234342,334025,37447,997603,48,4
5783,991657,149651,691105,27,49
101111,963041,59384,934195,43,43
195416,745856,26558,396444,18,27
551984,638788,67492,412038,17,4
167739,832470,12474,525274,25,33
123047,897892,32809,992410,47,38
114252,817560,833552,955951,6,35
179949,937897,443200,461545,0,37
845576,929040,174756,768014,29,4
221604,869682,36212,970770,46,32
351153,741336,225962,601968,18,19
301409,698443,307377,991521,34,19
156453,898852,126349,456266,16,37
42002,53723,7651,994475,49,0
913326,980721,911345,920580,0,3
315598,718907,108057,214206,5,20
142476,791271,21860,603282,29,32
193769,433125,170786,875500,35,11
317945,336902,631707,788861,7,0
140426,279970,69315,977487,45,6
217704,786393,672844,739242,3,28
95069,901683,73276,289871,10,40
300216,788194,158054,953229,39,24
18570,983222,252416,998828,37,48
392044,678402,207298,712880,25,14
231541,967983,373513,983392,30,36
569962,995161,584200,985768,20,21
305058,625690,492067,723871,11,16
768619,953458,159746,819797,33,9
263737,973577,529272,541519,0,35
117955,921763,118182,179316,3,40
283577,555451,721828,876986,7,13
47959,707808,1550,250974,12,32
53883,875139,720256,926890,10,41
115764,980484,819223,898427,3,43
656494,917917,320096,360036,1,13
7488,986928,315813,698511,19,48
32011,893226,17577,669992,32,43
330763,695611,319049,705385,19,18
5722,984091,588178,759028,8,48
546120,862820,610204,860952,12,15
407873,644993,767869,781131,0,11
162328,678765,92167,778925,34,25
9590,993958,403576,603545,9,49
204460,906078,340165,559127,10,35
241886,527920,142376,947579,40,14
85122,501379,95096,945824,42,20
463377,734680,176060,931324,37,13
399476,917984,112958,943699,41,25
49959,402624,146949,807806,33,17
409631,600363,69781,568591,24,9
198478,824001,12472,959181,47,31
208915,653492,217785,980145,38,22
38655,328650,159064,322965,8,14
71002,457239,258455,280288,1,19
58280,979501,16026,969497,47,46
193923,845086,66322,963192,44,32
27984,533213,10681,791208,39,25
253430,558866,170570,738169,28,15
82362,998338,289522,932371,32,45
497513,888168,16041,598819,29,19
572280,717900,320552,756270,21,7
586020,695128,154844,899343,37,5
120407,949133,209406,274642,3,41
761127,891109,58147,927333,43,6
102038,258871,14875,987423,48,7
609944,987387,835439,916588,4,18
451188,820248,120736,884612,38,18
193116,826109,4762,888169,44,31
259000,910881,24674,969455,47,32
64683,850368,102773,669567,28,39
766643,880660,182254,816720,31,5
483267,900411,229875,926114,34,20
424449,439935,162862,781186,30,0
327010,789451,16540,933723,45,23
6144,842492,759143,936179,8,41
62407,893681,162171,883969,36,41
286863,701327,44737,971705,46,20
490820,708993,81319,743622,33,10
54388,75270,52830,399371,17,1
40364,957364,136619,963238,41,45
79057,429968,256759,906782,32,17
12450,281626,440056,938997,24,13
11424,872988,574974,965995,19,43
690758,814063,581048,982016,20,6
58578,838568,45978,129854,4,38
561000,937199,598406,811725,10,18
671056,820396,653494,847250,9,7
4914,147932,65061,430959,18,7
50849,774282,170578,800655,31,36
156193,923102,157985,165963,0,38
389626,599460,144130,397622,12,10
212873,729354,277083,546991,13,25
514483,945951,215062,261341,2,21
22010,844489,50401,614236,28,41
57307,501657,187566,890693,35,22
78903,869785,127664,945077,40,39
326555,741260,158013,868691,35,20
100315,953740,53145,695596,32,42
280614,996699,71329,949890,43,35
452017,855952,417988,551897,6,20
465262,851743,309666,505209,9,19
376439,463864,266367,524050,12,4
66436,996845,640489,773256,6,46
35807,767930,173954,870633,34,36
68350,970164,78507,940356,43,45
258796,334752,282740,639908,17,3
218285,730077,96094,97328,0,25
290992,680281,740598,754840,0,19
266761,937446,89899,398644,15,33
48589,983596,411705,502402,4,46
665258,893494,34287,672867,31,11
319111,952815,154591,955562,40,31
393880,646830,569964,937156,18,12
109436,659040,4318,978231,48,27
423301,941349,141865,858297,35,25
964,660513,123753,947673,41,32
195253,748953,58426,239278,9,27
284053,348179,156552,893012,36,3
103371,946520,183711,749968,28,42
361065,489740,51994,764733,35,6
57727,674434,15491,943336,46,30
614168,967330,415827,972983,27,17
19391,988127,557,973900,48,48
326272,938053,68124,296125,11,30
597452,816084,538719,588794,2,10
84995,860974,637,568978,28,38
156463,618585,333869,869055,26,23
12417,959682,604002,853118,12,47
27635,641537,382185,629524,12,30
2262,944196,517652,937365,20,47
110614,896565,2787,974836,48,39
371945,998977,91178,804040,35,31
336128,519920,65042,860590,39,9
418790,711230,777345,969375,9,14
109885,616057,349122,870078,26,25
84188,453143,124586,940380,40,18
123567,881983,348394,728417,19,37
61673,886647,707004,964636,12,41
195133,965396,399367,919515,26,38
14131,72841,56643,857095,40,2
146737,878714,337192,459721,6,36
131114,958718,203613,821753,30,41
259222,728049,97556,216270,5,23
26634,893688,35147,701282,33,43
137970,580666,68488,693197,31,22
251080,990391,738035,905487,8,36
719407,846303,222105,987023,38,6
12071,981906,154266,620406,23,48
236122,678790,359342,843504,24,22
13820,945453,90526,253516,8,46
95971,357250,422423,942329,25,13
525048,910429,40178,949611,45,19
470247,736811,324710,336605,0,13
4844,995871,398808,848478,22,49
478083,908122,364,990171,49,21
660003,836979,37965,778012,37,8
19207,335942,168224,636254,23,15
207788,639506,441569,750742,15,21
31633,911407,3026,967911,48,43
20072,747142,335819,420541,4,36
649340,780354,107494,760673,32,6
280823,670069,390232,692336,15,19
182212,991491,105335,249930,7,40
17565,410917,568807,952949,19,19
208763,989526,32405,405660,18,39
292157,300468,254131,760670,25,0
149742,929474,81492,951259,43,38
47452,862327,377060,726839,17,40
98867,287460,805392,871562,3,9
258223,891176,492027,964723,23,31
183601,500418,457791,523960,3,15
603134,750221,499346,843716,17,7
677012,871982,182506,348501,8,9
137538,906378,24859,992735,48,38
192656,769088,31147,216516,9,28
66749,955160,26162,993796,48,44
416199,573201,52369,923649,43,7
690354,988113,28547,455285,21,14
254411,710533,145612,244465,4,22
340669,960961,502079,940251,21,31
38789,991351,306113,980965,33,47
240647,669278,268347,789033,26,21
9820,979470,230426,368270,6,48
326806,807666,313914,860845,27,24
184391,792666,208832,839301,31,30
415029,739723,212815,703540,24,16
62965,947510,254649,935998,34,44
632432,770122,525563,915455,19,6
312450,916229,530148,941576,20,30
478577,865827,745084,888748,7,19
256512,998522,16179,808138,39,37
553101,979678,119001,630061,25,21
265012,543662,463507,825102,18,13
150,982423,558467,813752,12,49
172971,657902,60997,939712,43,24
578092,598950,593982,779917,9,1
103207,895171,61372,905445,42,39
477607,791300,261032,564974,15,15
29219,241298,603793,635032,1,10
252947,331165,448128,982364,26,3
14240,720000,719134,743260,1,35
520689,960284,359387,742455,19,21
203055,512582,367642,906638,26,15
172338,798411,430312,598619,8,31
451617,941932,218597,840209,31,24
567588,630683,5274,925592,46,3
62284,543006,8618,894741,44,24
257386,527197,133696,358589,11,13
249295,970328,70154,829078,37,36
48775,945113,52594,470331,20,44
20490,948561,232185,796238,28,46
433342,567915,27844,857013,41,6
147606,457853,131170,940848,40,15
109946,645864,73886,934857,43,26
40788,805773,127880,911438,39,38
121251,943637,118851,966147,42,41
405878,996556,13114,963280,47,29
584883,986478,5675,988527,49,20
504464,860806,19518,305697,14,17
223632,786096,94638,695251,30,28
15688,801147,145321,662760,25,39
441964,967219,426717,947556,26,26
418124,981884,170989,839786,33,28
47205,435174,592872,836672,12,19
228435,404361,451842,492833,2,8
429215,690593,202917,495992,14,13
208088,793703,215336,303395,4,29
158531,406984,33545,851280,40,12
388143,870148,59405,659539,30,24
58105,927013,166355,169568,0,43
63665,982759,200522,702313,25,45
963802,984460,728262,880232,7,1
55840,811309,375056,928884,27,37
245235,670438,133439,250409,5,21
336468,416189,216010,436044,11,3
96382,883650,82191,858227,38,39
654672,690832,8290,976192,48,1
6867,995861,32291,987817,47,49
91101,975641,15781,816374,40,44
551001,839328,160755,497362,16,14
306425,683056,272979,991518,35,18
585042,819979,158394,938173,38,11
36148,890754,34139,725451,34,42
176633,273317,293731,851826,27,4
29430,767858,14277,896064,44,36
510490,790979,307371,896115,29,14
233942,863559,32322,621377,29,31
178721,460455,18926,979043,48,14
612689,735490,232047,716627,24,6
411198,624652,729804,911564,9,10
170558,618406,391712,987074,29,22
5081,149065,260772,729077,23,7
341587,845683,112457,331763,10,25
651451,935632,122817,650775,26,14
342352,754818,207772,665557,22,20
10959,999963,208756,855334,32,49
23260,960191,118928,945100,41,46
454647,572278,112266,121511,0,5
362376,646434,39148,965363,46,14
233604,983520,202246,240494,1,37
592414,957715,48053,560622,25,18
227274,938270,625114,992299,18,35
87349,631302,539766,546522,0,27
755606,936170,228580,819597,29,9
89898,600431,36651,839789,40,25
353557,408755,425239,988093,28,2
545583,749660,157050,902921,37,10
450261,508177,220598,801379,29,2
22554,727402,265763,989522,36,35
82531,766391,375938,747956,18,34
107316,613472,34914,497551,23,25
254160,627458,96926,619102,26,18
507114,824556,90317,445038,17,15
549687,587509,112964,206552,4,1
185811,903030,102416,678880,28,35
243543,961543,72690,375480,15,35
37495,835021,14470,973252,47,39
69440,487873,74180,874440,40,20
765732,993216,62160,962832,45,11
68462,946103,719794,750418,1,43
114676,886852,306129,682844,18,38
61290,953786,99580,755524,32,44
728635,987562,145232,878220,36,12
39876,861886,656614,762875,5,41
559593,886998,658776,696381,1,16
6922,774597,689097,717347,1,38
82299,513244,35033,984147,47,21
467754,569319,89880,939137,42,5
519074,765758,16714,687237,33,12
672939,892559,147950,797352,32,10
19460,973400,394840,404869,0,47
2831,969944,589503,777257,9,48
49891,843426,714583,920486,10,39
265841,832434,92273,907397,40,28
298507,883512,626968,702315,3,29
11453,935222,801786,848357,2,46
61913,868772,33519,723852,34,40
318679,650671,332774,698648,18,16
112762,694145,204718,935368,36,29
651105,662759,15324,993238,48,0
123109,232741,137546,515332,18,5
712256,915121,381481,517686,6,10
74540,685771,116138,713816,29,30
110950,141479,270780,882032,30,1
76932,351589,46598,977209,46,13
126679,839158,479639,959670,24,35
3864,753042,336333,518223,9,37
287701,416700,59626,261974,10,6
374073,704398,15408,541159,26,16
222968,657919,233076,706892,23,21
2689,729172,20325,937045,45,36
7493,975407,71270,720210,32,48
34732,41231,130214,168227,1,0
488283,812221,413952,663117,12,16
204490,429180,150313,978520,41,11
232498,972171,33687,975712,47,36
29849,917532,897130,976973,3,44
78556,939775,509011,670196,8,43
177504,576279,471817,949634,23,19
220894,575602,277185,383158,5,17
150238,756690,115308,950744,41,30
558006,910126,508199,728877,11,17
565583,745407,21880,802563,39,8
772248,907527,208014,886118,33,6
660367,898495,348823,774300,21,11
305043,374154,97500,179638,4,3
460556,630721,37399,104666,3,8
214742,933282,331740,934362,30,35
528224,823323,41089,691094,32,14
194328,927839,358345,836219,23,36
14300,936220,168757,987832,40,46
206189,761087,70546,644717,28,27
15745,966238,614427,763897,7,47
196741,987142,52189,489571,21,39
9371,216428,333496,643580,15,10
590513,795553,49352,263063,10,10
59243,281094,84539,867083,39,11
362227,429100,242343,945750,35,3
338189,513202,390693,806807,20,8
147694,418193,634314,965232,16,13
836382,969820,82888,771890,34,6
335816,960940,29953,816967,39,31
97801,729836,87793,826397,36,31
17021,881402,65958,784238,35,43
166187,960709,546829,742597,9,39
68989,500152,336096,771308,21,21
69883,604569,61945,854275,39,26
797365,814224,318781,619930,15,0
476784,952848,113,998405,49,23
20541,762723,175326,837092,33,37
179928,731766,19207,999726,49,27
54430,664685,250136,812149,28,30
45686,910298,24740,766154,37,43
276272,940682,434919,665611,11,33
476455,972732,289124,555743,13,24
19849,687224,147581,972507,41,33
340,503199,287239,931132,32,25
237297,891835,103807,953570,42,32
372871,814843,36916,891883,42,22
205391,750266,189068,986750,39,27
48489,956305,76018,842631,38,45
153643,948165,53084,203710,7,39
105387,243317,608518,907424,14,6
335647,694241,74160,405043,16,17
21229,999995,161630,250466,4,48
67349,340616,434064,851352,20,13
438589,981289,618674,844520,11,27
387217,562040,322651,851174,26,8
24259,848268,235137,639613,20,41
102187,616790,258331,775410,25,25
278486,762403,13197,773364,38,24
244244,797721,30179,104027,3,27
397471,775809,25908,997422,48,18
88413,676023,284416,446681,8,29
169239,469815,14622,907967,44,15
562234,601787,55247,604049,27,1
84328,268666,294629,531483,11,9
662923,919820,343148,838711,24,12
495086,790492,146383,938348,39,14
321275,931899,533904,554925,1,30
147751,556970,45169,637914,29,20
35658,427411,120864,966374,42,19
129814,812410,379717,532359,7,34
100244,716683,14538,202290,9,30
522627,739177,285113,864656,28,10
310699,377181,114330,897522,39,3
765842,865494,456885,796293,16,4
214274,855702,59342,350111,14,32
500487,980375,805190,882265,3,23
42605,857785,531186,937845,20,40
45279,904359,317453,927420,30,42
646102,678050,428636,833007,20,1
126997,506392,37250,902828,43,18
174598,915503,164617,695991,26,37
3101,995436,377109,547543,8,49
681526,829058,581828,921695,16,7
657929,836992,393631,586755,9,8
64976,992015,94140,841749,37,46
39067,608961,246898,784026,26,28
16439,143505,536135,628137,4,6
271564,886289,190628,633104,22,30
365441,941442,702123,718326,0,28
265594,835604,166117,739472,28,28
129881,836079,665728,752571,4,35
123066,828245,22313,936654,45,35
3384,850597,77820,812419,36,42
26394,988775,74093,976403,45,48
38656,846556,151744,709888,27,40
38825,766652,210670,700656,24,36
408142,827046,305635,842498,26,20
710925,990927,5296,990111,49,14
84986,817078,603952,749125,7,36
86306,604162,283641,443579,7,25
564015,607402,309542,917832,30,2
522940,845958,211809,287869,3,16
252921,348931,247997,548108,15,4
102903,529391,322700,882764,28,21
301626,489113,905945,915269,0,9
114264,942684,85093,915056,41,41
13291,843522,112334,991383,43,41
335370,904222,617515,842008,11,28
27458,853416,115144,998647,44,41
502929,687775,25163,663185,31,9
348866,877521,111145,298871,9,26
141247,704597,141868,353941,10,28
3803,937684,369201,993764,31,46
6379,593914,98619,977977,43,29
239286,556417,260307,552410,14,15
119326,516832,199735,844640,32,19
24031,677449,651901,795895,7,32
209765,903225,134673,167501,1,34
92372,156544,472710,905798,21,3
32262,994181,65410,918635,42,48
22129,861719,323819,792901,23,41
416222,988370,86553,878945,39,28
150129,847517,129747,997678,43,34
619707,869223,305248,949641,32,12
66983,899773,13295,978087,48,41
6019,984698,440592,684871,12,48
139840,926622,92496,257421,8,39
427462,960162,212082,593138,19,26
626174,707303,46257,760008,35,4
460030,964385,24516,942679,45,25
32574,857602,579826,893511,15,41
3145,980201,559710,963949,20,48
65542,848495,551976,623218,3,39
346784,396090,19444,845726,41,2
10839,952559,547531,883885,16,47
82989,930568,8220,982808,48,42
535608,647612,101314,642136,27,5
253628,712556,30069,61375,1,22
17664,994022,102450,546536,22,48
28956,952309,101968,832037,36,46
842148,899767,319802,446950,6,2
5800,939477,621173,654028,1,46
23614,101157,117773,702286,29,3
171132,649813,234630,500698,13,23
352820,593343,154209,700173,27,12
673356,869164,145527,957026,40,9
255539,904203,139192,584790,22,32
138252,947682,231862,901989,33,40
8710,988000,168586,900366,36,48
392,999791,75891,949723,43,49
52884,939738,874447,916276,2,44
275658,350197,494177,594837,5,3
91220,96690,104802,873167,38,0
9873,973130,15727,631935,30,48
262980,333287,229051,976886,37,3
138469,603158,40956,526597,24,23
40754,550486,329935,729963,20,25
73940,959063,396775,592906,9,44
691930,994645,420650,517043,4,15
336077,673588,123226,952263,41,16
343977,522975,603781,727229,6,8
194747,766228,162549,878575,35,28
494255,746048,247773,462831,10,12
847159,955610,298921,957720,32,5
460886,853527,67343,829711,38,19
8707,814486,152668,715707,28,40
401451,698305,151329,971412,41,14
450574,473775,104547,106379,0,1
614239,950199,163277,933788,38,16
754688,835970,719557,862725,7,4
13278,831444,358817,883443,26,40
258574,815453,31557,546729,25,27
257098,813735,187925,916181,36,27
176695,359947,246666,976732,36,9
479207,494886,698146,945435,12,0
74754,519859,388023,907805,25,22
300437,929185,214878,356556,7,31
53320,520814,49532,505592,22,23
159063,825534,155335,744360,29,33
5100,988667,21739,789994,38,49
53749,362147,10505,939659,46,15
83629,960764,338962,813309,23,43
18683,869404,102449,815901,35,42
460463,751971,586427,642531,2,14
61754,788766,377829,773387,19,36
165132,680099,809467,946516,6,25
381447,432172,637986,792110,7,2
522087,756921,72670,663978,29,11
327536,994640,11599,995497,49,33
439079,805657,43655,996551,47,18
91629,639615,12035,823378,40,27
131393,860351,218563,788882,28,36
160061,756101,77320,664374,29,29
101378,595908,241430,890351,32,24
25324,977283,300887,641667,17,47
775418,894083,202105,916479,35,5
50655,794823,525706,766434,12,37
927166,949135,98957,871815,38,1
46271,714796,334571,983535,32,33
429153,613077,22833,364014,17,9
389714,982711,116467,146266,1,29
325168,804761,37792,759738,36,23
143490,538864,667503,776163,5,19
60812,856629,558798,885339,16,39
289865,797901,605897,853553,12,25
284781,422913,574766,903710,16,6
616275,923425,101096,745395,32,15
2908,556902,192353,650232,22,27
35150,872583,245730,635890,19,41
248693,389533,230146,761196,26,7
393800,986477,74725,639355,28,29
8426,561926,394194,453972,2,27
148292,300773,86590,867149,39,7
18743,839354,332401,871679,26,41
142303,631300,18007,950944,46,24
14988,976129,433796,707525,13,48
28290,259892,150838,838965,34,11
448286,864598,252073,491937,11,20
130872,745480,138791,614512,23,30
9725,980600,6177,904672,44,48
424,965796,412948,844690,21,48
99131,682177,388044,446826,2,29
388169,577202,71098,607781,26,9
179081,405888,255838,789187,26,11
605587,974627,252008,873437,31,18
572997,885047,363187,548315,9,15
513035,703099,265546,594597,16,9
335006,958122,269668,676151,20,31
275438,769173,87954,656153,28,24
70352,885745,192825,390229,9,40
146677,852319,46199,992289,47,35
180715,957996,152236,404717,12,38
714178,757562,358036,427818,3,2
165680,874818,397925,865355,23,35
140103,778259,480137,795487,15,31
280371,530041,680592,950454,13,12
373058,781873,11542,754219,37,20
365181,817722,778780,890633,5,22
551023,871656,3420,990373,49,16
337772,901459,53652,928903,43,28
243899,627893,132257,916495,39,19
448962,947197,431813,901175,23,24
877909,978216,14561,819256,40,5
847617,922268,20811,828482,40,3
561345,653699,363376,935663,28,4
650131,888281,677141,707472,1,11
23524,814031,276701,547423,13,39
146879,267838,218202,642056,21,6
281809,538383,140198,604616,23,12
65874,987919,435292,644815,10,46
337688,926442,460789,925785,23,29
905251,921081,593669,672686,3,0
153065,230335,261303,574337,15,3
108831,721873,230351,945331,35,30
248407,921312,286776,963110,33,33
659736,662060,12371,503352,24,0
433397,927105,254301,383585,6,24
212593,394839,104356,527145,21,9
66597,843048,497281,837266,16,38
105455,759914,10716,996954,49,32
95866,354859,7812,994659,49,12
270056,962120,279294,561581,14,34
390495,984631,1322,926551,46,29
194229,974428,738662,995601,12,39
447678,982392,192437,445382,12,26
40991,459979,74494,985442,45,20
50687,926549,208692,523054,15,43
145701,761506,60019,728560,33,30
212915,747926,475790,983711,25,26
66601,524885,454079,736712,14,22
151022,672650,357310,567033,10,26
101383,876205,47320,968080,46,38
129138,420513,871664,984885,5,14
183590,930352,237796,969384,36,37
384681,937099,446975,832152,19,27
3273,989757,584494,795430,10,49
252910,557526,743371,968920,11,15
182341,857076,35455,449862,20,33
330144,503567,26728,416775,19,8
509073,665968,65936,294741,11,7
429468,469560,137844,381473,12,2
137951,944864,96746,917118,41,40
12433,602046,24071,831087,40,29
250696,985613,74777,935718,43,36
87967,331691,21160,986986,48,12
116930,950380,224924,938831,35,41
708104,830510,140501,691374,27,6
82376,977466,146477,725669,28,44
19345,846666,101063,198511,4,41
628391,773731,39021,952804,45,7
121423,923298,386791,393328,0,40
546337,888718,503403,549293,2,17
364840,524058,276622,395943,5,7
81078,290685,101750,965809,43,10
414769,818166,183260,250410,3,20
64745,980439,219126,764144,27,45
260655,303145,624067,934531,15,2
843013,962225,659747,906486,12,5
816453,948953,512650,616073,5,6
119396,859956,160079,312651,7,37
607488,989562,61955,462272,20,19
158187,855903,50749,185583,6,34
460780,827253,777467,792872,0,18
207740,662590,487050,814918,16,22
175052,962642,134331,959097,41,39
358845,724289,76606,975261,44,18
165730,969858,42817,954006,45,40
196210,767700,385323,904136,25,28
415639,427790,156741,696772,27,0
129857,752130,87624,689337,30,31
35957,120803,79088,945582,43,4
151154,909454,71560,992392,46,37
134019,848559,438299,735397,14,35
271071,880664,111690,464348,17,30
467968,906272,699862,938953,11,21
245451,996161,129906,998843,43,37
246504,972372,7080,972785,48,36
219175,355425,140947,934612,39,6
75614,999147,560702,784731,11,46
38416,919407,619256,945509,16,44
80442,526256,378966,787582,20,22
181727,702982,51098,823702,38,26
226599,837198,387762,515599,6,30
19934,993261,41737,970239,46,48
60354,883092,9392,932858,46,41
85572,978187,267164,479240,10,44
981787,986819,915903,960113,2,0
883,830565,85,999340,49,41
258343,686540,323059,822812,24,21
717135,895091,32452,806117,38,8
308165,548086,51465,943477,44,11
510241,599755,697727,906874,10,4
70816,707516,34254,596041,28,31
159960,569136,232699,492570,12,20
479428,764818,120963,984645,43,14
58526,980558,362749,689070,16,46
45842,963757,253498,735816,24,45
485858,825429,256243,977821,36,16
231856,967351,291856,821396,26,36
112351,422528,596905,976077,18,15
85178,440178,368142,970854,30,17
194038,964409,817412,966355,7,38
37087,221157,1504,858238,42,9
229689,966681,130414,164955,1,36
1112,997347,70268,998893,46,49
7896,671271,386064,502005,5,33
37619,619055,7279,892103,44,29
186632,968876,289335,638450,17,39
543471,889325,226231,654537,21,17
52314,669811,601781,902751,15,30
212,980946,89730,600636,25,49
495460,654589,25257,110533,4,7
538766,700853,516948,814523,14,8
176278,457044,613758,735703,6,14
111466,787236,63222,880813,40,33
459767,889761,30052,737300,35,21
347417,746694,217156,654982,21,19
60715,995422,177118,953981,38,46
231975,381485,144260,851249,35,7
99579,577980,254912,824000,28,23
105727,391490,406830,772271,18,14
424969,855563,47375,652446,30,21
12449,536563,72582,650376,28,26
43319,902435,215527,815126,29,42
271976,469544,72301,723715,32,9
627552,763104,763565,954300,9,6
104461,796236,84320,985648,45,34
103021,999917,62539,942357,43,44
340356,676751,161115,918068,37,16
712003,928221,341690,770274,21,10
20432,519803,217680,411355,9,24
413489,891915,21070,996815,48,23
229140,779905,23096,506706,24,27
716342,907271,101984,807605,35,9
594712,989273,278211,953876,33,19
596383,947079,172600,196281,1,17
641808,912132,64596,881485,40,13
5265,960640,781895,999668,10,47
730688,758445,396334,922512,26,1
206719,921196,256692,958230,35,35
78109,836097,114584,341043,11,37
207472,817822,693075,697473,0,30
89231,533819,31485,762833,36,22
593173,713554,696578,947797,12,6
202790,297869,482749,999663,25,4
88570,644422,43514,876149,41,27
690817,894674,1634,994439,49,10
245246,979830,67192,321483,12,36
148954,983177,458856,615042,7,41
81185,849826,555695,957260,20,38
152987,930079,240,261928,13,38
59226,224850,362696,726635,18,8
701937,973000,30118,864247,41,13
312072,511062,215918,992285,38,9
36135,824383,616521,850144,11,39
261577,883423,13372,997841,49,31
270203,868082,91367,992354,45,29
612425,642569,110755,955964,42,1
164553,894425,67015,917716,42,36
361453,426891,212146,895987,34,3
267164,529352,6683,596698,29,13
3330,344650,214068,560512,17,17
506388,838097,370480,717489,17,16
556442,728917,76115,655888,28,8
227541,647930,38090,925357,44,21
167042,512526,8239,909813,45,17
11401,968332,64039,584785,26,47
934412,968568,45349,314005,13,1
188981,695295,300329,609300,15,25
130685,769104,224933,844959,31,31
868471,898381,50201,917399,43,1
52174,984277,636981,986067,17,46
108227,515295,37771,912650,43,20
586059,688381,713,999357,49,5
149185,206026,8605,935991,46,2
369183,924523,85919,500726,20,27
114409,371974,573632,759987,9,12
115012,912546,817628,902072,4,39
81690,992082,312568,842781,26,45
94007,608679,225731,767010,27,25
658863,760197,458840,767557,15,5
1610,997263,19668,928549,45,49
442067,602910,421029,778557,17,8
339208,931756,84909,695033,30,29
143404,716656,144619,558931,20,28
591271,748287,119966,867116,37,7
167000,375845,157037,610211,22,10
489152,765341,395466,751897,17,13
151811,310027,48371,775654,36,7
70919,525242,109352,239052,6,22
173633,486292,106214,865051,37,15
176225,709690,285492,407723,6,26
73595,929964,821576,851293,1,42
582480,872422,92527,998077,45,14
59710,301572,153977,506950,17,12
36406,932774,296001,777244,24,44
256936,799513,95135,420566,16,27
71948,844950,14475,838849,41,38
279474,926125,436225,804037,18,32
565754,977190,119592,601160,24,20
44067,774607,815888,895818,3,36
627716,698812,61036,911794,42,3
98411,868266,95246,844869,37,38
454258,806536,703124,897580,9,17
28672,764017,145919,457675,15,36
145931,511942,25119,72858,2,18
317463,630063,203544,965263,38,15
307201,492485,217579,913714,34,9
354,946684,375835,963835,29,47
485513,908068,373616,467710,4,21
78349,595247,261289,825763,28,25
77975,967558,410080,861752,22,44
220616,990938,190106,998301,40,38
125651,663734,847017,886775,1,26
39777,999292,6534,723026,35,47
154151,511611,29918,658767,31,17
73225,986041,476705,861175,19,45
265462,931727,7829,574916,28,33
511259,573812,643699,863644,10,3
245140,319328,183562,261326,3,3
41,987554,76666,877178,40,49
169449,630926,303187,972203,33,23
70471,675882,9242,302852,14,30
143813,422415,279481,585723,15,13
169790,796752,213326,745147,26,31
288548,981616,666790,685066,0,34
273054,443740,532591,987991,22,8
287463,695126,12445,984185,48,20
456026,470313,68054,782106,35,0
305634,699461,639813,873608,11,19
383858,943511,663162,791852,6,27
127464,835968,624200,884092,12,35
214541,432601,7225,983089,48,10
2895,990561,654543,658785,0,49
97445,874662,339775,894989,27,38
13299,918486,117603,997841,44,45
6169,628375,470166,747527,13,31
8232,912072,202563,502374,14,45
94691,758687,64762,361606,14,33
335481,695363,182625,709548,26,17
482910,759223,98290,948962,42,13
111167,928658,192805,478758,14,40
269445,612246,18184,996091,48,17
191651,696581,271746,341855,3,25
177788,186592,363527,793699,21,0
620315,950557,76485,89745,0,16
580197,838864,594934,838320,12,12
758321,831125,674267,796766,6,3
91957,932793,167270,834378,33,42
637356,972179,219302,618765,19,16
191360,862826,204482,446274,12,33
4099,843701,642706,879207,11,41
13901,997415,63078,665674,30,49
543627,966686,826150,975364,7,21
302068,350539,151826,779178,31,2
586956,597320,292900,683070,19,0
124072,851322,124510,231409,5,36
192656,891899,358074,955295,29,34
79067,144684,200607,720153,25,3
325959,725549,319822,817916,24,19
167713,927281,164723,973943,40,37
57384,866740,687970,815213,6,40
32310,507551,88686,829030,37,23
8155,367790,441819,912739,23,17
844604,965070,119991,697513,28,6
672483,755228,595806,644979,2,4
536514,773302,714743,792685,3,11
6397,6819,47173,744821,34,0
335301,735401,306963,513495,10,20
27456,393436,327258,645534,15,18
59568,795015,206135,502759,14,36
174236,703529,293626,611124,15,26
34777,983137,313093,945901,31,47
641167,649057,109785,838267,36,0
429542,930739,132038,889083,37,25
39766,125348,98160,286634,9,4
145775,305987,72248,915812,42,8
104622,962363,595357,832661,11,42
67644,275315,156980,742832,29,10
7153,983990,157217,833987,33,48
115676,724780,181835,978187,39,30
143208,421701,205670,598114,19,13
188065,426286,727642,972139,12,11
196009,798966,280730,365310,4,30
401387,455099,111354,577433,23,2
317507,805558,82838,578853,24,24
73898,305994,22527,987456,48,11
65837,276903,293743,849391,27,10
341810,364376,109183,924606,40,1
479087,556024,729492,755018,1,3
234161,819905,220393,933135,35,29
1123,959804,90382,915384,41,47
125471,824728,169397,862988,34,34
6949,903753,332626,613075,14,44
7502,831052,551864,557276,0,41
59915,752664,6257,996835,49,34
594892,917015,643669,960089,15,16
271422,563977,290702,387553,4,14
40652,833699,22226,735776,35,39
129473,974568,69521,606118,26,42
179882,894278,377971,542633,8,35
560457,729711,104823,664263,27,8
191383,807575,139927,534350,19,30
414586,971666,94644,999580,45,27
74512,699927,186972,264445,3,31
661853,760754,420271,800170,18,4
123198,707524,618461,719045,5,29
23944,909207,301134,528177,11,44
274497,298693,54076,797236,37,1
517584,874685,38120,401532,18,17
108206,975170,211444,790565,28,43
63507,976184,578836,828720,12,45
16538,864144,60068,434811,18,42
138291,811688,100932,711561,30,33
1430,999830,44201,893024,42,49
126924,300955,262627,892319,31,8
122860,615189,465520,691261,11,24
131558,957009,576138,619810,2,41
19453,798683,7694,998608,49,38
368132,823131,15000,990469,48,22
499733,991458,640528,898202,12,24
534011,961287,183952,870985,34,21
225103,477622,145583,159446,0,12
184563,851494,138590,931602,39,33
186150,856931,399415,580639,9,33
338737,501144,106984,767417,33,8
605701,835429,223230,967995,37,11
148343,871864,291466,880608,29,36
141355,353372,604168,753584,7,10
22505,397612,93938,892705,39,18
630478,641307,377319,511151,6,0
166666,993860,37849,706738,33,41
516546,770777,11490,623367,30,12
401736,818037,47747,621813,28,20
20711,557899,11560,738797,36,26
107683,123120,133452,659072,26,0
305081,725241,305627,477273,8,21
344196,556986,441699,712686,13,10
82083,694767,21618,932510,45,30
343889,796712,63595,868442,40,22
6950,995512,316258,943447,31,49
537400,607620,320562,951021,31,3
629786,959438,34001,541609,25,16
332833,647218,271606,938105,33,15
277488,537811,30971,561905,26,13
584596,600347,374772,583262,10,0
277094,863583,113568,299867,9,29
245800,920862,54299,181266,6,33
588618,960516,336746,557943,11,18
143736,954883,430879,451949,1,40
57458,263437,47791,867744,40,10
114967,856457,347973,567116,10,37
654380,859650,25038,968779,47,10
16342,999958,238778,759444,26,49
147387,843032,741124,841714,5,34
443808,856405,3921,101680,4,20
9766,981324,420959,979557,27,48
704957,948333,218810,277945,2,12
11445,992879,620467,980689,18,49
90129,649907,317699,971797,32,27
204720,860448,48257,361019,15,32
69597,428630,17881,957005,46,17
472979,574949,46963,991281,47,5
23442,925839,85270,749697,33,45
3539,714422,302751,704050,20,35
239062,292477,222107,661389,21,2
336226,363681,414707,887430,23,1
34522,655828,309193,403149,4,31
838622,983732,250043,901683,32,7
11240,798024,169046,650207,24,39
342981,899680,33361,379025,17,27
63655,916153,28534,839663,40,42
141997,838921,779797,980341,10,34
367,986810,173189,212686,1,49
312674,421452,106912,447302,17,5
556137,908172,125061,951315,41,17
39377,416658,61914,735749,33,18
133587,271844,302146,902843,30,6
153339,207775,909927,935010,1,2
109186,983216,56290,984527,46,43
529244,630632,331255,912645,29,5
159181,335284,373470,989435,30,8
6128,957383,53375,850251,39,47
28058,998362,25071,842886,40,48
193663,808535,462093,616986,7,30
217419,950153,209361,909591,35,36
266795,431799,391027,614685,11,8
581262,969604,277871,815821,26,19
488663,634476,420123,862416,22,7
114106,954172,60869,108468,2,42
631536,969361,279068,727028,22,16
121175,268100,672241,990300,15,7
3123,980610,633565,985021,17,48
225175,313039,137189,971719,41,4
582681,769140,8995,998594,49,9
24399,928494,128905,755615,31,45
111534,415514,101859,704495,30,15
31891,564396,144306,952055,40,26
164277,580170,83191,966638,44,20
686462,853214,205157,789168,29,8
94810,972517,83462,992502,45,43
60244,722885,80875,809599,36,33
541384,895350,272958,785536,25,17
116171,807110,3847,839800,41,34
216210,464664,186339,362726,8,12
194243,842941,530814,751720,11,32
108653,417643,621244,674257,2,15
231591,732564,783346,963693,9,25
76884,552006,72466,689913,30,23
6615,980961,15377,159527,7,48
413498,718809,198033,459612,13,15
29793,838524,180934,788703,30,40
609934,741436,5711,315142,15,6
229362,544015,599907,636029,1,15
278850,395502,68751,889246,41,5
290806,407444,107851,884578,38,5
14824,905728,170689,956003,39,44
88008,960512,85594,938203,42,43
148622,576978,328089,531953,10,21
178260,881973,255154,926076,33,35
599275,990913,95016,359044,13,19
275322,824005,37862,351726,15,27
410205,963463,683691,938288,12,27
116798,972979,732256,895913,8,42
769321,936008,92433,582621,24,8
131013,790254,48312,96281,2,32
14227,996997,230482,720296,24,49
238790,937532,109025,883394,38,34
417110,956230,408438,507431,4,26
166030,921975,288576,342272,2,37
720077,935088,54520,880479,41,10
795637,815426,382663,620707,11,0
371445,816287,52026,998407,47,22
70405,773308,131776,643764,25,35
45153,550153,619724,661311,2,25
27324,973355,187828,920129,36,47
489721,969925,66337,909999,42,24
528000,645272,57992,496734,21,5
85270,430206,141136,446216,15,17
424436,827711,349568,549048,9,20
185311,837121,205378,536189,16,32
93839,162569,343222,527098,9,3
67610,861171,323605,915480,29,39
167188,982497,65864,993436,46,40
28094,737619,2024,534776,26,35
216444,354264,18518,257734,11,6
119501,961226,45718,972182,46,42
502216,902089,2168,991622,49,19
92382,624171,7476,993066,49,26
627299,731947,277326,791920,25,5
49397,983680,421333,738151,15,46
643503,844873,36190,800558,38,10
429763,951200,167812,763910,29,26
9568,963480,272868,763305,24,47
794591,981750,299700,445124,7,9
16028,538344,94147,750990,32,26
26276,942023,30428,976632,47,45
123809,876708,500973,946621,22,37
8591,729488,454461,866212,20,36
10670,535422,492454,990140,24,26
149179,626811,104894,883742,38,23
15387,825704,539761,968072,21,40
72863,712251,120936,670338,27,31
67998,928718,648613,806470,7,43
454626,962012,34748,526713,24,25
26219,670002,165061,835538,33,32
56425,766052,84102,973637,44,35
137601,142496,7405,792042,39,0
129953,719640,157490,999439,42,29
620962,765190,301986,325652,1,7
93812,772160,11017,958536,47,33
96989,773516,170490,707270,26,33
32449,881634,414555,906008,24,42
152581,915434,446726,617127,8,38
196639,892968,303816,745625,22,34
473073,820143,607184,618689,0,17
14252,350254,449636,718449,13,16
769712,985897,426245,957230,26,10
66323,719350,142084,919545,38,32
142207,948331,416051,513953,4,40
405834,592432,637739,953087,15,9
654209,832639,23705,886230,43,8
74962,801675,275486,953381,33,36
345844,977329,298721,961363,33,31
203683,669864,468537,511827,2,23
162772,498113,64903,167113,5,16
286350,856474,16687,936871,46,28
648979,762359,201658,737835,26,5
515507,773641,587604,625476,1,12
97699,826665,200355,557663,17,36
138369,987216,562259,654081,4,42
21872,376276,351565,431770,4,17
33564,972177,28565,822104,39,46
28801,524188,83039,998197,45,24
16609,621781,206978,583111,18,30
487638,659678,80415,966304,44,8
27590,845898,9433,996362,49,40
310500,542090,82916,388034,15,11
145400,825682,453279,693179,11,34
122521,790698,31617,947702,45,33
453738,688496,162122,291275,6,11
146260,460666,307860,858900,27,15
179374,940967,441156,826493,19,38
180151,496214,115867,991378,43,15
519945,985922,111937,421988,15,23
235486,805720,411506,864527,22,28
3482,371263,103033,923697,41,18
529478,749510,440110,624633,9,11
3144,995867,37345,699828,33,49
6956,933488,86321,164913,3,46
73646,719228,15649,991614,48,32
679359,951088,10626,998873,49,13
135668,973058,286183,939687,32,41
349213,547874,202830,819830,30,9
81627,783647,533260,771463,11,35
72625,918807,415473,741507,16,42
285171,951684,478360,840549,18,33
901879,972966,244763,919781,33,3
274647,898056,585954,633921,2,31
23871,437559,500453,922664,21,20
30237,995512,121633,999110,43,48
209500,348466,32854,782903,37,6
3762,209615,201398,918488,35,10
6307,872492,552724,928016,18,43
141975,964158,28132,291835,13,41
7952,692382,651850,899034,12,34
3036,49067,1744,341375,16,2
572564,745909,546,981501,49,8
510757,904922,17843,986523,48,19
198439,964155,178201,640878,23,38
9750,995362,504857,970800,23,49
398569,881329,220977,954800,36,24
208972,939812,54297,569925,25,36
148735,805655,71994,818739,37,32
26291,969689,127033,229043,5,47
156671,840090,150920,656146,25,34
379224,875716,958,961470,48,24
88695,801452,51708,988930,46,35
10105,942940,42124,887831,42,46
61514,312947,154067,953412,39,12
359940,614080,244034,655785,20,12
284600,459298,892996,914563,1,8
107548,801788,200440,916610,35,34
210241,323566,197763,344870,7,5
595017,595758,95573,281322,9,0
772136,989499,246114,613244,18,10
39290,560021,212410,931712,35,26
453553,545615,788965,919506,6,4
89104,959473,1018,132209,6,43
722361,872653,42130,873180,41,7
40809,934193,43229,980059,46,44
66948,183349,334755,419000,4,5
73662,933473,69759,988357,45,42
10275,956098,607815,740373,6,47
164639,477377,285964,884865,29,15
240013,803679,88018,628622,27,28
691388,838044,242753,867814,31,7
871381,873009,554222,966513,20,0
572407,981727,942189,966669,1,20
32101,812581,82444,602883,26,39
393309,921383,67612,977845,45,26
36485,880528,170672,792303,31,42
63874,911211,427469,939808,25,42
419457,696824,873214,996649,6,13
323832,500442,98084,742313,32,8
173565,996653,213233,572847,17,41
109474,563410,123498,988334,43,22
212426,773924,124000,364088,12,28
606362,787190,457816,546969,4,9
286145,547298,190018,847751,32,13
626611,992773,659451,766039,5,18
28463,991018,404459,915179,25,48
841219,870796,86130,982149,44,1
285089,361056,15635,898300,44,3
665822,684040,552358,819650,13,0
621271,778207,247831,744591,24,7
58929,696455,591967,612676,1,31
712077,737327,559569,939783,19,1
196068,838735,293772,700071,20,32
83469,967987,459327,729790,13,44
309823,982212,787537,998983,10,33
182846,947409,798304,874597,3,38
103718,185901,310871,715699,20,4
25542,575611,777846,927723,7,27
82215,991899,588723,737191,7,45
56214,806173,99798,990510,44,37
186580,315910,68870,997175,46,6
21121,473810,450981,893413,22,22
45402,957466,702029,919914,10,45
714325,964292,32156,986785,47,12
338560,624888,82886,660800,28,14
356254,947281,60324,482055,21,29
500458,549989,153587,428479,13,2
36447,947845,266796,976165,35,45
453138,921179,22154,274826,12,23
243827,301983,80977,378197,14,2
756059,811524,284290,740603,22,2
206495,923824,399276,786769,19,35
442910,634708,16384,976079,47,9
21679,950697,442397,594779,7,46
446640,667238,90864,489209,19,11
82363,986420,57762,871401,40,45
131915,805642,622751,981261,17,33
85974,333087,491439,632544,7,12
237372,935027,792263,885641,4,34
35456,987065,450197,963476,25,47
330682,948562,120170,733519,30,30
192041,440752,160714,993277,41,12
7982,907095,32378,862872,41,44
722037,944396,144294,786006,32,11
67269,990523,66180,610523,27,46
245979,544114,322790,392697,3,14
15086,989820,115242,736460,31,48
215331,995184,599022,892958,14,38
23309,903208,405558,934225,26,43
64430,147467,40276,977007,46,4
260358,849353,158326,540230,19,29
211220,234783,84706,986626,45,1
198703,729081,263597,892188,31,26
399072,487534,42282,336358,14,4
37909,308150,361093,608883,12,13
858917,944934,51647,856544,40,4
147143,776013,124227,948072,41,31
276812,952102,281838,286419,0,33
4069,595726,325221,980744,32,29
171777,890029,139921,927096,39,35
416087,827918,456647,516410,2,20
369701,888714,10471,971361,48,25
196776,534177,431319,860014,21,16
82844,511733,306111,310933,0,21
584836,719677,273057,744229,23,6
44855,863869,8253,954446,47,40
894775,932522,18791,227126,10,1
117661,332502,276391,626620,17,10
65043,905664,568044,915370,17,42
290599,930285,59419,911409,42,31
42574,918731,317895,514886,9,43
421819,812744,375117,457463,4,19
787867,912763,907742,937340,1,6
540101,758483,144419,932873,39,10
630158,677495,282468,820185,26,2
296507,717112,96164,336623,12,21
219653,923661,28373,859140,41,35
4166,990900,128089,954044,41,49
350626,930844,250997,696381,22,29
226410,255856,155360,606587,22,1
8440,943905,165506,456582,14,46
282,990947,146190,729230,29,49
187,996144,462822,619643,7,49
627574,701341,347004,390722,2,3
265676,876996,264677,907103,32,30
48795,991241,153468,593325,21,47
109620,744077,302191,947758,32,31
78898,771712,203308,271712,3,34
203964,906356,386486,574473,9,35
137706,898500,166276,832016,33,38
268577,882295,33880,719607,34,30
396613,836445,268603,851275,29,21
204607,656165,268381,798259,26,22
156842,911542,149398,512821,18,37
82249,873977,313334,914970,30,39
108226,752862,271471,359775,4,32
58395,996804,19039,987365,48,46
105763,408914,816836,947093,6,15
313181,897567,600864,754029,7,29
349972,467226,380456,959603,28,5
639637,827975,147272,600198,22,9
34645,666142,380972,876240,24,31
155194,969804,146269,251922,5,40
813546,893281,11704,257576,12,3
128260,794772,166385,879099,35,33
153957,814458,670407,703612,1,33
434327,789470,218961,979146,38,17
143301,694374,838124,957078,5,27
259127,590811,141502,930727,39,16
203015,705382,84575,707418,31,25
305866,695788,86535,692439,30,19
553650,608856,616002,997864,19,2
630699,840170,684676,921945,11,10
176741,957776,23691,945239,46,39
289739,829949,57152,145369,4,27
850582,877876,127089,164015,1,1
123387,834686,219073,961270,37,35
671903,753341,612777,789920,8,4
128469,482355,425544,584840,7,17
761019,768597,29342,775857,37,0
511,35068,738228,990610,12,1
29,999879,525346,847460,16,49
387351,831667,653096,972469,15,22
44695,827729,468312,944312,23,39
106644,725538,83493,850213,38,30
151195,830512,702572,797350,4,33
474181,995568,28700,994432,48,26
45557,837507,622594,626753,0,39
292099,876949,392986,888052,24,29
715346,717963,91149,445863,17,0
229594,928792,243265,628577,19,34
312308,967814,65506,877972,40,32
638323,696058,80506,597367,25,2
28477,956398,653118,662282,0,46
135750,729499,598436,804738,10,29
378457,538430,92191,947969,42,7
154386,588492,255085,281938,1,21
94613,634796,77181,616849,26,27
17240,975067,65490,998432,46,47
56978,658265,510482,566950,2,30
62719,935577,88533,387467,14,43
9118,988600,19760,803898,39,48
125980,965994,8283,879719,43,42
372553,829134,634622,982280,17,22
310641,964460,94239,821787,36,32
205985,797258,33474,291155,12,29
256031,934401,151174,901238,37,33
257708,958273,1717,979810,48,35
62397,938096,158087,717231,27,43
255613,398041,348996,898549,27,7
52344,854645,628914,941192,15,40
18882,977774,38111,816662,38,47
167303,851543,95425,734274,31,34
418586,958008,594919,929989,16,26
38251,943018,38188,976269,46,45
677434,973627,847276,857625,0,14
73598,523180,183235,201138,0,22
8798,975831,270463,582825,15,48
159523,318534,172137,843055,33,7
476052,480419,150815,994513,42,0
41596,996747,189507,483640,14,47
10775,947961,700354,889640,9,46
498904,594154,307355,805275,24,4
139522,784577,277674,806473,26,32
52570,295572,111319,826758,35,12
432695,643080,22465,918368,44,10
110380,809309,26825,977100,47,34
8401,995019,276761,506713,11,49
246832,821107,160833,186894,1,28
11238,993269,751448,812752,3,49
114904,910493,544351,856343,15,39
514279,981587,268268,823105,27,23
106637,999586,527935,650212,6,44
236586,986076,271637,396499,6,37
149184,325497,614655,705252,4,8
131370,632985,23614,876961,42,25
8007,994957,413464,837006,21,49
76773,953680,784206,841273,2,43
48839,329713,2514,958732,47,14
432599,519062,238327,271167,1,4
389962,959617,40588,776900,36,28
201100,409474,254874,756979,25,10
117689,899085,475734,855821,19,39
101539,943118,248157,988603,37,42
43414,460610,263266,657906,19,20
202930,588966,43722,489300,22,19
33434,282938,374701,760496,19,12
197940,959616,46455,747467,35,38
203269,963841,380838,974969,29,38
553848,758805,2160,933205,46,10
528709,806418,511023,956179,22,13
578593,638168,150768,702560,27,2
712850,754743,45824,932487,44,2
342410,756642,89514,452852,18,20
672695,841552,683903,957268,13,8
449640,540690,878615,891062,0,4
203408,267789,286903,859858,28,3
79823,860859,101004,140279,1,39
219309,919922,136229,718383,29,35
24444,687912,27234,168937,7,33
14648,890726,476183,965536,24,43
118343,737154,414545,622384,10,30
317780,805260,57887,589012,26,24
88503,835361,57584,333729,13,37
91289,935398,323,999895,49,42
40682,368222,770392,927815,7,16
318797,528908,109308,597835,24,10
531542,943243,308373,317935,0,20
350454,739238,53596,874026,41,19
162471,926635,117913,732418,30,38
378940,818898,308333,495136,9,21
328011,930315,244689,417707,8,30
15195,612942,223794,516249,14,29
394180,780299,660971,731960,3,19
234827,337362,5784,212933,10,5
46345,719951,317080,953252,31,33
5274,785110,553370,785728,11,38
518448,782558,83144,953318,43,13
178179,547809,476431,631912,7,18
35693,187336,507755,518424,0,7
27866,769948,641689,952102,15,37
216644,914576,16944,985256,48,34
48953,948871,45866,63702,0,44
526544,976729,323048,487043,8,22
60336,911242,533279,834026,15,42
412956,861954,469315,546082,3,22
11327,936009,291485,746255,22,46
463418,783109,645428,665205,0,15
76892,985632,169361,778760,30,45
15896,989684,666940,736032,3,48
39181,43476,9831,605791,29,0
14222,988725,345844,839712,24,48
20811,942151,94844,810332,35,46
218400,316519,2949,992342,49,4
55666,917935,792841,878242,4,43
530790,995874,62043,298353,11,23
874198,956543,204789,972349,38,4
298834,850790,88323,938419,42,27
430099,909745,9220,967367,47,23
14721,974799,104616,878068,38,48
319280,523651,310716,717889,20,10
67216,630549,118432,477066,17,28
936934,999467,60519,967158,45,3
202299,289175,36416,983250,47,4
167639,975111,490919,877828,19,40
279261,659051,328513,399921,3,18
59664,291421,69761,567069,24,11
314537,962925,395510,793971,19,32
842063,992348,268597,330881,3,7
184002,248881,128808,588724,22,3
2587,998924,5462,998817,49,49
353931,499449,133464,744908,30,7
757923,944948,668804,715584,2,9
65640,950837,750237,997682,12,44
356174,999628,12951,532352,25,32
1865,999720,690172,950512,13,49
146926,501809,145194,883768,36,17
234245,350887,256164,923327,33,5
363249,602601,64524,642651,28,11
7703,941558,453113,847055,19,46
291235,557539,59709,728213,33,13
12848,950194,195508,778161,29,46
182788,600414,122869,637007,25,20
461418,667658,327937,727818,19,10
30826,936186,430965,552057,6,45
283367,880474,261136,612373,17,29
12902,872832,87136,972274,44,42
533039,962613,286321,932442,32,21
278463,743517,102668,762006,32,23
519613,687179,671846,690351,0,8
604848,615031,67274,691424,31,0
15947,963524,6630,997710,49,47
538563,997867,81032,982403,45,22
122823,821078,97598,366831,13,34
558357,742801,846253,948276,5,9
285235,944093,376541,495948,5,32
130930,875268,4598,981987,48,37
72193,261023,82593,989683,45,9
259867,620225,51518,955628,45,18
112281,658891,221275,913707,34,27
198230,498466,393186,783097,19,15
289432,628654,143245,764415,31,16
32474,998949,231673,807135,28,48
103209,900973,690151,829822,6,39
630192,657496,149940,326339,8,1
225387,597083,129439,328768,9,18
177342,395824,74506,985257,45,10
31334,996647,238655,565783,16,48
339411,692480,26676,814990,39,17
150712,603945,244878,516477,13,22
198763,842386,210292,910338,35,32
815044,833434,88265,953548,43,0
391937,628826,15978,237505,11,11
574816,633019,235963,920613,34,2
676751,760190,30409,116116,4,4
98592,979473,233230,945191,35,44
284261,591625,170325,613250,22,15
188752,640532,105187,649194,27,22
522708,959403,199268,935960,36,21
535759,961659,28482,992493,48,21
103618,658660,119089,996973,43,27
741823,999311,467011,534812,3,12
678111,700243,320783,884907,28,1
288339,556621,3823,428749,21,13
28268,286056,152623,727553,28,12
130135,994170,82243,802845,36,43
68655,533995,262763,414981,7,23
39965,579164,119349,383413,13,26
8440,952873,8754,907797,44,47
16400,955334,410566,672474,13,46
27739,692837,235502,634065,19,33
5629,995605,310838,654428,17,49
133027,428356,245758,907565,33,14
47580,998395,54118,965926,45,47
88493,769991,4712,927594,46,34
610625,840019,335402,548500,10,11
140103,922877,181239,723480,27,39
4502,984777,41810,787027,37,49
257294,742902,674071,954452,14,24
38440,986292,208866,822913,30,47
32213,717118,267571,938598,33,34
185204,949337,399743,899696,24,38
435376,805062,302809,856024,27,18
395503,712092,583171,992884,20,15
597846,890838,470946,889904,20,14
274620,879158,588544,920572,16,30
194321,609577,57886,827631,38,20
104774,942672,58101,831854,38,41
16292,372309,78301,481377,20,17
975225,997402,87709,733040,32,1
254687,787685,237726,596552,17,26
190889,539028,501452,767319,13,17
158534,277098,19957,983796,48,5
58095,463401,287993,840715,27,20
428689,695944,111125,717915,30,13
550866,748751,44262,942883,44,9
95216,942765,61258,475699,20,42
123676,740751,108007,650066,27,30
75756,546579,511328,918452,20,23
614465,914339,446919,667130,11,14
436042,553386,28208,227673,9,5
17589,820889,20024,985555,48,40
235124,702154,133928,987414,42,23
246433,876329,418588,926598,25,31
810,999591,563202,682864,5,49
199932,657139,744212,998858,12,22
418013,792233,156835,999980,42,18
286513,893759,117505,854476,36,30
83491,671501,260856,633367,18,29
308314,935285,473682,662925,9,31
5858,473593,391059,786431,19,23
320515,999415,288989,974348,34,33
55185,886514,97971,913314,40,41
483316,555965,173091,442608,13,3
17808,355012,174756,886808,35,16
219630,542618,621335,676716,2,16
41952,349027,262436,966509,35,15
170905,941287,243055,665204,21,38
385502,471593,66952,505932,21,4
224176,849226,17277,978936,48,31
46103,395355,386955,978962,29,17
127474,746115,45420,922676,43,30
461460,987214,463378,827969,18,26
66220,962998,96653,572071,23,44
100361,501658,34704,184746,7,20
26985,984508,416387,722961,15,47
900346,945619,644644,854099,10,2
394702,945708,259378,859477,30,27
461075,871227,33480,987139,47,20
447858,908880,139421,951891,40,23
133249,216443,244542,476136,11,4
121321,447792,12960,960131,47,16
58369,389736,20672,937162,45,16
320988,532931,290000,757293,23,10
139890,646212,216549,811591,29,25
35689,928079,282810,908223,31,44
97795,995309,49612,446947,19,44
547479,604179,8584,964894,47,2
650347,937459,83938,970490,44,14
593188,637512,84885,735643,32,2
741311,891489,202118,603783,20,7
25473,742403,125376,934634,40,35
714390,789819,476691,952000,23,3
55059,937270,34354,992212,47,44
450825,624373,170419,893186,36,8
30374,304831,347464,914945,28,13
63066,977389,650100,730833,4,45
229362,750078,121343,784147,33,26
231377,686225,352959,954802,30,22
56231,973188,688821,767012,3,45
24524,652880,255457,591191,16,31
244258,257781,46337,994933,47,0
50835,702534,818369,857745,1,32
152533,967051,67152,771646,35,40
34328,899945,447323,904563,22,43
365996,519814,195840,889304,34,7
43635,821147,132371,438629,15,38
296414,974200,416925,968146,27,33
278958,595235,423,999846,49,15
596580,792967,233698,427623,9,9
700884,893371,687550,721047,1,9
193966,894353,188014,266865,3,35
248,974397,227080,825578,29,48
606572,730031,633962,974501,17,6
152532,655125,11185,954419,47,25
196009,254767,588490,822872,11,2
40012,990770,77670,831280,37,47
90737,816563,439127,813108,18,36
283074,978441,193727,754988,28,34
296392,551032,243652,986321,37,12
21806,123487,215164,247285,1,5
707929,920540,174168,234716,3,10
608088,938933,91471,769729,33,16
219,984204,559407,599718,2,49
497580,876792,453,738503,36,18
646489,701379,373843,723194,17,2
140324,673835,136632,202278,3,26
5976,944776,26169,957528,46,46
602965,738673,86437,806691,36,6
382036,975288,56786,278173,11,29
53933,747193,196440,802681,30,34
706952,938954,691747,785949,4,11
14992,973034,368206,457486,4,47
27094,683860,623655,703429,3,32
15185,507548,16062,971125,47,24
85771,592354,514138,540205,1,25
101809,977682,40648,856408,40,43
75316,899012,221734,851172,31,41
109766,352815,78755,522178,22,12
325643,351416,75828,453395,18,1
290291,755569,320994,443668,6,23
95852,951458,178827,644011,23,42
750094,863994,93576,987142,44,5
228088,644408,506780,806964,15,20
399182,629306,257020,932615,33,11
325591,566564,404257,987365,29,12
92593,115580,541420,771332,11,1
104413,363049,34382,935035,45,12
113298,510175,37819,929589,44,19
215580,596081,655105,991928,16,19
2620,895470,482,993582,49,44
274866,758667,806059,946370,7,24
181118,784790,104746,858370,37,30
215198,578837,53154,748488,34,18
29089,919519,840857,996546,7,44
105961,624828,109923,985198,43,25
389634,924551,143359,292074,7,26
2802,989708,18172,708804,34,49
284498,794349,477717,861760,19,25
488635,495045,54982,507917,22,0
453063,611574,5530,955784,47,7
210100,770015,68465,776877,35,27
4784,767850,135328,781214,32,38
70978,266331,226025,645832,20,9
349108,462467,98664,790098,34,5
372715,770424,225749,934282,35,19
2616,996023,94044,804692,35,49
79792,991555,183450,654161,23,45
231276,708660,273845,560084,14,23
733506,759508,329703,833821,25,1
32349,945550,452352,779299,16,45
15548,848428,143044,824442,34,41
206893,735675,72287,906652,41,26
485457,850285,469994,824204,17,18
330924,958245,108478,866056,37,31
16831,707473,83949,975258,44,34
351220,911173,535910,564417,1,27
3759,966290,30521,735968,35,48
254903,314019,102492,891021,39,2
116612,936361,193719,841367,32,40
359685,632991,61307,117271,2,13
8475,992750,109324,489841,19,49
289722,309794,288287,952456,33,1
831366,911808,199665,947167,37,4
91111,805008,49243,198219,7,35
206737,726940,216690,672645,22,26
573287,970599,145738,873160,36,19
177497,810400,12022,706729,34,31
731810,896798,192600,893913,35,8
253236,809169,4401,182042,8,27
93798,513982,354273,976540,31,21
191789,316517,243533,516043,13,6
21377,811033,895731,941599,2,39
70066,920579,224947,650158,21,42
64229,539763,720774,883270,8,23
214661,951863,465945,688839,11,36
484001,510275,26243,966709,47,1
119657,858129,863405,904749,2,36
15946,454548,101208,859191,37,21
20720,664704,477797,903561,21,32
37901,941667,155474,257816,5,45
439877,930523,397273,703059,15,24
45408,793708,50164,968977,45,37
154194,972465,323973,655136,16,40
300082,568607,201831,293064,4,13
208596,976426,41372,780622,36,38
23353,94517,398554,999832,30,3
757619,937688,57133,996439,46,9
11052,976065,254175,309383,2,48
398032,817019,398833,662114,13,20
61133,641507,174362,683161,25,29
17635,69811,65637,936620,43,2
619,976365,550916,662795,5,48
127731,406603,375539,571439,9,13
44288,929449,284058,961664,33,44
35491,670058,177992,405793,11,31
2469,942379,102805,968795,43,46
134762,390467,493957,827629,16,12
64242,828150,363548,994086,31,38
554005,878382,672309,887686,10,16
223380,957118,184623,986868,40,36
174542,866836,901043,944408,2,34
93157,890800,513107,622033,5,39
315368,654439,247914,906986,32,16
776336,817010,31833,999857,48,2
486503,935208,316168,992001,33,22
191693,694896,1287,996685,49,25
389145,716405,370667,984777,30,16
512419,817259,171578,851593,34,15
616528,880629,680246,783074,5,13
628077,914979,81230,940108,42,14
108806,282239,202412,402557,10,8
155472,339811,56715,895884,41,9
111619,996975,646765,989015,17,44
760251,877267,783088,956516,8,5
373718,641503,4075,912427,45,13
403352,458285,91156,847616,37,2
15194,904002,28733,923167,44,44
65107,446462,247429,590171,17,19
377776,775263,257976,803945,27,19
102740,698665,147479,888958,37,29
374906,639938,804256,983984,8,13
31609,786428,207214,552581,17,37
156421,504615,70,990070,49,17
13002,701781,451983,940124,24,34
534,898481,217680,760626,27,44
818456,965172,104674,991830,44,7
105546,970566,63997,331305,13,43
735866,928944,89154,384535,14,9
241742,751603,94419,438267,17,25
11785,801717,516679,931260,20,39
48353,235108,414399,887840,23,9
22562,984737,709888,920756,10,48
24883,468270,649,995011,49,22
147314,867825,43042,468268,21,36
19032,899060,95314,940036,42,44
555607,600197,276538,694215,20,2
420866,711380,255783,965403,35,14
69845,995754,199472,804389,30,46
702607,785301,4860,916254,45,4
167925,988584,587833,907906,16,41
396559,846565,188962,762412,28,22
30236,660977,287814,639546,17,31
212551,855950,105566,893471,39,32
370712,494821,48434,996135,47,6
917596,936381,5752,945204,46,0
23313,982906,14131,959920,47,47
628816,974967,55828,918508,43,17
8383,924479,348387,915512,28,45
420,992518,853887,984082,6,49
353837,438075,17860,415945,19,4
37667,980423,133623,674120,27,47
796437,804320,364722,934496,28,0
127258,521800,65742,871492,40,19
89802,469047,145086,591202,22,18
85872,532657,623357,987566,18,22
295217,301415,51485,971265,45,0
45890,849153,101017,959664,42,40
602501,711100,297392,682552,19,5
49222,983668,161944,661120,24,46
627111,863036,9539,991593,49,11
203504,239209,164808,853905,34,1
164655,722513,130046,881589,37,27
211404,500591,23627,518669,24,14
422197,738409,88651,913499,41,15
272798,911175,337031,726689,19,31
111059,608927,383484,827587,22,24
205175,726445,6773,472102,23,26
64584,892220,94328,994913,45,41
181177,751929,285927,776973,24,28
554033,728910,4650,939039,46,8
641708,677324,633076,679210,2,1
7524,880137,52909,835124,39,43
551206,950411,24790,228043,10,19
46346,690413,492362,703515,10,32
341514,836567,52981,489742,21,24
661229,907199,821868,932173,5,12
131903,281886,176696,951577,38,7
265203,630139,241312,985415,37,18
386695,620692,26930,979183,47,11
58007,996358,273729,943998,33,46
583262,866402,208475,478433,13,14
256136,933610,46500,925251,43,33
717,797627,108670,777176,33,39
546222,710941,78551,988154,45,8
51555,764559,501459,839678,16,35
58840,209737,780878,987405,10,7
455254,894394,69107,862784,39,21
78645,591779,532479,912212,18,25
4782,958823,619845,853037,11,47
275571,803062,687701,909680,11,26
130538,993682,3005,948818,47,43
788112,977701,203203,948803,37,9
28968,980654,327355,972576,32,47
92651,284611,720238,989370,13,9
217732,964980,230204,998730,38,37
13481,849660,870844,894164,1,41
356144,953773,77729,757046,33,29
296530,891181,374093,928002,27,29
81457,743492,20310,996853,48,33
110660,534766,63537,983904,46,21
296985,440249,2417,936748,46,7
5721,227719,30390,907683,43,11
1192,776009,654135,873533,10,38
154274,907087,19312,731716,35,37
6079,906934,155572,193528,1,45
11861,965405,234758,424681,9,47
258616,299447,118624,825609,35,2
388782,960214,166606,764216,29,28
7832,995005,161790,738180,28,49
135099,301914,54714,382936,16,8
463875,806991,463588,536047,3,17
67545,543831,273242,481461,10,23
51573,800664,135283,701952,28,37
9937,382415,311969,772441,23,18
34618,984522,30254,997196,48,47
171982,189412,25545,910164,44,0
116718,878476,494225,609977,5,38
210186,526312,93534,952839,42,15
452722,860750,158984,980672,41,20
273982,455728,112088,689396,28,9
303292,451292,75260,132874,2,7
40341,960690,69652,988803,45,46
197959,209034,293659,941405,32,0
444442,772542,69587,639741,28,16
331977,947382,163132,670018,25,30
579199,893702,6933,951289,47,15
59996,703076,356212,536971,9,32
275529,662033,407618,455978,2,19
393681,754255,333370,910438,28,18
72561,946740,200501,419988,10,43
62406,954515,317269,436681,5,44
142789,967025,165365,965333,39,41
243457,683020,89517,960053,43,21
710975,805361,41048,777336,36,4
79822,161810,43998,829865,39,4
67144,372218,49418,845261,39,15
313637,992990,11915,467471,22,33
134911,628170,351842,754749,20,24
511891,644693,96576,991763,44,6
84921,775825,13641,657700,32,34
200446,963811,143788,837586,34,38
48471,126805,16514,983404,48,3
381335,606534,300332,706532,20,11
129782,583171,360687,419485,2,22
68659,474300,183249,843127,32,20
194070,543568,14042,772902,37,17
10299,920992,456593,718837,13,45
14040,654321,136129,997361,43,32
177191,926411,278795,866456,29,37
329909,897066,133926,776401,32,28
91298,833133,431870,532489,5,37
301212,829461,612060,903764,14,26
64073,993479,562061,983750,21,46
506761,910002,528249,989037,23,20
807354,884852,545506,946731,20,3
276179,825506,158455,432092,13,27
9604,984716,39778,872631,41,48
233226,887297,727912,848883,6,32
18349,525036,142947,864853,36,25
402748,696422,676801,887381,10,14
785105,917881,96,981123,49,6
352129,520466,362335,871837,25,8
63197,967801,130467,981054,42,45
61647,949411,69579,683010,30,44
343578,789636,14436,442813,21,22
254766,463301,105000,959208,42,10
270542,437450,458011,621647,8,8
193011,972854,14920,924468,45,38
389747,707322,376583,894466,25,15
382002,941817,265787,474531,10,27
23867,974069,210428,903214,34,47
264569,624399,139986,996427,42,17
63789,312417,868475,954640,4,12
235971,834497,159434,990231,41,29
503386,817996,500739,673533,8,15
123220,934609,230345,864493,31,40
273214,824187,86914,371516,14,27
73780,661021,301195,439448,6,29
99445,352027,64003,840206,38,12
71864,373193,758529,861699,5,15
604471,841002,697757,751810,2,11
465442,782163,312827,743781,21,15
267847,679076,159328,892766,36,20
1931,998536,192930,921499,36,49
150648,684713,72048,930727,42,26
455796,794168,31066,953677,46,16
162575,903792,281540,923605,32,37
664139,903820,41028,979730,46,11
361104,686122,93599,951548,42,16
45685,756077,192394,635024,22,35
142879,806306,24871,947251,46,33
69890,549978,61379,891563,41,24
118710,142756,122315,960803,41,1
136394,997033,60019,899606,41,43
131782,564594,9365,846121,41,21
754930,828457,344125,709397,18,3
130339,981653,434161,723857,14,42
172593,826566,325607,789498,23,32
343289,946551,306897,368871,3,30
364985,973460,377699,799488,21,30
209542,623978,291453,623254,16,20
962402,988335,414472,750118,16,1
379330,597510,349209,672532,16,10
8587,860211,496827,602205,5,42
580680,829379,277683,967031,34,12
326950,722350,55397,676527,31,19
507222,999627,789463,849596,3,24
245346,799646,31403,913575,44,27
177686,938349,127911,893723,38,38
4726,546951,34930,990260,47,27
4248,888631,1203,90811,4,44
143777,279255,320551,940850,31,6
503981,995847,292396,971143,33,24
168121,282068,47216,984186,46,5
18398,150112,22158,879936,42,6
296389,552386,29358,919358,44,12
55943,943445,5004,726027,36,44
336975,863721,115562,161523,2,26
6297,36493,709624,781878,3,1
192272,470900,86543,982314,44,13
130457,619232,334662,538874,10,24
569450,992846,60165,735910,33,21
152319,515044,48730,468456,20,18
157262,791819,555808,670755,5,31
208,990155,107854,995191,44,49
59238,208090,91,982853,49,7
821641,992181,16304,968071,47,8
244471,966542,111433,881445,38,36
256914,368100,40981,835227,39,5
51000,806498,335112,966437,31,37
159752,943609,45118,830342,39,39
46184,480143,236505,587868,17,21
362851,836786,120513,901773,39,23
17316,101810,146926,837087,34,4
736244,774347,9461,938913,46,1
510012,531532,101456,384037,14,1
203375,937435,241390,514557,13,36
351266,497364,254091,517105,13,7
144145,448896,139805,774269,31,15
64111,573845,216419,829261,30,25
55794,66821,813287,895944,4,0
3194,262095,356935,865977,25,12
15551,676010,152137,198533,2,33
2493,995089,451160,738724,14,49
135774,946816,132917,862825,36,40
338061,964228,70051,526811,22,31
34539,419021,476342,647248,8,19
730588,982670,170475,799556,31,12
206271,296733,145323,224349,3,4
571559,596976,8788,128752,5,1
109941,600697,11466,191292,8,24
7981,896563,338634,762189,21,44
333700,699572,453221,722790,13,18
130627,772474,45158,395637,17,32
491825,943039,197686,992575,39,22
753957,808028,153794,819603,33,2
556003,957358,286698,687295,20,20
257338,290905,196864,835697,31,1
585619,920895,691946,776968,4,16
7770,920168,30664,479399,22,45
220076,924123,739524,843323,5,35
879508,966586,76155,958523,44,4
85298,754332,55597,952421,44,33
17756,814233,330167,973387,32,39
10521,724955,148437,805683,32,35
574994,808368,335038,784805,22,11
159630,180377,195235,976605,39,1
73581,951070,14641,779767,38,43
288251,749362,815340,896387,4,23
402967,506032,657130,778953,6,5
77727,541585,36788,961518,46,23
32234,891994,864881,940884,3,42
82063,607036,229580,658458,21,26
26334,778313,5897,690991,34,37
193166,685486,635391,733522,4,24
6093,999850,200088,990290,39,49
3852,708702,77440,769200,34,35
66546,224125,140985,279768,6,7
182824,461914,40198,839392,39,13
488679,940126,107092,996323,44,22
335046,620767,39386,790361,37,14
53569,930823,184809,592585,20,43
93545,309367,37410,674317,31,10
282674,752327,301008,722916,21,23
73631,293370,664502,784344,5,10
117239,898986,67376,822688,37,39
822057,999229,46620,740636,34,8
15780,587148,254432,945476,34,28
185338,679120,128633,177324,2,24
217216,353778,342711,848475,25,6
31092,937117,428042,484464,2,45
371860,533995,352324,818897,23,8
140020,672007,281219,697283,20,26
48350,984920,26396,923480,44,46
698832,969922,134711,914334,38,13
17507,887665,475442,903812,21,43
601417,921165,412262,739106,16,15
86038,973869,112976,880250,38,44
86175,981652,180473,936502,37,44
254606,998202,89645,599061,25,37
400911,930541,57723,814474,37,26
356632,928494,86404,352445,13,28
20914,771618,357273,824691,23,37
279012,962666,65242,408340,17,34
138461,948777,130325,885401,37,40
70919,820019,166370,458568,14,37
194968,791241,48246,844310,39,29
1178,311333,7539,969337,48,15
37555,528523,250378,939322,34,24
73577,960502,13633,526065,25,44
77442,998078,41306,153130,5,46
31097,784000,392717,797724,20,37
127196,947132,33302,399882,18,40
366501,541410,4243,967041,48,8
166525,748045,105461,375752,13,29
32957,687628,332335,612208,13,32
510274,844938,52422,173105,6,16
272228,727577,143135,614753,23,22
152002,578171,214507,988665,38,21
196760,387087,241512,760330,25,9
322263,829581,220112,511803,14,25
372133,994273,638755,763676,6,31
90408,434172,57230,953379,44,17
391374,712622,13297,896035,44,16
70596,544189,566860,924398,17,23
484314,591838,257006,590280,16,5
15372,774125,9211,993253,49,37
191243,437245,508714,632578,6,12
248663,911174,199372,633221,21,33
36309,334765,545370,894959,17,14
187384,818239,45331,968808,46,31
190355,972773,374039,821523,22,39
94926,354361,196748,485789,14,12
337753,904922,99119,844723,37,28
164809,852946,784742,950175,8,34
147943,643385,14542,998999,49,24
58190,908834,588643,863205,13,42
205785,777975,132208,247700,5,28
167842,953299,96291,784905,34,39
351940,743865,546017,672715,6,19
2217,353237,262765,397403,6,17
125550,951517,530088,964489,21,41
128731,558691,169811,620930,22,21
234843,624850,158437,909885,37,19
543307,632106,205890,660182,22,4
537584,930254,365337,660714,14,19
509953,997633,217490,582488,18,24
356470,844505,696649,807992,5,24
604557,722246,197037,463643,13,5
190876,954197,375859,830680,22,38
459258,958031,451269,776349,16,24
657226,685323,277187,404851,6,1
429624,893690,144163,654129,25,23
163459,400516,139422,467063,16,11
29561,995326,627091,989638,18,48
27834,967226,620988,982197,18,46
179116,373489,9773,988464,48,9
225291,768881,48566,828021,38,27
132015,590156,118986,871131,37,22
162363,907638,74959,827472,37,37
381779,389579,497571,599282,5,0
232687,476085,23726,948461,46,12
425588,928113,21069,353859,16,25
270632,830728,8058,994814,49,28
140680,963139,669895,802642,6,41
474425,709301,187369,300157,5,11
68963,965812,455345,633898,8,44
627502,694138,70941,404838,16,3
5381,234840,455726,753955,14,11
1825,254638,521543,944661,21,12
16296,877926,82597,774329,34,43
257535,636228,149746,313490,8,18
291466,887967,16687,994054,48,29
471207,660963,808521,939013,6,9
183907,518885,393021,691489,14,16
580989,922439,259407,945713,34,17
378534,886304,773777,887794,5,25
33889,993566,343684,611639,13,47
383462,529991,583553,755198,8,7
264104,480798,212635,390285,8,10
428675,629721,201251,500499,14,10
296291,999952,199468,477645,13,35
479694,903266,87546,355385,13,21
287063,971296,171187,922845,37,34
85677,462211,383912,682054,14,18
196679,872870,214937,546183,16,33
812669,867509,306667,473125,8,2
896477,953131,451559,814458,18,2
76203,886299,532612,798866,13,40
25127,932037,12762,992619,48,45
403539,775860,429762,858880,21,18
117114,804488,376602,698332,16,34
190522,321215,12809,979835,48,6
753112,879644,104078,483212,18,6
13148,597312,21352,795767,38,29
264272,930395,427796,702320,13,33
8887,946722,107904,799211,34,46
555424,724439,119608,231743,5,8
73760,139238,84576,848582,38,3
122581,125115,527375,810469,14,0
243382,963525,635182,972905,16,36
147989,973787,9996,763591,37,41
821044,837206,181268,347033,8,0
829835,927666,89772,561313,23,4
242323,790558,436932,859772,21,27
74250,992464,120748,813532,34,45
243586,754570,119481,547006,21,25
201519,905069,117763,881861,38,35
126088,949895,24432,323287,14,41
458892,910598,256030,953155,34,22
263498,939676,322622,799898,23,33
617110,731443,240550,350754,5,5
209919,993657,597580,885013,14,39
36953,964462,12118,992725,49,46
19748,994629,26,999804,49,48
18064,925599,2164,988342,49,45
145335,930708,2420,993913,49,39
17272,754659,6550,997149,49,36
649155,887662,512670,678575,8,11
406661,930554,153739,324289,8,26
214152,289807,58067,222949,8,3
276692,874169,5463,989968,49,29
365840,714372,420658,591031,8,17
397230,476793,260031,558377,14,3
51940,809147,308094,737708,21,37
94061,669352,267266,565616,14,28
497185,787549,489479,779712,14,14
6128,817752,21133,182298,8,40
51978,715712,63090,228371,8,33
268062,686832,30939,321187,14,20
389822,903843,160502,324435,8,25
513816,915977,104291,273923,8,20
52483,374501,172811,342927,8,16
49539,999977,276895,450911,8,47
