191236,370626,280275,613866,16,8
551340,792858,330650,399441,3,12
222577,319370,112999,802847,34,4
425946,938200,42707,48182,0,25
130940,370369,850520,891895,2,11
542503,855358,433198,687697,12,15
280611,522098,190172,495955,15,12
111272,835387,631238,920023,14,36
109691,328459,397803,934126,26,10
417481,513319,285582,722006,21,4
404621,999983,572575,994826,21,29
116408,598892,643974,706593,3,24
684699,731821,795086,833642,1,2
649201,981588,76494,957025,44,16
9375,976186,281083,339865,2,48
524843,839195,83209,627125,27,15
105272,785191,285534,802620,25,33
306840,834153,635995,856064,11,26
367142,691300,108397,884967,38,16
285932,828609,486677,818000,16,27
687650,962859,593332,829577,11,13
170281,779392,198684,969423,38,30
118444,747017,6281,152108,7,31
112290,986165,276038,688498,20,43
57079,891599,161161,759178,29,41
22001,999070,273737,347911,3,48
955139,966407,77488,321015,12,0
776034,785736,345007,374573,1,0
15531,756569,72660,697123,31,37
36171,854673,8626,987267,48,40
1782,982571,301171,699930,19,49
393888,617281,59972,794583,36,11
233365,390780,36512,942715,45,7
517186,927242,351109,462776,5,20
511260,859065,241870,490472,12,17
54619,973124,36004,933127,44,45
483056,625216,225082,743693,25,7
26425,973072,383911,674707,14,47
438457,777069,92887,350629,12,16
12336,991930,141647,563942,21,48
296538,896070,77084,919495,42,29
252849,775563,555362,965433,20,26
21936,564330,314708,711124,19,27
120323,645899,144170,310388,8,26
53715,933419,132638,772491,31,43
107475,981216,487301,942081,22,43
66005,853037,50779,867391,40,39
16533,994571,430597,577491,7,48
46776,575443,98783,365813,13,26
166493,822756,36337,768690,36,32
370207,879916,538913,718590,8,25
72813,999742,31112,917898,44,46
71903,896465,21104,986600,48,41
151146,835110,463164,828435,18,34
333460,638177,407746,901331,24,15
162613,985312,785443,946605,8,41
53280,961720,221605,384272,8,45
100128,659537,406315,533469,6,27
381645,905781,340798,858973,25,26
337652,927660,834627,932834,4,29
70799,753619,182874,873082,34,34
20058,296219,501310,895930,19,13
73220,823686,243340,287380,2,37
384526,722524,418113,600934,9,16
203027,327034,4061,905471,45,6
283045,433254,279331,886237,30,7
110528,388236,246603,929819,34,13
98450,998219,596472,818528,11,44
1530,996359,7714,666466,32,49
573721,769469,695408,930069,11,9
446563,666359,58305,932795,43,10
113314,928946,525773,864395,16,40
37805,961739,517674,778426,13,46
720730,811780,575764,955304,18,4
524087,994062,14356,968957,47,23
136074,529756,295775,781453,24,19
46879,897135,82138,321981,11,42
238225,670828,111169,663131,27,21
124580,798435,693777,748122,2,33
91534,967956,902308,979943,3,43
291627,317037,291045,766334,23,1
544122,898226,405547,669820,13,17
108806,340025,269893,433062,8,11
479943,990188,83818,989934,45,25
12100,997758,387634,690332,15,49
303703,935907,276412,650514,18,31
679437,875356,194912,481263,14,9
141794,841933,428702,932005,25,35
26182,988838,243560,919574,33,48
23470,967593,5269,978590,48,47
126943,992067,181976,206987,1,43
577649,756637,21144,999963,48,8
88698,485202,62691,735064,33,19
552259,717621,167749,537307,18,8
322858,877735,119231,861967,37,27
138117,987524,41481,860554,40,42
224985,533218,256315,709956,22,15
486093,696121,9857,589926,29,10
709635,745552,635357,963256,16,1
268822,463274,144677,460112,15,9
5049,676880,236791,350813,5,33
130309,956169,15526,970667,47,41
11153,299906,316120,370716,2,14
639300,804659,231395,790550,27,8
153683,767465,289619,445891,7,30
108030,866212,20214,700430,34,37
59,974735,211678,972529,38,48
92896,376820,729254,929132,9,14
384740,500216,156820,588290,21,5
473476,913842,276773,894223,30,22
169806,816649,40107,975646,46,32
264139,828538,93824,416047,16,28
123531,561323,22575,975022,47,21
219661,974429,413093,618573,10,37
788322,960316,7892,999663,49,8
136939,816316,143530,922004,38,33
728,909458,263290,969632,35,45
18943,882870,83101,956078,43,43
274649,558584,39010,655762,30,14
122872,752655,151667,991845,42,31
155489,670923,394090,936231,27,25
190999,603854,555586,872015,15,20
84436,570118,15359,872732,42,24
42283,598524,496200,645881,7,27
159837,832627,607970,878853,13,33
8962,962152,220281,907034,34,47
33813,236461,31223,773018,37,10
7233,919101,29827,668989,31,45
231592,777448,563062,976716,20,27
7865,562742,76912,993708,45,27
104826,852515,131804,720323,29,37
505360,818164,391994,605456,10,15
166724,483950,147418,417012,13,15
91096,729415,341693,846087,25,31
305595,931998,605737,911477,15,31
347323,642471,10238,834365,41,14
122262,669232,67072,549971,24,27
755302,996392,74314,844257,38,12
529139,866068,3117,964795,48,16
242114,846101,41941,388339,17,30
586490,668695,398813,790263,19,4
151253,869545,119671,961251,42,35
182296,753640,65339,921023,42,28
189977,978814,151527,556996,20,39
188983,844241,154707,440087,14,32
163219,281255,329542,357515,1,5
120278,534729,257045,666693,20,20
323208,840961,228604,315596,4,25
370709,926961,38061,989801,47,27
462408,663201,468851,888189,20,10
194392,561911,84081,537137,22,18
93542,671228,469822,836315,18,28
179298,654752,463750,848140,19,23
249500,980668,542828,913354,18,36
9226,896088,85569,938546,42,44
350698,394209,583910,684488,5,2
78957,204022,343596,536530,9,6
257490,663652,381197,708216,16,20
169853,205526,634660,822739,9,1
259750,859377,4451,902249,44,29
88007,890920,713866,982150,13,40
712642,970069,10756,913897,45,12
33486,777087,46094,905755,42,37
277767,675680,131354,334261,10,19
588250,765143,58260,966761,45,8
716497,921157,131422,968689,41,10
111524,434404,484528,902862,20,16
165771,648753,343293,635580,14,24
371690,862918,287979,341863,2,24
194676,892004,334435,716309,19,34
381451,694845,21346,992325,48,15
614237,940603,110426,956738,42,16
164060,603064,44754,785065,37,21
764702,885872,159287,968131,40,6
29759,944688,127800,181543,2,45
138268,905409,233791,967374,36,38
212592,438790,76067,819603,37,11
174662,955352,113664,840127,36,39
736658,970195,291445,953195,33,11
79136,916047,89972,760864,33,41
290975,948214,216357,968286,37,32
104167,958813,3880,884746,44,42
165363,425595,638615,703077,3,13
401727,686083,415866,898142,24,14
33907,105028,124083,412187,14,3
11667,831944,73600,904003,41,41
60203,805136,133796,846959,35,37
167388,940866,35885,957208,46,38
741960,877633,105620,783842,33,6
103028,413898,557276,586891,1,15
113024,758520,645469,840912,9,32
15280,882568,21121,998127,48,43
114958,268618,67919,873022,40,7
85527,854676,8322,993877,49,38
213826,377397,80853,109412,1,8
476169,822469,400482,947223,27,17
500119,713428,58016,606734,27,10
76919,972215,621550,803192,9,44
665389,902769,350056,842591,24,11
493113,732298,522490,660541,6,11
125887,938209,562151,856598,14,40
30955,941018,76664,938198,43,45
291454,689257,63839,986109,46,19
89577,551757,11750,933051,46,23
613973,862911,633879,655391,1,12
146902,945075,674855,944478,13,39
264835,800095,23823,647410,31,26
846552,894635,370937,608678,11,2
9667,668547,385237,786718,20,32
68620,930506,575976,875542,14,43
12823,815032,40240,819582,38,40
420928,848873,471525,896777,21,21
656885,920630,147220,929860,39,13
334695,438141,380055,514001,6,5
324845,958546,100071,927083,41,31
487766,751617,141178,196332,2,13
105839,939252,743257,879200,6,41
356,991774,7121,523547,25,49
23614,836563,102972,446623,17,40
178026,914093,33456,974251,47,36
1068,786301,18291,566516,27,39
73676,78570,424952,644003,10,0
29714,251314,38637,106804,3,11
424735,584849,90014,499492,20,8
51070,937424,286461,920002,31,44
49299,982520,19226,884728,43,46
308005,818680,162052,437009,13,25
343138,484201,219405,916150,34,7
3734,999421,263939,393378,6,49
474167,705821,27772,917818,44,11
18211,985359,109460,641935,26,48
133492,719209,275867,595100,15,29
534537,874410,440840,731469,14,16
464501,797588,82300,630407,27,16
178375,453828,885460,908718,1,13
418928,947510,708800,715057,0,26
302351,358387,455196,999761,27,2
99776,903125,32007,949920,45,40
32239,732027,251953,899492,32,34
578569,878036,44230,118725,3,14
54540,967848,315238,442013,6,45
428327,461697,15959,907488,44,1
62014,666979,364875,932904,28,30
84105,772754,195927,937234,37,34
86242,995150,35,999974,49,45
108735,847693,181386,339970,7,36
66660,739918,74228,944741,43,33
62439,436459,163239,379848,10,18
675910,699298,170719,373608,10,1
419760,685792,3322,675694,33,13
113896,961910,748304,928474,9,42
349507,630610,289402,661662,18,14
363532,843257,239459,835778,29,23
466176,655979,378056,741787,18,9
172818,727959,231826,944645,35,27
297638,343168,492293,666561,8,2
22948,996925,101942,836176,36,48
195168,266843,650212,780643,6,3
324523,718589,95547,864813,38,19
20979,994532,401535,964324,28,48
226765,983319,105560,837254,36,37
253367,811066,615710,692314,3,27
31251,768171,267722,600014,16,36
440077,914043,315997,952459,31,23
514257,756215,431981,627159,9,12
59291,996059,89137,919751,41,46
508806,993800,738282,872686,6,24
127468,846655,49353,80521,1,35
17778,567748,6358,231386,11,27
77537,966373,588775,747721,7,44
144376,943437,266415,623819,17,39
358136,987182,108071,876607,38,31
184866,189654,90253,675604,29,0
182095,838549,243214,641604,19,32
71187,93665,441749,808564,18,1
148204,287895,127244,993695,43,6
406997,658470,228518,790305,28,12
528616,727238,248621,317578,3,9
720702,873254,311617,711978,20,7
111706,579648,437088,457472,1,23
527966,719817,166552,518995,17,9
238748,697323,100936,479377,18,22
179308,297067,199516,256242,2,5
219952,983882,180183,845666,33,38
122493,188155,216669,632830,20,3
622443,973354,12341,673478,33,17
630449,682260,462437,589642,6,2
695508,982288,83427,753323,33,14
106538,966148,198885,973009,38,42
35388,761369,294419,856018,28,36
327269,588013,12952,986131,48,13
105438,775047,55621,788306,36,33
217853,973356,743041,986285,12,37
326987,503602,20766,710156,34,8
122154,482115,327896,459027,6,17
237380,264307,129160,521988,19,1
4914,882764,156255,899098,37,43
236162,289562,962012,965590,0,2
3744,53706,10633,940797,46,2
101142,985145,116088,764127,32,44
680430,920294,296763,579120,14,11
421685,984022,8538,453922,22,28
298694,763850,8055,690153,34,23
357228,538122,111537,862949,37,9
238596,997687,307599,917857,30,37
340649,506400,118917,312365,9,8
82759,995875,202309,581193,18,45
102726,942480,409314,431885,1,41
196594,837957,91774,972715,44,32
583525,927607,728462,891318,8,17
197734,901594,658211,956979,14,35
315986,948813,604164,817572,10,31
162757,955988,205296,362228,7,39
111820,952672,289025,669193,19,42
142349,404070,553331,843754,14,13
43868,668530,57917,618445,28,31
95799,917491,192156,269989,3,41
111712,817682,13584,963658,47,35
459055,778799,600759,883411,14,15
1093,920250,382392,939482,27,45
181891,307350,34510,380506,17,6
69785,711606,35001,907759,43,32
848448,933775,342519,910811,28,4
249025,464947,527743,806634,13,10
141846,825719,51101,788365,36,34
38988,421534,4491,881997,43,19
371026,869145,61531,949701,44,24
229982,318550,805832,971925,8,4
56659,738209,322407,390410,3,34
17728,440571,117786,381360,13,21
39576,111123,74431,889146,40,3
396266,744934,73223,547421,23,17
115807,732731,106116,644283,26,30
675561,989529,133763,918134,39,15
152303,996203,82333,223380,7,42
215459,946733,870635,958552,4,36
547756,972974,211018,236657,1,21
30482,992232,384898,505966,6,48
18226,978493,339568,437425,4,48
102290,140958,178805,943995,38,1
134913,711200,741537,762338,1,28
323638,663188,290079,816810,26,16
596028,834745,432062,781424,17,11
4355,998033,208497,262455,2,49
793969,948812,501796,731636,11,7
177838,924608,470882,934081,23,37
548345,949766,336840,540285,10,20
214025,890320,253247,843753,29,33
384386,798072,658130,847976,9,20
612470,933366,100803,232179,6,16
7578,974900,211807,526930,15,48
266724,710102,477088,755495,13,22
538959,949476,479662,856598,18,20
210040,941856,172440,760298,29,36
313542,754636,249881,719388,23,22
423866,990672,89340,985319,44,28
192120,994209,342275,868075,26,40
89648,900136,478997,913128,21,40
671039,672253,108546,850153,37,0
470260,956698,383969,856793,23,24
65147,904455,852461,853637,0,41
134957,839514,525170,788287,13,35
33413,953774,2349,594799,29,46
10021,929100,519925,717722,9,45
282675,985046,86856,582988,24,35
475103,535314,755128,961187,10,3
504695,651417,75865,715869,32,7
40259,710511,9169,999279,49,33
530953,922212,64866,573339,25,19
671647,705449,561557,694827,6,1
211251,330870,266600,596447,16,5
58871,655343,19979,806143,39,29
251402,931351,171613,822518,32,33
235930,631746,150742,693631,27,19
244686,972875,23737,626547,30,36
168602,915127,43639,445223,20,37
281251,569278,12064,898682,44,14
73966,433868,10059,999798,49,17
3563,156548,12729,137426,6,7
609621,776252,28626,964366,46,8
109276,963504,320042,934604,30,42
338188,787934,366905,782438,20,22
2313,980753,143428,893814,37,48
399845,757261,335492,522151,9,17
325234,483689,31805,301248,13,7
150316,838854,704151,829257,6,34
140013,908398,248607,441723,9,38
201447,909372,181120,997423,40,35
428092,981949,114006,763386,32,27
457441,767406,384067,918316,26,15
649934,887381,112234,653060,27,11
574264,908985,140032,468908,16,16
299240,592613,276875,908822,31,14
158854,765707,145062,556693,20,30
45405,978200,194470,270664,3,46
143997,397624,268639,492244,11,12
20373,861070,49216,461482,20,42
516423,928789,169539,914239,37,20
25965,977452,49784,409505,17,47
574743,764490,302165,935776,31,9
251170,621544,351111,512084,8,18
115182,971270,251913,837655,29,42
733220,907387,133401,139248,0,8
33275,485060,704628,877315,8,22
10925,842200,113435,521102,20,41
212156,913163,73266,944267,43,35
314197,794076,8619,983999,48,23
374526,812920,24663,993247,48,21
25769,298647,20749,975047,47,13
696406,849670,38344,977506,46,7
16833,934175,91597,889220,39,45
8817,999947,630856,736969,5,49
595026,742505,155109,682877,26,7
12404,994488,86131,720945,31,49
77140,583535,23919,987299,48,25
575318,846462,39800,953312,45,13
547173,801056,30618,178006,7,12
224742,613969,363936,600628,11,19
353171,369570,110867,911264,40,0
96978,890135,34638,990808,47,39
558485,983097,212320,811477,29,21
76617,981047,599673,805215,10,45
831248,862725,284171,887978,30,1
34639,592928,60024,997600,46,27
32711,983429,138933,154371,0,47
46341,962928,385762,631393,12,45
601196,608578,108034,733484,31,0
190745,431180,122990,535284,20,12
280200,853445,674736,980772,15,28
14502,911716,89101,191290,5,44
117601,906750,269694,863637,29,39
67449,790784,220382,654029,21,36
102241,974979,178229,959405,39,43
195352,547258,28345,745991,35,17
154002,874928,17764,669460,32,36
2386,999142,543877,616189,3,49
80525,513470,127169,344930,10,21
886784,918413,118987,267276,7,1
45113,834680,6956,991183,49,39
389757,806565,179813,992261,40,20
49780,994729,36218,669457,31,47
198935,954061,939635,944963,0,37
747747,945424,898038,904026,0,9
433644,976927,201173,802611,30,27
137537,992462,236337,359151,6,42
232432,976581,534342,854390,16,37
201217,570078,683784,970795,14,18
337378,870211,183201,741213,27,26
317072,622491,85370,886354,40,15
136449,813433,46508,675892,31,33
105751,902713,19797,993910,48,39
379350,805514,383862,729839,17,21
798043,820341,156326,992100,41,1
588084,965169,229611,741722,25,18
3873,995093,466411,671972,10,49
179967,232038,495586,709129,10,2
11612,961552,9512,999100,49,47
183556,498618,45685,817950,38,15
521835,883095,133685,910236,38,18
813956,902337,51421,252501,10,4
565143,672579,136056,918940,39,5
483982,808766,344248,947052,30,16
170989,305762,322666,849434,26,6
259245,324045,131098,708104,28,3
3238,36280,119768,397884,13,1
231755,996116,96002,787433,34,38
125133,857692,185503,216239,1,36
60854,304262,52083,267185,10,12
43253,253150,305762,473244,8,10
116523,414876,3092,995227,49,14
312480,971544,218785,895337,33,32
128306,874020,114168,982651,43,37
255147,422069,26790,408273,19,8
81349,596008,16140,998761,49,25
126046,161382,94390,605085,25,1
13972,971043,185790,394991,10,47
60397,884985,5556,995893,49,41
11912,597252,607607,772009,8,29
155563,625329,514463,735320,11,23
101642,994340,18322,995243,48,44
66324,834417,282535,680847,19,38
8393,965958,215728,867440,32,47
132130,430961,353554,566425,10,14
323955,680005,13999,802250,39,17
144008,256588,163215,993565,41,5
128235,839308,467358,840929,18,35
116848,470435,839288,879498,2,17
160943,805411,13050,224562,10,32
159916,788711,9988,653628,32,31
543987,686922,148141,731093,29,7
159449,692713,566020,852219,14,26
96768,273548,7651,884736,43,8
213174,968040,25783,999448,48,37
234781,392349,216257,503275,14,7
470404,764368,251396,480887,11,14
97543,490610,82153,830968,37,19
630996,744251,135564,950443,40,5
514822,987756,116477,939135,41,23
219694,889864,685165,996947,15,33
393435,910947,363510,850843,24,25
47270,935322,74788,741680,33,44
211536,341234,14116,636870,31,6
383487,907747,7904,356516,17,26
205989,574371,220970,695884,23,18
482433,776539,240300,567919,16,14
264235,742179,210753,955491,37,23
147108,848266,86499,859608,38,35
7275,704284,248966,752024,25,34
409412,621460,214829,437759,11,10
17820,960167,301790,456505,7,47
454511,905376,41434,564340,26,22
77963,916051,150395,515840,18,41
517627,762661,34538,850476,40,12
93314,752084,71372,982525,45,32
529911,993111,361977,566792,10,23
63940,388457,462037,770014,15,16
60216,932532,645916,653720,0,43
5950,989667,48690,959485,45,49
445855,492008,20489,484237,23,2
288443,895745,697922,890005,9,30
25278,989359,397535,876545,23,48
34485,949920,39306,522609,24,45
340861,579140,217868,416565,9,11
5891,850115,12884,998527,49,42
503504,959421,392434,463247,3,22
58999,885500,81801,819850,36,41
580246,975315,65123,909433,42,19
288631,839769,32572,840733,40,27
747546,999014,400781,866129,23,12
356110,753728,39751,992397,47,19
538978,721667,82103,845714,38,9
603229,997961,584664,698014,5,19
223077,897500,63592,972789,45,33
21216,986423,51196,709993,32,48
540892,675299,108838,557567,22,6
64227,951542,9159,696352,34,44
57457,401284,805128,836179,1,17
215822,828294,186131,352131,8,30
52663,985658,447826,992931,27,46
698473,722788,220396,249770,1,1
444649,612776,62857,542507,23,8
187527,608095,655233,806649,7,21
165645,993497,228600,863438,31,41
146360,959191,203547,588367,19,40
101624,661124,653371,923815,13,27
312120,907804,291437,956535,33,29
298646,805936,357667,867638,25,25
12539,980954,54535,771497,35,48
489346,852108,98482,500996,20,18
120268,455112,129013,884161,37,16
99107,388725,399638,972672,28,14
852115,894369,326212,714553,19,2
27550,846471,145591,896378,37,40
117580,927289,312609,549616,11,40
174164,236682,45814,104965,2,3
26713,954126,30350,678692,32,46
351125,757621,33151,640270,30,20
23445,999889,321897,802768,24,48
5941,344842,89273,365867,13,16
52535,447352,956858,976502,0,19
76588,896372,81013,155684,3,40
112715,933189,638715,982671,17,41
417988,695710,175101,952658,38,13
462513,964384,57569,866111,40,25
152476,207804,878325,944525,3,2
627368,834422,67348,718310,32,10
499023,732145,128755,952207,41,11
118065,568998,748509,902833,7,22
84455,480430,294369,567529,13,19
150627,866408,643628,990176,17,35
662969,720308,21381,965832,47,2
370414,852190,598502,610913,0,24
144952,873950,374751,824666,22,36
141525,755479,725258,785954,3,30
92521,128269,534073,936451,20,1
338938,591203,165321,588507,21,12
46115,972486,800554,897350,4,46
16811,975703,57015,387914,16,47
210560,896236,306641,535222,11,34
314303,713585,536036,792630,12,19
313518,798788,33061,753807,36,24
17562,944488,450092,958495,25,46
87284,134891,125873,695442,28,2
5772,413165,8959,944454,46,20
80725,984785,139678,944122,40,45
44349,702328,6046,852541,42,32
89400,844766,449405,551972,5,37
62328,678568,371882,581505,10,30
510439,878017,585308,589845,0,18
186937,253197,136112,843658,35,3
49984,937792,38795,955641,45,44
67541,292582,430039,791815,18,11
301687,898931,62658,986177,46,29
298102,795841,90423,921294,41,24
852937,916051,218538,553359,16,3
672621,962187,3848,691569,34,14
3839,998460,400890,627312,11,49
72478,764077,874873,956917,4,34
224594,790294,76027,707573,31,28
768734,984406,91242,977277,44,10
684171,822884,80711,155679,3,6
624207,713047,12811,945921,46,4
686479,950901,346476,910082,28,13
206750,868180,155655,985463,41,33
478682,949305,2416,992879,49,23
263173,948204,362961,791392,21,34
313199,709591,485812,923151,21,19
327443,756644,68674,933632,43,21
257840,919094,281919,366214,4,33
280577,832457,4456,998646,49,27
359147,532883,734865,878236,7,8
108474,841721,250289,309152,2,36
511781,946942,309806,809829,25,21
2547,726394,259255,968599,35,36
49770,804199,65183,887777,41,37
24438,730056,50229,749182,34,35
6556,892176,362320,638262,13,44
228924,838972,31622,522646,24,30
555689,901203,250314,644203,19,17
18477,775848,37016,966372,46,37
203936,221554,132583,969520,41,0
807868,944701,237401,729024,24,6
456070,927768,755978,839614,4,23
35565,999910,256890,770527,25,48
332387,854855,410008,611733,10,26
1118,974428,19947,851042,41,48
112166,841312,85976,711782,31,36
32357,997551,314654,934821,31,48
63,950211,108434,930892,41,47
7331,839509,248833,527355,13,41
58861,823246,764254,915484,7,38
13316,283922,2935,130391,6,13
144213,385903,654363,979129,16,12
195665,980038,207320,842697,31,39
481680,787391,45647,720644,33,15
36713,827424,148388,206087,2,39
775044,887914,694968,810736,5,5
622048,981030,10704,919726,45,17
310417,599170,228335,524670,14,14
357802,442018,211253,979923,38,4
369859,863968,448449,896479,22,24
743120,928610,324275,908904,29,9
346196,965737,19482,758258,36,30
429619,784887,177343,715323,26,17
468873,612032,257798,455972,9,7
69499,395606,236783,411406,8,16
61368,993974,5073,296451,14,46
640449,787498,255055,632685,18,7
334689,831855,1753,943100,47,24
606366,744060,5224,986148,49,6
551946,820011,17857,129871,5,13
3573,732334,76418,879967,40,36
106189,871363,40650,870395,41,38
339984,393552,213906,853025,31,2
406458,588267,32193,937091,45,9
29095,685229,164405,440756,13,32
90074,982080,12586,943696,46,44
39041,563046,569264,884100,15,26
705367,812345,241376,943422,35,5
44114,907120,50730,987945,46,43
124051,882858,103070,389055,14,37
383051,888483,40953,119742,3,25
605963,958818,84806,914930,41,17
157262,691107,38963,884498,42,26
71239,890894,94324,556566,23,40
105093,865383,214056,525435,15,38
24731,976641,30371,964982,46,47
5627,423141,808763,865931,2,20
199703,798008,33405,810263,38,29
169465,861085,316232,988960,33,34
244925,924323,529509,985680,22,33
11130,956704,6996,539392,26,47
445290,460573,133616,599160,23,0
45833,673783,41323,997525,47,31
674692,791442,30286,981140,47,5
7749,829529,6104,767828,38,41
553209,676969,45906,431132,19,6
670906,866931,70897,209362,6,9
22082,980923,270604,890073,30,47
55196,950029,297675,367761,3,44
37175,960392,651100,910825,12,46
1526,996867,42601,52257,0,49
86848,946831,190954,987724,39,42
486223,958357,345084,799317,22,23
71651,844728,667263,898291,11,38
466508,741296,9285,371033,18,13
350769,453086,260603,836990,28,5
99695,909442,348936,547024,9,40
8551,994955,209276,452723,12,49
178462,810651,508728,747964,11,31
332958,503390,155284,806914,32,8
157623,467715,406139,822056,20,15
161998,950899,363683,811294,22,39
10709,994231,358999,547626,9,49
21298,165469,337837,728373,19,7
147008,554599,708722,964042,12,20
90042,769768,216456,793916,28,33
409524,773192,87009,937131,42,18
175247,968266,241211,252028,0,39
247236,692470,58725,85299,1,22
634836,986907,202254,966893,38,17
93821,641527,263913,361721,4,27
639479,909511,220465,698440,23,13
546186,836420,20318,724034,35,14
180009,953368,348633,845452,24,38
161014,839714,209743,625267,20,33
78990,957776,458698,587490,6,43
2374,999874,514032,922303,20,49
19175,997599,40204,912439,43,48
311835,856930,174315,353825,8,27
59753,986927,52504,783756,36,46
23615,389093,13932,984693,48,18
731137,827678,57170,884831,41,4
877162,978156,178374,340632,8,5
81761,764395,158558,975345,40,34
561681,976527,164661,991136,41,20
108912,639534,188939,878638,34,26
160332,238202,347968,983899,31,3
482753,870744,328737,733392,20,19
438223,843767,507420,977298,23,20
76489,963704,614906,696019,4,44
792175,968650,324527,826793,25,8
492164,551470,36471,947315,45,2
69129,747293,47531,795350,37,33
422950,807902,357333,403087,2,19
378286,939319,675946,869010,9,28
29802,505186,140525,386094,12,23
38630,578415,774117,865876,4,26
225094,873143,427096,952566,26,32
65773,951160,595902,993346,19,44
651513,948381,853977,869870,0,14
326447,823966,230848,340140,5,24
83949,921554,81413,602809,26,41
37759,984456,63314,800324,36,47
925677,989674,100331,635924,26,3
467709,998377,506341,826497,16,26
66281,756328,5813,978082,48,34
735620,841245,280519,930171,32,5
63699,836284,669875,874511,10,38
27938,73460,47056,872935,41,2
186269,673635,167258,871265,35,24
161874,747071,181110,993392,40,29
616985,912758,72054,875237,40,14
161220,966023,203594,693668,24,40
384178,619010,298471,603454,15,11
67477,990677,421987,885256,23,46
1574,963056,155594,429272,13,48
376607,878814,9289,751231,37,25
3528,999986,248102,850472,30,49
167,999513,8345,996191,49,49
207349,660061,80781,628607,27,22
68744,717940,28998,971703,47,32
76084,697368,53470,811028,37,31
58156,761435,948627,955382,0,35
41561,981866,878077,921673,2,47
613389,721090,101753,845947,37,5
114368,954950,92317,540573,22,42
205636,211156,373414,636358,13,0
769683,896657,758556,972244,10,6
69708,553667,75182,168098,4,24
68345,897405,35534,946394,45,41
147449,961039,217821,525311,15,40
774545,930592,103705,824946,36,7
511196,721542,414038,446193,1,10
548235,764865,683869,743038,2,10
145234,985687,116622,990093,43,42
502157,786497,851712,945691,4,14
551431,770715,44887,545220,25,10
599985,739054,667639,695771,1,6
457663,584991,142028,691002,27,6
614528,814959,313762,944728,31,10
633733,877455,304258,787771,24,12
665393,780818,39847,457147,20,5
499841,954517,84623,602604,25,22
430009,960408,103390,865850,38,26
100232,948454,840711,870965,1,42
367342,975625,73539,990139,45,30
408434,917912,42218,980904,46,25
55743,930251,66734,791310,36,43
469282,743013,521515,722195,10,13
158236,843583,389859,574665,9,34
263553,622669,100550,558917,22,17
205816,826043,424808,918079,24,31
392690,525312,544663,833141,14,6
193967,393786,155135,310865,7,9
9520,590251,161172,668832,25,29
2191,992594,12206,890757,43,49
68521,673584,216010,813148,29,30
52712,745662,30650,931791,45,34
201755,547541,70882,723729,32,17
309095,678536,47276,835215,39,18
121171,483362,15980,741854,36,18
263075,585443,210329,889029,33,16
44763,899933,372916,730477,17,42
68632,971972,8553,983589,48,45
89001,98479,6077,702546,34,0
397889,775595,168189,758161,29,18
200272,567396,100743,940354,41,18
447792,759057,6561,709885,35,15
76829,941699,403024,985455,29,43
337899,899218,240770,722433,24,28
72068,649268,602420,702373,4,28
272944,760815,69908,556322,24,24
69454,712350,332045,692214,18,32
93359,964443,84981,906312,41,43
369438,907794,125052,264745,6,26
155372,804084,90382,924684,41,32
264958,722130,141614,896050,37,22
136154,353864,510277,937318,21,10
18521,922489,604512,716016,5,45
15730,365910,122270,456454,16,17
75412,950672,40078,695324,32,43
367829,592119,514414,534214,0,11
66608,391379,166724,822733,32,16
21760,943808,605456,714333,5,46
48598,308898,430094,924979,24,13
235799,966202,3370,980068,48,36
72959,931338,821623,876460,2,42
484037,831124,99130,967035,43,17
801887,966477,113825,163567,2,8
406267,956648,378727,414974,1,27
109479,369510,139086,943798,40,13
20380,853447,125887,208944,4,41
97010,816043,88351,807584,35,35
266825,432306,272652,756850,24,8
338524,844088,538021,975100,21,25
134485,421948,26603,418092,19,14
364397,664295,111460,257334,7,14
649219,936016,772537,936358,8,14
396455,986160,554124,625456,3,29
568063,578548,51984,423178,18,0
13693,889199,83008,357106,13,43
176816,745104,29418,904919,43,28
191245,512554,1966,998282,49,16
330631,920271,44159,990183,47,29
857212,865466,870209,960309,4,0
608121,942377,192670,207853,0,16
51535,776783,276956,818005,27,36
508212,515200,563923,859911,14,0
146247,759664,127353,968291,42,30
356017,673176,852025,895656,2,15
527294,590637,68640,767079,34,3
464949,753842,186119,217755,1,14
121865,580958,90138,680826,29,22
172243,404572,135999,233113,4,11
357,740903,13964,932407,45,37
32617,572010,93627,841277,37,26
936149,954472,95720,155127,2,0
372752,878357,558208,767613,10,25
439866,504364,83924,232053,7,3
272501,962286,29496,853587,41,34
512203,994875,186324,962244,38,24
128090,693303,51516,597232,27,28
149228,381803,216381,788723,28,11
56735,617987,198031,311977,5,28
102368,853238,419912,933232,25,37
77555,896233,112348,824923,35,40
118523,668573,132857,489077,17,27
228184,687888,159824,995689,41,22
22075,806027,21943,959414,46,39
130765,895520,755313,759255,0,38
6743,911337,312295,766107,22,45
105937,528241,34588,965728,46,21
287468,892444,552913,858217,15,30
748727,799679,184291,463510,13,2
725631,835303,136653,798497,33,5
672266,968041,131301,998965,43,14
82173,340307,558040,653781,4,12
672025,780758,559197,777959,10,5
21662,464891,227081,912740,34,22
253489,610894,518497,757188,11,17
196760,600699,264695,786808,26,20
38072,845950,869463,871084,0,40
35964,937379,13937,971951,47,45
216417,446637,53452,702797,32,11
246439,593633,149616,783468,31,17
315366,832520,33684,879723,42,25
232126,974563,207614,886496,33,37
221572,334635,903,969903,48,5
320270,450653,106407,993077,44,6
39976,582592,37142,726913,34,27
406994,779947,229597,540315,15,18
20700,978125,125140,993324,43,47
213397,886187,29528,881566,42,33
27188,624691,216113,897780,34,29
221991,360668,150766,939743,39,6
299338,821906,181965,678015,24,26
68658,638501,20151,242085,11,28
155857,827723,425583,823054,19,33
112956,741274,207740,934048,36,31
162243,934471,648578,784788,6,38
16088,771989,80760,896783,40,37
60339,948238,140693,616622,23,44
208725,763169,505201,972662,23,27
21126,100479,678739,746054,3,3
373594,952199,59428,537265,23,28
55233,700944,487343,710797,11,32
289122,719321,71647,807092,36,21
56776,945653,810020,949785,6,44
529362,986613,40837,299039,12,22
294436,976066,139005,544001,20,34
1184,672584,245164,468232,11,33
24175,963306,785418,820516,1,46
225920,630068,794746,811110,0,20
7266,993282,302649,727029,21,49
329117,490903,83000,160245,3,8
25794,543819,122704,909048,39,25
37744,877696,396746,939845,27,41
121836,863754,166878,744907,28,37
91737,414855,58477,997691,46,16
171214,419131,439696,963723,26,12
110226,702291,684480,687005,0,29
222161,975984,94046,363785,13,37
9479,586098,329905,500086,8,28
36166,607166,160916,682213,26,28
290509,911284,86092,704225,30,31
50423,959005,29154,953687,46,45
261578,821284,614327,871041,12,27
16147,610760,103090,690286,29,29
553,852574,72569,895625,41,42
834210,909632,47187,878912,41,3
221952,700801,110278,589474,23,23
550721,566689,43499,780730,36,0
135606,828663,103082,985030,44,34
61530,990671,28907,980171,47,46
314596,829340,6317,355981,17,25
207081,963301,105275,887679,39,37
124546,474493,712136,729642,0,17
581498,591086,134672,985375,42,0
374985,767459,281683,894735,30,19
182076,991099,25918,972747,47,40
67010,946232,10544,994987,49,43
828135,986932,711258,861363,7,7
59472,766019,152470,975864,41,35
326242,645657,654332,828951,8,15
151322,532270,75903,653072,28,19
423043,969572,741677,951246,10,27
4637,982166,187955,545255,17,48
144811,190147,614218,974796,18,2
141915,771900,62911,593569,26,31
2897,388910,177352,656925,23,19
466840,587774,435875,946184,25,6
156739,374552,120266,682141,28,10
236991,485630,11050,972948,48,12
178457,676265,210505,597473,19,24
380242,922926,485536,865367,18,27
478797,882933,169104,812820,32,20
49193,85393,1717,995529,49,1
212901,932884,280407,454877,8,35
328636,700468,162009,651161,24,18
454459,946622,152055,893722,37,24
349016,516543,167099,908529,37,8
201005,371567,137781,773502,31,8
74806,620105,211150,832879,31,27
171203,976759,141996,264420,6,40
148347,321776,771974,985825,10,8
167309,881467,29527,946247,45,35
294423,926132,489296,579846,4,31
89885,825969,176655,839477,33,36
548762,990289,67923,743915,33,22
160522,557298,395163,725378,16,19
195717,827400,1127,999576,49,31
319631,656129,648984,690595,2,16
305102,839862,295797,955335,32,26
56570,460028,696562,992925,14,20
21049,927089,553275,851258,14,45
264399,834640,382010,425504,2,28
8495,909008,5746,920924,45,45
311316,507468,235004,331341,4,9
79242,578198,121050,762308,32,24
257724,849011,249053,663279,20,29
396686,822477,8298,785173,38,21
679513,961418,285100,422959,6,14
21420,995700,88441,641052,27,48
122521,989035,126492,701655,28,43
527040,783670,198038,638536,22,12
21625,59002,109931,817507,35,1
215792,940021,20647,867312,42,36
46546,595895,198644,873868,33,27
454207,542932,148397,665176,25,4
380335,647794,44185,907819,43,13
393560,719484,31342,262340,11,16
49337,993140,63076,516371,22,47
168670,959395,197003,944550,37,39
136282,996978,376762,426761,2,43
325001,746024,4200,999748,49,21
34445,908123,394316,861851,23,43
472126,690961,351015,700160,17,10
203676,893847,32785,741187,35,34
580395,612589,247546,742411,24,1
12513,784495,5337,956201,47,38
788447,838956,434120,941257,25,2
541647,638470,289632,779117,24,4
203751,674784,330798,640552,15,23
21821,234775,257011,994579,36,10
66967,206698,181392,918313,36,6
86162,564507,571209,926977,17,23
447686,744328,66751,814691,37,14
238226,814252,158655,971095,40,28
118762,727081,34094,997077,48,30
109381,599406,571844,947683,18,24
54144,684140,686905,974225,14,31
179688,349662,13824,810719,39,8
33889,637280,358933,737142,18,30
210621,615585,206516,977344,38,20
861264,905373,326530,968415,32,2
17419,992720,92523,946386,42,48
672597,733922,20787,938747,45,3
253832,877594,58977,977006,45,31
25724,958570,212359,963075,37,46
89015,226550,576896,705638,6,6
239948,947995,798520,980707,9,35
11164,866195,552903,821930,13,42
32742,805215,46677,912506,43,38
302574,659192,118627,874916,37,17
66978,380349,102328,975134,43,15
148068,389027,35994,697289,33,12
412282,487930,517401,704486,9,3
18164,618301,272881,295960,1,30
27171,720238,509494,777472,13,34
169729,616512,906,999960,49,22
18593,767307,125206,505476,19,37
775969,899460,265785,962456,34,6
113167,782170,383505,643203,12,33
190232,426722,203907,914944,35,11
27638,696151,140938,153527,0,33
139940,366741,16303,993850,48,11
431682,798639,370730,444087,3,18
231153,921230,501985,984001,24,34
49981,962106,295230,650588,17,45
92500,658451,33565,994519,48,28
215604,831765,47802,746195,34,30
69512,963175,569828,861639,14,44
131243,928219,205251,409480,10,39
591,970722,51807,995044,47,48
339757,634121,153651,919142,38,14
285143,996404,185079,983753,39,35
484736,734311,143250,800773,32,12
184479,895244,135152,459702,16,35
316819,844315,242225,770458,26,26
822423,995918,356327,940595,29,8
45179,854108,5984,836826,41,40
298215,992624,256190,405166,7,34
2594,538194,593220,659526,3,26
151302,638939,384468,527846,7,24
309735,839389,608332,970446,18,26
714166,970563,145230,771272,31,12
71804,998725,612617,801356,9,46
35954,344355,537367,670945,6,15
472663,568025,39757,914327,43,4
407527,459733,586446,888910,15,2
260418,487013,132324,397996,13,11
171993,946167,13516,986504,48,38
671041,849802,558163,793722,11,8
663525,858307,277317,669030,19,9
606641,977815,558387,675104,5,18
165844,722784,267797,373737,5,27
6687,872061,109044,999202,44,43
203234,630226,756597,757874,0,21
183270,557726,270221,950251,34,18
339450,949319,292855,938103,32,30
545979,978736,285031,989111,35,21
887342,994654,536193,988258,22,5
527549,958044,101343,339276,11,21
50530,862797,444423,808319,18,40
65610,755041,592838,621644,1,34
83770,973090,130319,387909,12,44
473342,858856,752063,877921,6,19
615694,970015,692260,991715,14,17
167344,848637,219910,989203,38,34
179622,886716,345577,453505,5,35
387236,795236,118952,970264,42,20
21389,641108,75381,945632,43,30
68087,958527,487512,520010,1,44
83152,994364,647239,972577,16,45
177317,294427,321111,542089,11,5
187577,197493,271508,683825,20,0
108938,452839,534645,650003,5,17
501150,643845,321404,527189,10,7
37655,958145,406719,984738,28,46
36398,899831,510080,945223,21,43
941112,973782,367166,897029,26,1
778973,944680,20332,374146,17,8
101174,108406,373653,715016,17,0
146504,774004,160840,360707,9,31
108842,975983,220290,721344,25,43
473757,938346,7901,517092,25,23
109527,203913,471391,625259,7,4
196502,532544,137566,722500,29,16
55918,982207,299167,600798,15,46
225622,908327,139815,605520,23,34
530405,773043,428863,804578,18,12
618793,921722,47379,957059,45,15
56171,757703,351367,757274,20,35
828745,847171,52337,713861,33,0
3562,954560,58329,917941,42,47
74506,778177,62675,982980,46,35
418031,458773,9577,982506,48,2
32242,958862,240926,562041,16,46
89134,270542,99631,718212,30,9
4606,986820,216593,974258,37,49
472614,919882,142986,909657,38,22
91831,735790,494527,970467,23,32
278857,938693,177887,830305,32,32
211369,773874,16108,955732,46,28
115903,978187,440082,813939,18,43
19576,940674,20417,925748,45,46
285138,965041,677421,836395,7,33
135004,712643,201787,977783,38,28
218105,704199,265648,943780,33,24
674702,850161,394294,493223,4,8
353165,917982,406997,619607,10,28
66811,452524,73036,595629,26,19
304498,999000,514646,715452,10,34
174866,777315,563875,991096,21,30
204894,510515,647,989654,49,15
365446,775044,98503,164169,3,20
64410,586336,32123,960586,46,26
253139,762616,108018,980065,43,25
49798,356418,58607,991230,46,15
280169,907082,404680,675778,13,31
12172,143180,37675,978255,47,6
292887,767448,216214,713489,24,23
126139,917712,272124,445509,8,39
3788,793431,60800,896026,41,39
387136,887293,140782,383644,12,25
44638,938695,63411,682063,30,44
158797,197305,304357,468297,8,1
184436,890032,34507,623212,29,35
110019,894180,483160,854577,18,39
444004,581586,137188,723014,29,6
63533,644244,8015,400109,19,29
128512,627138,694872,920982,11,24
103536,924467,634100,948655,15,41
142069,749427,26231,925247,44,30
131576,829575,349654,981366,31,34
21966,70826,463689,558761,4,2
6913,990480,421365,969041,27,49
142984,905955,774627,882256,5,38
66862,735646,265821,480621,10,33
189772,912694,220402,975165,37,36
435342,895062,435085,878733,22,22
736108,906991,49599,501020,22,8
3565,998054,108123,561416,22,49
143360,834737,24813,624655,29,34
191340,957949,179835,598746,20,38
694329,783144,198820,547332,17,4
222543,965148,5244,988861,49,37
77358,790974,94604,551101,22,35
216290,279782,870415,881190,0,3
130945,455379,54920,538594,24,16
35588,989427,445951,540575,4,47
287515,324113,866767,975494,5,1
51990,711882,14855,345428,16,32
597648,868369,60006,787590,36,13
76626,892552,21020,743586,36,40
628984,811492,137494,984318,42,9
12450,815564,476250,977909,25,40
432278,997438,513878,913337,19,28
851505,865143,68692,511011,22,0
570820,848934,407274,819581,20,13
355873,654665,17705,994116,48,14
460521,933934,511045,879458,18,23
246013,288521,406310,995662,29,2
202098,987406,393844,907933,25,39
179088,662072,118716,721628,30,24
290748,940417,455387,622029,8,32
21004,661639,656206,733627,3,32
559050,820438,32194,868261,41,13
149157,353965,408378,853234,22,10
62536,804518,112440,456046,17,37
637467,822021,25645,860241,41,9
487243,625957,83637,852884,38,6
416951,466081,172485,876291,35,2
418405,504051,604966,703820,4,4
225897,410376,570028,982325,20,9
431988,771448,1949,960697,47,16
129236,788013,402303,714087,15,32
205261,895438,314,991269,49,34
324132,577687,19622,960061,47,12
1942,781243,527259,959559,21,38
412673,975886,323074,745925,21,28
161333,228118,75659,177275,5,3
385825,769526,87388,714005,31,19
43386,895623,562365,659052,4,42
957713,980363,69388,828529,37,1
705419,942917,96,988102,49,11
622789,754022,454147,613407,7,6
26393,443880,684751,905076,11,20
71591,115308,122510,805670,34,2
52740,896298,471013,475713,0,42
21666,980075,107811,995590,44,47
16486,809186,295972,822956,26,39
3307,605444,385947,847434,23,30
70974,810178,52826,878758,41,36
213704,891461,926330,994065,3,33
477559,620600,474811,807015,16,7
369557,987485,40221,974745,46,30
463275,500930,22221,988758,48,1
130259,466246,194967,998003,40,16
11934,961545,41990,164901,6,47
60475,593578,23710,986430,48,26
496785,621982,109780,964968,42,6
524982,993515,115779,222212,5,23
97022,863866,218579,815702,29,38
544017,969312,768,403529,20,21
354443,473965,439157,450102,0,5
16239,813322,55050,927860,43,39
36909,857995,62988,997592,46,41
420011,759061,373812,881592,25,16
123081,990423,359300,840843,24,43
10865,992829,149229,475282,16,49
593299,965773,718404,760912,2,18
171937,921815,399289,597444,9,37
373931,940694,36342,993659,47,28
71448,509041,307431,626808,15,21
330380,555083,755802,776919,1,11
609110,776551,269907,878196,30,8
464811,928763,353088,649369,14,23
479505,497903,801335,952678,7,0
271131,940248,595265,887072,14,33
200954,360334,47173,747255,35,7
5342,972737,605277,890177,14,48
72476,841348,400186,765492,18,38
89648,906958,256407,886754,31,40
356361,692794,376629,518411,7,16
411828,444234,89141,942774,42,1
157552,239302,524292,792382,13,4
317000,526905,460688,823346,18,10
26841,666704,93903,986416,44,31
474684,938445,114974,303493,9,23
875468,989414,845447,940618,4,5
887059,975371,135420,885844,37,4
455413,471625,101664,862131,38,0
59422,786822,406850,630475,11,36
17960,437638,13974,912548,44,20
218562,298651,494708,534664,1,4
257697,754280,777744,974079,9,24
165926,277588,213047,553856,17,5
119566,359277,246956,784922,26,11
534413,765936,119189,442593,16,11
99283,505410,307008,695339,19,20
456804,991479,439602,699146,12,26
60853,659747,479232,957155,23,29
33406,147182,433506,726674,14,5
72193,647205,830989,902922,3,28
342257,915935,79792,872473,39,28
390661,778200,176881,533868,17,19
363357,593012,334530,732792,19,11
497134,534618,382874,723850,17,1
271462,596017,215498,246776,1,16
667930,723367,20433,310779,14,2
109258,523558,715364,837737,6,20
171436,507093,27534,849767,41,16
191453,380289,784531,984877,10,9
201141,419826,30280,932238,45,10
7900,418483,19242,515572,24,20
196884,719483,252097,717028,23,26
456078,905584,117626,419226,15,22
536325,590099,53234,909901,42,2
113196,613410,145552,968840,41,25
358873,630008,202137,830635,31,13
336105,430505,125824,540043,20,4
477374,668740,815789,840929,1,9
62531,998465,1751,934973,46,46
53239,276452,379437,976915,29,11
400053,600169,406186,877869,23,10
405730,848108,25266,972835,47,22
94900,203674,381482,899345,25,5
49601,908145,23138,951119,46,42
229621,484430,91517,988677,44,12
60775,936436,154095,918281,38,43
46105,494656,470011,578704,5,22
92844,529108,29165,882086,42,21
252859,433372,742224,851424,5,9
48665,453831,34358,203577,8,20
56645,553349,478802,688312,10,24
599510,691966,283,997660,49,4
39826,945148,546403,609739,3,45
193124,831563,17994,978805,48,31
58055,932557,68922,216960,7,43
700494,714534,217134,818478,30,0
430421,999289,15250,931945,45,28
289158,373318,541512,842557,15,4
50566,188922,221276,390029,8,6
855901,926143,404288,751230,17,3
159774,859420,62099,984519,46,34
486498,852397,450276,875403,21,18
441047,659546,4562,991123,49,10
106156,744560,647558,700708,2,31
35570,224848,451511,942308,24,9
10223,376416,319372,341700,1,18
102774,251627,8308,838490,41,7
40224,865924,277872,959665,34,41
460995,926018,29943,901819,43,23
564146,902148,588158,939034,17,16
441335,963149,188981,762192,28,26
153564,504475,329880,902579,28,17
70778,705259,91900,725376,31,31
193921,641748,30471,765260,36,22
110239,208127,479297,718164,11,4
97693,774620,8736,474410,23,33
30746,305185,342522,660602,15,13
576180,578116,254900,477456,11,0
527558,837139,291647,752529,23,15
99429,430526,89780,664737,28,16
398677,497826,249903,918382,33,4
10866,999555,586003,671236,4,49
218783,862331,837,979564,48,32
73208,921967,149400,688221,26,42
494292,791431,557191,908377,17,14
67039,652235,120025,381046,13,29
134737,982506,35674,766913,36,42
15126,782255,164150,912597,37,38
60247,985736,528703,691369,8,46
518985,711146,124375,779500,32,9
231244,628986,9265,604461,29,19
261409,802032,680184,867632,9,27
102173,947159,405101,865714,23,42
80782,867017,235070,366966,6,39
209932,327749,408807,598532,9,5
50980,903734,457361,966914,25,42
619432,871112,103795,897307,39,12
134144,583953,105812,982028,43,22
98020,374506,378765,627378,12,13
606897,783455,828322,948318,5,8
628360,739637,113945,734934,31,5
144617,429740,99724,362552,13,14
264029,951915,40130,895607,42,34
306827,777379,171945,943842,38,23
119247,637570,260185,417132,7,25
36199,819905,149165,917560,38,39
466864,985963,521890,841613,15,25
321638,813094,15731,952262,46,24
1421,931541,412770,757372,17,46
165533,944339,66860,835895,38,38
2651,991016,380725,746305,18,49
130396,697553,245057,660717,20,28
182079,959166,490173,815440,16,38
58579,947335,48129,562043,25,44
515503,787796,237142,980898,37,13
147212,564622,266253,701238,21,20
25992,908027,200867,758428,27,44
277355,869759,2733,574450,28,29
101383,725160,141486,731095,29,31
148761,948302,203174,782571,28,39
17856,795154,931682,959514,1,38
648951,950616,203686,900833,34,15
2949,893676,155119,677111,26,44
330161,558444,42742,980809,46,11
386359,439389,2556,982610,49,2
1106,962834,204384,622888,20,48
416217,755190,311347,948526,31,16
376526,882833,440120,486327,2,25
249407,922988,744114,875035,6,33
76472,987513,171646,861457,34,45
469351,623938,260889,316051,2,7
1832,189503,158655,629032,23,9
39120,929981,57528,807355,37,44
96559,765673,195926,227496,1,33
471276,761260,77100,661404,29,14
484427,886640,26949,995551,48,20
785606,948770,713991,965324,12,8
152176,620643,263693,930619,33,23
28340,944434,232737,546332,15,45
214485,485275,63160,592240,26,13
412170,421394,170667,497509,16,0
234787,667553,278572,922716,32,21
233933,522618,133124,660260,26,14
408826,730292,170123,533853,18,16
51679,193835,140216,763350,31,7
79365,162806,596640,786289,9,4
802777,870788,72977,827055,37,3
246017,853211,460242,967994,25,30
25250,819727,215257,871955,32,39
358589,370459,366246,872896,25,0
4258,979725,253103,616596,18,48
18886,987174,10462,948366,46,48
728983,973728,73834,924421,42,12
349429,957042,309499,630352,16,30
15262,976158,589262,826013,11,48
211346,652445,2148,434625,21,22
809827,975875,57047,354228,14,8
101118,973737,97978,938333,42,43
1235,505559,559741,758151,9,25
7897,926044,237270,958738,36,45
152338,674003,2016,809109,40,26
240607,980539,6635,511308,25,36
299568,977637,644831,811549,8,33
757732,939916,63182,773054,35,9
360852,601430,52910,400101,17,12
45279,970303,31855,398397,18,46
161897,955583,125755,519463,19,39
66133,972474,240422,881969,32,45
626501,784165,163101,647435,24,7
596917,670969,415,999441,49,3
32619,347400,409081,491220,4,15
10081,911071,384444,890183,25,45
269723,980472,554779,636687,4,35
644290,731720,99561,544074,22,4
385227,797795,266693,827673,28,20
66731,668989,97260,143939,2,30
248616,567767,299469,949995,32,15
5037,876993,587020,923613,16,43
388480,696717,479114,866362,19,15
90742,863656,135711,935267,39,38
238261,775711,229347,908825,33,26
110173,974265,242543,854312,30,43
355372,952226,99240,624173,26,29
166304,195273,327322,339436,0,1
178089,595708,227287,923628,34,20
93747,955170,47099,603552,27,43
60178,452404,163683,322761,7,19
429777,773262,72962,169931,4,17
9576,971583,177907,988670,40,48
9180,975129,72081,250168,8,48
15405,947898,151738,971115,40,46
507703,880148,279896,986302,35,18
738952,936368,220836,558556,16,9
569102,685699,91548,990064,44,5
392277,610036,24733,975834,47,10
139491,615699,357206,629781,13,23
370249,945967,168998,297754,6,28
378984,972044,184357,901299,35,29
570315,897694,403046,848856,22,16
579278,791385,28173,519094,24,10
19754,418965,22252,990820,48,19
324564,581680,150473,901973,37,12
182078,798625,202422,949793,37,30
20928,544230,340562,386049,2,26
554407,639191,617797,899235,14,4
482,663974,161317,506399,17,33
35826,846813,748,999681,49,40
63120,853155,75358,683296,30,39
229446,777390,153818,589403,21,27
29873,450977,144725,945676,40,21
80137,965090,94280,924250,41,44
360552,824729,45014,934581,44,23
8663,980740,169743,753156,29,48
728749,753180,586974,809985,11,1
2574,998126,173471,898307,36,49
77537,910628,551733,990460,21,41
94908,834772,453389,952321,24,36
587756,917208,96069,307268,10,16
161093,861179,331787,795524,23,35
19352,265294,130233,953589,41,12
118332,222763,85752,987602,45,5
440066,943692,670167,803107,6,25
90620,983349,304118,469283,8,44
556778,601823,359992,413954,2,2
237865,860197,140623,271243,6,31
169445,528078,83833,566616,24,17
587356,972961,5989,898502,44,19
77567,735647,695490,731439,1,32
227195,247942,40863,966048,46,1
157309,752373,636613,968744,16,29
12939,562404,345941,881902,26,27
366243,701697,225709,921575,34,16
12384,688976,103756,985551,44,33
343216,345512,368369,894717,26,0
46742,913807,28696,748184,35,43
105106,791442,366714,923343,27,34
44697,993229,482193,852238,18,47
207579,823384,359802,643191,14,30
365113,745724,243,998883,49,19
100271,605424,121725,503727,19,25
219076,968239,343171,366430,1,37
422202,642274,33157,817312,39,11
160878,815965,23905,724617,35,32
185899,674365,77790,874130,39,24
516438,941452,71043,974616,45,21
413169,431519,241906,900995,32,0
20919,933480,329575,558559,11,45
43973,918043,867294,950238,4,43
237325,709554,127158,981335,42,23
300304,743977,751541,842625,4,22
407958,911044,134427,904345,38,25
257023,329475,295364,692074,19,3
343110,738960,163049,897741,36,19
41419,425907,118948,946556,41,19
165237,785585,240787,938123,34,31
206813,998970,369214,850782,24,39
236946,911611,287599,963647,33,33
588198,851030,197986,527006,16,13
143296,768173,47315,976717,46,31
712980,840616,334963,653820,15,6
400701,847799,272771,495938,11,22
109950,925689,246957,932964,34,40
377780,528270,122557,993272,43,7
34325,988003,224512,814581,29,47
129979,848199,333424,558269,11,35
44753,121072,56553,987820,46,3
366443,655707,362264,785377,21,14
642225,999381,54566,130352,3,17
417326,995952,711937,857107,7,28
365495,676152,294117,298485,0,15
98089,228430,264193,842425,28,6
357918,841623,214455,898202,34,24
115261,165953,52386,856150,40,2
420173,701333,9815,960844,47,14
57771,985404,32478,827918,39,46
27222,825106,8699,891309,44,39
195621,688782,550946,795126,12,24
612984,855850,399263,785786,19,12
38823,284876,380367,518485,6,12
863807,898524,36202,99830,3,1
348323,719797,44144,785542,37,18
493814,552651,275259,613891,16,2
71183,910270,387234,576590,9,41
112346,534168,69819,360890,14,21
447107,963380,613355,636882,1,25
74653,974567,52824,469780,20,44
240359,295194,237884,908498,33,2
464504,547412,462542,799639,16,4
75039,947850,674815,979064,15,43
1534,602689,893521,978255,4,30
25435,864738,164127,313062,7,41
300789,963347,57157,992493,46,33
199634,463130,183533,626628,22,13
772166,799287,251430,835655,29,1
24761,916244,9866,992690,49,44
123987,809966,335837,686440,17,34
749212,849603,570276,839432,13,5
269896,420874,544890,887810,17,7
29966,980791,213485,484726,13,47
761254,980296,408545,556194,7,10
425218,678378,614125,905635,14,12
150394,320065,24078,850021,41,8
41689,951217,290592,885559,29,45
333135,983339,260154,305837,2,32
298133,976804,40420,860184,40,33
91023,719936,93374,421745,16,31
202683,848898,402599,951516,27,32
404203,861020,576328,963443,19,22
210828,488926,254524,856330,30,13
80,999953,40336,717203,33,49
404297,646237,200840,811160,30,12
247683,775646,311007,908146,29,26
500796,988019,69555,977683,45,24
218213,913089,72837,939893,43,34
37169,106894,3509,855243,42,3
735836,794286,201968,642347,22,2
11032,903506,286686,886154,29,44
89506,823506,594460,984110,19,36
57767,558048,365028,770561,20,25
394721,564261,423334,952645,26,8
18516,265872,482585,753993,13,12
786382,969828,152174,696477,27,9
57860,762341,326599,974756,32,35
67960,644244,35839,788782,37,28
87261,927951,278892,942654,33,42
577,999577,151263,734155,29,49
64160,995824,565790,701811,6,46
52429,952848,76947,488654,20,45
17515,990562,585404,968553,19,48
46481,976314,160857,926910,38,46
68507,521234,63433,714750,32,22
180180,596021,21317,525361,25,20
256115,807296,652458,937100,14,27
438241,968933,18514,842743,41,26
741095,781131,95008,846987,37,2
735158,813774,772734,804900,1,3
238430,316316,28102,996463,48,3
343162,659283,33140,877446,42,15
146476,923947,627159,915811,14,38
6422,640414,145827,530792,19,31
81368,890674,118863,902109,39,40
67965,440689,479523,743635,13,18
209146,687871,211397,941252,36,23
413152,870947,148392,992487,42,22
135024,990266,167198,376567,10,42
129099,673314,60572,905134,42,27
6013,964408,82573,891446,40,47
49931,397778,74579,441092,18,17
592104,654735,97714,962266,43,3
344543,644066,194263,706292,25,14
446343,497521,24324,752233,36,2
712902,945854,85549,959997,43,11
84415,965391,25,815581,40,44
20159,752635,388357,741101,17,36
859611,938386,170580,833146,33,3
94720,992318,400947,608277,10,44
262698,845408,129647,624378,24,29
155295,872237,142776,879044,36,35
24519,974172,39171,988125,47,47
246523,829503,530984,899687,18,29
496233,969693,112083,645252,26,23
518085,760565,135055,864464,36,12
784168,853794,182889,772277,29,3
459371,590012,14373,987352,48,6
329747,370370,596265,777221,9,2
213818,925625,319683,637133,15,35
794660,982308,428990,695419,13,9
109039,904840,1400,908694,45,39
10720,974396,139816,937316,39,48
177961,244748,10568,953486,47,3
240457,333558,92043,207675,5,4
277815,802499,148799,887039,36,26
664652,836367,316742,881586,28,8
433159,671483,39239,143986,5,11
247296,818978,4061,998414,49,28
414579,735168,150349,946377,39,16
36648,251273,372910,668782,14,10
312791,455978,706182,720992,0,7
253487,951170,28003,332677,15,34
925894,965927,358542,887488,26,2
136607,963056,209561,594663,19,41
224444,688116,95251,902054,40,23
148000,518756,7065,994472,49,18
266138,761025,23695,883758,43,24
88804,851381,122715,735211,30,38
418970,609478,251563,925955,33,9
313014,616524,214717,444997,11,15
19502,974186,263022,664729,20,47
515236,548725,339776,385341,2,1
335885,863965,584683,606197,1,26
606342,630259,653470,739703,4,1
148824,845976,518238,970643,22,34
33247,907083,25238,926360,45,43
50649,987841,279798,952428,33,46
70073,972658,61123,912206,42,45
56047,952846,220946,945993,36,44
52815,976277,342412,829304,24,46
560337,690663,66603,887807,41,6
311173,871115,27172,895606,43,27
211,999960,482893,831072,17,49
388787,944823,87065,917554,41,27
324432,484092,137423,932092,39,7
678634,828810,3407,169406,8,7
34103,879052,453424,943987,24,42
22517,916070,738609,749250,0,44
133216,195081,38823,812921,38,3
161441,763047,508139,730672,11,30
234534,830967,42079,239956,9,29
375965,424726,82008,571341,24,2
233443,891481,404767,557970,7,32
24431,786799,603273,877279,13,38
46518,911105,101011,492949,19,43
134895,623034,384753,919269,26,24
215816,646513,124077,164322,2,21
267170,866913,18512,988293,48,29
35561,89162,97725,863102,38,2
706820,862774,13050,974721,48,7
433,995464,268006,414371,7,49
123911,870965,561901,940505,18,37
730897,915549,10573,979809,48,9
25270,989035,42474,952702,45,48
308875,355857,89226,952151,43,2
54086,116273,823692,996661,8,3
564151,603328,317557,771593,22,1
190307,967436,874210,921962,2,38
61555,538835,781592,846440,3,23
133147,991934,409763,698121,14,42
282558,750190,113546,661562,27,23
147321,494518,145302,645595,25,17
125021,262644,498599,724307,11,6
677797,947640,595226,874445,13,13
26184,650440,177280,338429,8,31
497293,898884,236756,914404,33,20
269661,764488,142452,738519,29,24
599682,966823,56532,994258,46,18
41778,930630,322272,637018,15,44
119782,916539,107904,333403,11,39
37864,961293,709245,750728,2,46
63777,772866,195253,398898,10,35
27476,883254,556299,995249,21,42
240112,836133,201674,415174,10,29
7577,876962,699972,878166,8,43
98852,810106,52094,207695,7,35
192493,231033,7726,909683,45,1
362970,709319,81638,777569,34,17
577188,950768,724958,960524,11,18
13578,957755,411712,919901,25,47
476322,688097,566198,811409,12,10
247220,915176,461131,659796,9,33
408074,548482,127075,876430,37,7
317899,783528,558122,983061,21,23
54855,888469,315061,968590,32,41
169478,513827,196888,936580,36,17
109595,224419,277627,664502,19,5
152042,966654,378340,529157,7,40
548699,900565,284965,872854,29,17
44320,83557,7756,874224,43,1
69663,604270,81476,956956,43,26
411075,730940,247096,592957,17,15
37563,944833,449117,985153,26,45
211359,950408,802466,976325,8,36
102746,818780,471154,718749,12,35
466463,695368,233993,652926,20,11
20142,596458,170881,766185,29,28
5553,997286,582572,847531,13,49
73256,193327,547289,594847,2,6
64945,942087,6468,964080,47,43
344261,867509,610864,991243,19,26
536019,964753,245364,643972,19,21
233442,615792,234399,933597,34,19
134683,785923,8086,989174,49,32
158009,231825,440851,700531,12,3
298827,304464,429876,566532,6,0
318045,874802,112852,876297,38,27
89291,949946,746851,959144,10,43
438188,540842,216513,797191,29,5
28893,876949,9570,666799,32,42
187752,894182,87771,834774,37,35
251207,807282,152068,888298,36,27
465224,916690,546289,758759,10,22
438540,475431,57531,718467,33,1
472094,991166,6732,668357,33,25
114527,494519,232744,328661,4,18
487968,702154,574071,665256,4,10
180007,597171,225482,807402,29,20
43847,751437,6532,975721,48,35
797476,857619,416786,786744,18,3
330906,436662,44034,983659,46,5
3825,954894,536448,784730,12,47
599093,645382,542314,973704,21,2
90149,611141,59959,942928,44,26
150937,883700,1176,893979,44,36
662382,948276,234908,684036,22,14
654587,954429,66322,916749,42,14
89915,795808,22258,627141,30,35
187679,625921,45871,658632,30,21
77755,511104,72579,552408,23,21
54195,235304,719868,760024,2,9
479363,762855,221889,626127,20,14
74519,305685,583958,794099,10,11
153788,548611,702396,797985,4,19
167899,955285,420962,856056,21,39
75708,994844,871226,898628,1,45
31328,917287,46966,541226,24,44
60490,447486,157659,870364,35,19
23370,990309,744194,954071,10,48
345758,777296,149333,630183,24,21
416391,725282,143845,902586,37,15
38993,865737,501697,981769,24,41
733893,869245,160467,910819,37,6
79505,497742,50739,209984,7,20
336369,677505,768124,976640,10,17
464793,574778,10074,497527,24,5
316459,601446,579364,827780,12,14
36730,781806,5604,947802,47,37
194148,645550,33041,995427,48,22
318443,698462,79517,525773,22,19
454057,968659,277028,958376,34,25
340613,821603,26241,998057,48,24
16237,534498,170421,634346,23,25
157730,392417,43056,807227,38,11
18138,830655,4118,899234,44,40
619068,977082,61539,479689,20,17
353261,509874,278613,947605,33,7
138175,873087,21826,953870,46,36
29219,404835,43643,959420,45,18
42152,958614,239157,997589,37,45
23204,875955,88908,841210,37,42
18262,887742,91390,200193,5,43
44939,642954,302033,421728,5,29
84398,276424,294328,857204,28,9
362089,487247,2864,107516,5,6
78505,896861,151739,604487,22,40
654846,927689,580847,765879,9,13
369841,931930,179571,476116,14,28
332934,717732,45168,843147,39,19
92284,832875,189447,947072,37,37
29079,933798,131570,894533,38,45
57250,993731,538933,748538,10,46
535282,994731,14677,357880,17,22
399131,668518,546255,645012,4,13
34295,303795,154140,748418,29,13
407596,550236,98288,866663,38,7
292482,839161,207832,255638,2,27
384654,992125,334377,995593,33,30
15336,889626,171423,524979,17,43
151434,966334,33570,972171,46,40
57517,855506,156045,998634,42,39
342283,923077,24756,681688,32,29
4032,977203,580927,687436,5,48
701684,934871,246357,758515,25,11
65538,683162,124101,227028,5,30
907151,938706,490119,787317,14,1
176503,772314,175446,933364,37,29
682733,766699,46028,652999,30,4
71576,972579,225722,616467,19,45
603955,770270,27210,800487,38,8
762755,895628,3943,418513,20,6
695300,948025,17632,611069,29,12
122795,752007,511046,542645,1,31
338216,995057,170871,946287,38,32
34779,993970,168627,923497,37,47
350286,886224,68976,226189,7,26
370980,774690,36985,956335,45,20
661317,826127,681807,813209,6,8
1326,995192,204905,978603,38,49
157294,980377,709631,812256,5,41
232601,329253,31088,985516,47,4
61608,462638,396956,747482,17,20
550346,920732,28532,982015,47,18
693397,908470,663320,764616,5,10
105032,913058,116014,980910,43,40
14261,809803,553470,850128,14,39
104473,523290,22397,900115,43,20
65935,990474,405365,850052,22,46
456330,790106,74512,800665,36,16
49092,993787,857382,877776,1,47
22329,957199,59469,440655,19,46
181629,839615,251321,852042,30,32
64519,996457,4739,848266,42,46
472537,753974,22653,961458,46,14
726326,816768,834495,965504,6,4
832751,913310,150584,747940,29,4
152432,753689,57366,998226,47,30
14917,984950,240085,694535,22,48
17848,722932,78235,750470,33,35
23004,30044,89327,987770,44,0
374048,858241,7539,418924,20,24
6713,999816,550030,712566,8,49
7567,762591,127488,896378,38,37
228491,292607,133247,357335,11,3
83295,937771,94094,458917,18,42
620585,944018,8950,873384,43,16
231412,968860,156855,933955,38,36
9815,930073,262988,944432,34,46
387401,592724,203765,334869,6,10
2382,997865,310814,841074,26,49
31693,221906,127849,929891,40,9
245426,545192,104741,832802,36,14
281961,808659,416401,612337,9,26
60787,196826,148075,766018,30,6
1625,853641,323174,634229,15,42
315446,945752,55054,605491,27,31
854376,868620,609080,919185,15,0
146543,798506,143267,637962,24,32
19540,809010,357086,835827,23,39
263069,822619,302167,747259,22,27
449203,657088,95419,935504,42,10
470361,554596,206654,909961,35,4
439092,835238,449840,522120,3,19
255396,878421,117807,984018,43,31
129577,177589,644029,890052,12,2
365073,805089,179523,991497,40,22
273081,641696,227187,848520,31,18
328100,667490,4284,919946,45,16
51300,833295,122462,818817,34,39
179553,988994,231140,897003,33,40
13599,966112,99514,762374,33,47
519121,888645,361850,930281,28,18
197367,852753,136346,943081,40,32
219925,945360,122655,425389,15,36
263878,956163,200803,996788,39,34
231300,283362,95398,991938,44,2
284134,534168,100223,977004,43,12
120610,969168,35029,998731,48,42
154563,665851,25991,621713,29,25
404259,843312,80034,761270,34,21
51781,882549,249019,694126,22,41
15867,967281,110266,332803,11,47
13091,839868,74497,649837,28,41
31424,917702,114046,995210,44,44
844,991025,108204,934550,41,49
95502,543542,133067,183233,2,22
22929,848743,32216,326584,14,41
136414,971331,75942,922499,42,41
614264,865204,515379,625179,5,12
445222,793180,17892,986372,48,17
66650,960997,54244,816320,38,44
198549,821867,209484,317655,5,31
205285,552290,132210,982961,42,17
884239,942134,369907,978900,30,2
26462,958173,7694,981354,48,46
64064,950535,186069,966174,39,44
109953,976957,135897,371842,11,43
110186,200252,104908,962239,42,4
32653,755429,125510,986585,43,36
81076,934420,346049,594356,12,42
33216,980193,16103,923693,45,47
132591,711317,371829,947473,28,28
128552,935584,118139,147177,1,40
598499,623039,281758,902364,31,1
120093,331897,269445,664507,19,10
122948,875865,332919,824840,24,37
474706,729791,1508,984616,49,12
175658,943910,238763,405036,8,38
44589,977470,356284,886358,26,46
269276,512365,100553,810281,35,12
69281,788099,429144,554004,6,35
16565,593405,132494,958888,41,28
373059,561403,91026,973123,44,9
80755,989401,297575,447446,7,45
380127,802541,511222,683958,8,21
692365,716966,133159,786684,32,1
200121,839788,120071,825797,35,31
5139,680007,475984,956074,24,33
5228,984509,411986,417496,0,48
140010,600070,447597,622848,8,23
652356,812598,68844,915448,42,8
314641,710285,298445,494621,9,19
105600,958295,181111,801975,31,42
9828,58814,241566,594369,17,2
140073,844123,288611,823881,26,35
505,182521,171933,701392,26,9
149805,732326,1469,998756,49,29
536200,802056,800862,945952,7,13
257616,451340,264404,462737,9,9
6085,960836,63111,842624,38,47
619108,987132,692280,831066,6,18
521906,732828,305888,311736,0,10
200490,779297,341466,993711,32,28
92542,637479,4220,969000,48,27
55100,765647,812,997928,49,35
171501,841334,470445,847618,18,33
324823,587498,668313,685992,0,13
478551,494343,611,973009,48,0
236367,389422,79853,975149,44,7
283271,479077,42966,917021,43,9
2097,998460,32128,999238,48,49
264785,515927,944385,958258,0,12
123,998824,7843,963747,47,49
29128,768265,521509,922127,20,36
85871,909788,22243,892714,43,41
501970,981246,229147,629832,20,23
230085,872980,807625,937984,6,32
48903,984583,180003,196536,0,46
888191,907996,871349,989168,5,0
774482,958418,245073,966031,36,9
350511,830028,27553,681374,32,23
264831,873456,421165,681802,13,30
101961,866905,76211,935013,42,38
67449,996021,203908,635773,21,46
277881,891933,27241,425205,19,30
135110,881189,50221,176084,6,37
90151,723048,345878,765514,20,31
48093,827081,340502,797884,22,38
485606,924609,366038,548028,9,21
56214,872027,577395,990370,20,40
258539,363135,40983,900541,42,5
610684,821465,91934,909963,40,10
21883,910581,281309,718745,21,44
26838,720734,54602,997379,47,34
779218,908077,74437,353238,13,6
17276,661367,9893,353980,17,32
43999,851286,99262,905131,40,40
116471,432054,74224,447824,18,15
157029,961265,284166,460132,8,40
177748,906058,216524,937901,36,36
33329,714152,357619,648800,14,34
319149,678349,44233,964337,46,17
178050,636173,3212,329621,16,22
528605,755231,5276,915696,45,11
243355,888569,51969,631530,28,32
144452,988307,29378,975747,47,42
103395,702021,491494,526037,1,29
15838,508517,1651,995849,49,24
46234,858058,115841,707942,29,40
68636,778287,349299,739592,19,35
87665,532037,73253,995040,46,22
15978,746461,373698,583671,10,36
177629,427987,944683,997863,2,12
5217,995827,208337,689365,24,49
592643,648792,179788,594760,20,2
388553,470977,17527,995985,48,4
19839,228390,52662,982880,46,10
53547,996620,269353,374531,5,47
155327,978249,216653,971812,37,41
162961,898648,557451,673558,5,36
19679,987533,1329,993610,49,48
335220,895457,269120,995087,36,28
26927,797074,109726,662814,27,38
207017,268528,14851,749314,36,3
441756,985985,19637,615051,29,27
506419,876312,124377,998652,43,18
446500,870564,12171,677903,33,21
314875,900615,28100,895356,43,29
280063,861225,442157,571493,6,29
79183,431161,32798,989097,47,17
2845,975007,431754,462913,1,48
107677,906336,809082,834209,1,39
239093,912283,5402,970346,48,33
539089,581071,653588,806062,7,2
123177,305129,15449,943972,46,9
620627,749514,1501,936800,46,6
66706,161906,194890,853349,32,4
125620,488762,138701,671414,26,18
149847,594176,243002,736643,24,22
183303,555966,212547,412384,9,18
73012,531323,208959,992183,39,22
11300,999652,62911,905072,42,49
50507,856897,197515,842451,32,40
276535,758218,356971,517388,8,24
584750,777065,530365,706098,8,9
178809,790630,14463,148622,6,30
5087,970526,665065,996715,16,48
10610,904584,93683,953882,43,44
27744,896362,453777,709195,12,43
173910,894899,90021,993701,45,36
645069,735142,150212,684606,26,4
437733,820971,598689,987702,19,19
70846,997293,621838,846565,11,46
138602,670176,8858,994985,49,26
260412,784565,65469,974407,45,26
67480,874093,66922,633812,28,40
393295,755954,83804,628164,27,18
59738,405503,230434,846918,30,17
164810,282819,90567,817206,36,5
153954,662350,97419,389378,14,25
942273,944953,62389,929057,43,0
131294,586015,29457,939754,45,22
164591,871921,188800,261142,3,35
691866,784079,6060,918052,45,4
259133,644004,714446,998060,14,19
652718,893700,301345,809935,25,12
822479,959807,521020,604658,4,6
186454,818842,122279,594193,23,31
379212,696878,214372,796461,29,15
401439,698837,1384,906331,45,14
648693,905504,32510,967821,46,12
193909,230348,617887,935215,15,1
60992,997840,89585,803585,35,46
361052,797521,207780,655518,22,21
8813,944467,70193,483105,20,46
321512,735783,100151,823394,36,20
332055,976889,180204,810093,31,32
215468,246748,4960,945374,47,1
93087,871622,34481,952420,45,38
707306,808553,170383,930873,38,5
575243,789590,54856,719507,33,10
209736,972589,52579,699918,32,38
100126,741182,373108,965884,29,32
746310,963601,219009,996712,38,10
485767,657156,36858,917844,44,8
306641,808890,578971,808890,11,25
340058,708609,631665,957600,16,18
19017,785407,181576,707464,26,38
518525,681251,473562,746765,13,8
483282,977689,101153,613731,25,24
475082,577781,91318,958375,43,5
63634,908900,834786,951572,5,42
122955,530591,58707,89561,1,20
66650,576766,231807,555201,16,25
40400,342335,117562,219061,5,15
485583,953375,4430,706156,35,23
236117,819269,243095,695663,22,29
9330,990366,567793,590321,1,49
564176,754016,476585,911502,21,9
562509,774462,57459,670683,30,10
709434,928279,406355,623413,10,10
697399,711285,65201,969962,45,0
216448,667767,605710,618289,0,22
247708,833987,163404,894143,36,29
702054,950719,284426,974009,34,12
585591,680650,322746,871680,27,4
485198,988442,312136,969476,32,25
612395,729324,19991,543873,26,5
133538,544105,240716,502303,13,20
278795,886105,261161,873063,30,30
349531,709955,90437,970583,44,18
32469,997041,32476,994321,48,48
17107,991486,316430,932732,30,48
79704,460390,50402,962486,45,19
174192,372301,391988,901007,25,9
47417,782544,243750,321740,3,36
307464,686109,192631,557744,18,18
37636,434546,366856,394533,1,19
593893,983118,234725,892584,32,19
301145,893058,708390,863225,7,29
371669,672247,152465,981046,41,15
18811,634190,164531,718704,27,30
371541,849233,178397,977976,39,23
9655,966981,86987,277329,9,47
288805,458274,2519,741423,36,8
105387,954758,218971,787850,28,42
373427,809550,320658,950648,31,21
356545,768339,186866,904157,35,20
97689,734077,43529,842309,39,31
109810,265454,532429,559983,1,7
156042,646932,275646,627237,17,24
66656,868227,166748,270522,5,40
616070,714592,474688,521136,2,4
425053,898752,624340,763585,6,23
659201,746889,95371,911978,40,4
704908,721315,479827,874624,19,0
596699,952708,597750,944229,17,17
860885,936023,238885,734052,24,3
27503,987782,731056,971311,12,48
187101,552271,212382,599319,19,18
343570,523019,25841,687433,33,8
662015,988899,426193,816695,19,16
7288,999212,56484,995788,46,49
560804,826794,17515,942098,46,13
72262,235515,633529,797913,8,8
175524,913831,708742,709238,0,36
9825,885743,308261,838624,26,43
237261,845378,137879,763272,31,30
163063,634599,766995,926382,7,23
224242,535462,120895,750962,31,15
235487,979063,666512,904761,11,37
362652,502066,270476,912961,32,6
219634,996139,131349,385924,12,38
693919,784903,185223,921486,36,4
383156,695899,257054,757185,25,15
3804,992368,99346,388855,14,49
206771,645336,103318,941735,41,21
595488,673513,234327,510273,13,3
398987,663240,247915,897846,32,13
37980,800372,780020,840821,3,38
459781,975990,49482,424663,18,25
304001,709603,412328,858861,22,20
47828,234093,52943,999113,47,9
230591,389510,375,996953,49,7
23665,920143,311421,881017,28,44
154865,794425,326187,998540,33,31
182650,476515,74587,190443,5,14
740377,788625,172846,968427,39,2
5336,962389,448512,869640,21,47
1651,346371,770389,915074,7,17
543366,966863,227861,360876,6,21
416102,955319,244796,857691,30,26
240220,833632,245621,878716,31,29
287412,776667,375370,405640,1,24
633498,647017,190895,681297,24,0
88509,846509,618110,764783,7,37
268891,939632,263114,947858,34,33
98805,859497,862815,945300,4,38
68490,804859,114491,239500,6,36
155216,235484,392211,856443,23,4
563628,825688,17156,907282,44,13
164215,850953,96790,635286,26,34
39854,995581,214071,928460,35,47
57032,725112,12672,535078,26,33
9137,844071,106919,923750,40,41
247018,348802,2110,998791,49,5
30325,344743,105968,833027,36,15
203698,841441,87869,342840,12,31
498955,926989,372328,479286,5,21
37320,986148,446233,831908,19,47
480228,953730,92093,999291,45,23
179807,326622,31893,890487,42,7
68339,578243,132662,865698,36,25
206473,693092,454750,772043,15,24
856494,989839,44114,423693,18,6
81317,895016,611006,662643,2,40
385345,968926,551932,779481,11,29
109089,692469,99174,153142,2,29
334496,545735,12162,811615,39,10
2848,899001,209996,661312,22,44
69698,304414,45563,738423,34,11
41996,841280,20044,697659,33,39
582598,973706,368341,729691,18,19
61290,858499,184708,488117,15,39
786288,997680,27332,997022,48,10
24284,853167,436732,639394,10,41
147294,842557,51393,303949,12,34
148159,983853,370442,878728,25,41
142659,715595,382865,402201,0,28
65541,663379,54537,966592,45,29
93746,96425,53325,133080,3,0
219548,642109,415891,794335,18,21
412674,423340,30840,977530,47,0
526562,754352,404358,625838,11,11
42237,517020,174572,779129,30,23
42579,965758,248,997097,49,46
24500,863659,186871,903371,35,41
234887,997229,95679,807171,35,38
53786,999605,571805,876489,15,47
22611,908580,532876,887426,17,44
403731,404690,35973,958286,46,0
244844,999277,341825,999713,32,37
134375,419607,316150,623641,15,14
254733,880348,375763,734282,17,31
798351,887323,155636,779320,31,4
158278,259709,380182,698836,15,5
347567,913724,118288,786608,33,28
30690,361293,443944,543478,4,16
316955,891554,429403,941791,25,28
798162,801308,152279,694761,27,0
197842,898131,62069,945827,44,35
811169,878628,174988,722789,27,3
104288,373875,431566,988397,27,13
286787,895110,132526,970236,41,30
308794,385212,322367,763920,22,3
8711,960159,427681,923194,24,47
488170,726755,282421,914117,31,11
34656,481647,100167,801453,35,22
34312,928058,37711,988256,47,44
53329,358251,379947,576356,9,15
426733,925604,670763,932238,13,24
490799,889551,4984,184158,8,19
254957,801479,489948,801156,15,27
17990,869414,34177,949654,45,42
193204,839811,388181,904058,25,32
21601,993037,33112,921698,44,48
475548,779072,300749,447698,7,15
13094,864838,105498,962825,42,42
347936,516186,577497,892737,15,8
538911,989205,27855,318013,14,22
8004,874138,84775,753554,33,43
6128,383577,182853,854505,33,18
99265,886604,615595,734909,5,39
80189,994858,157771,832281,33,45
673822,782278,535661,904116,18,5
477017,928341,297165,873677,28,22
171529,766744,26768,320630,14,29
705400,977910,810540,976517,8,13
226062,932210,224583,845930,31,35
326090,741177,752863,840894,4,20
19857,919849,541043,914987,18,44
203060,778599,598191,866907,13,28
155592,836829,756377,816184,2,34
514659,657161,637411,721780,4,7
16510,939970,506927,654701,7,46
37342,472998,711377,807626,4,21
4588,993194,222706,917158,34,49
125060,529354,16135,996721,49,20
715017,851955,254459,726256,23,6
51697,881598,675750,922084,12,41
76251,658282,49620,889041,41,29
378923,931456,360844,861028,25,27
199325,978907,59617,951452,44,38
124852,974008,240025,568111,16,42
89922,152045,411822,931256,25,3
4457,918982,4693,836651,41,45
560432,787468,448678,589009,7,11
265685,596693,14348,493056,23,16
354614,538462,226933,925470,34,9
5703,839873,200062,246536,2,41
902581,907824,74,999794,49,0
28116,750409,82802,870474,39,36
406979,483266,91674,877589,39,3
207194,666971,318339,445963,6,22
444287,918038,392919,443842,2,23
879628,918657,160503,898339,36,1
27460,798354,141385,649961,25,38
663524,937135,93613,950957,42,13
971478,989327,636757,637185,0,0
846179,986970,345024,773161,21,7
116067,835856,939081,981500,2,35
60312,951731,98082,155652,2,44
129648,661223,127302,572573,22,26
89501,909051,748401,956009,10,40
527725,935754,108858,734546,31,20
411703,861414,135132,320903,9,22
400615,702523,353095,688950,16,15
264239,723078,178629,817766,31,22
175981,660029,259985,817361,27,24
348044,570704,4230,862642,42,11
6529,988491,189591,655108,23,49
428699,551996,234912,251979,0,6
400866,632121,148649,404840,12,11
408836,927732,54078,949515,44,25
245737,862331,4859,999457,49,30
383863,608582,38900,989312,47,11
319186,379646,174870,612279,21,3
28275,925492,163949,879931,35,44
273100,884376,87778,530387,22,30
220423,973891,184027,275597,4,37
553142,860647,364240,670233,15,15
314039,876941,655421,995783,17,28
347067,975857,291136,749863,22,31
305554,732553,200603,987197,39,21
40237,980587,417075,879185,23,47
475107,845433,14590,662010,32,18
578362,715304,227967,935468,35,6
458354,644462,14116,994437,49,9
539979,912330,378930,735494,17,18
40565,775179,203633,739643,26,36
471897,499781,156177,577152,21,1
496989,772236,7515,999733,49,13
642545,935725,403078,872236,23,14
166064,974893,136365,989202,42,40
136944,929732,53935,842145,39,39
464614,678514,261547,593036,16,10
88624,872908,237526,336621,4,39
429891,571029,752410,817524,3,7
471806,977616,27723,975344,47,25
297900,604309,22753,913995,44,15
792486,871253,486188,790330,15,3
558086,840246,231545,875846,32,14
300527,449226,308252,617694,15,7
14146,381742,413381,563991,7,18
59535,991971,239987,870657,31,46
477638,870288,146571,953229,40,19
18828,865577,13632,722134,35,42
290816,713719,461204,783615,16,21
2654,482370,412144,745876,16,23
214018,282167,577458,671344,4,3
178065,441534,284163,785810,25,13
303538,887746,164154,506853,17,29
218593,889098,444434,881124,21,33
499989,516186,492359,663244,8,0
87306,836845,258041,717413,22,37
134012,326828,176850,635048,22,9
181451,925755,141164,210595,3,37
116828,254947,527180,776554,12,6
130391,234101,109201,351741,12,5
46706,884633,17795,242613,11,41
541730,642158,720801,872834,7,5
68871,752544,701964,715704,0,34
352976,578070,278730,726502,22,11
27501,937790,262910,536388,13,45
42,902782,14657,633331,30,45
227933,918497,37405,640298,30,34
207688,356057,404707,848894,22,7
179581,916618,101,994377,49,36
107226,826537,216716,646104,21,35
2929,948249,34859,209622,8,47
265006,989407,709918,975869,13,36
295560,834499,11732,963323,47,26
233469,672533,20005,918633,44,21
152858,664841,313653,839735,26,25
71079,180346,377827,849595,23,5
31857,993903,260961,457969,9,48
560793,576334,509402,938835,21,0
16082,871597,363479,532760,8,42
30526,799061,628034,986423,17,38
21016,855960,599936,930251,16,41
430873,852935,103850,632480,26,21
228913,735904,16759,649757,31,25
380197,385004,140193,712127,28,0
83337,733104,427032,883247,22,32
380593,987826,130327,385262,12,30
431678,575264,95221,205327,5,7
223415,970437,104010,639565,26,37
57639,986915,268631,885249,30,46
396690,911581,55271,665453,30,25
139893,955232,356025,898993,27,40
129752,649488,429400,874088,22,25
280182,550697,480374,839556,17,13
230057,925459,561479,723320,8,34
141522,926122,107856,808977,35,39
3345,224838,399854,829170,21,11
103993,572442,656741,661345,0,23
630637,700159,266318,919932,32,3
16881,845747,140562,933197,39,41
171175,960616,480741,676235,9,39
111261,761569,318715,400719,4,32
240044,572795,488981,596443,5,16
110386,188246,115223,723100,30,3
127183,853730,29415,502558,23,36
556456,732337,51585,852750,40,8
59695,974021,619305,622143,0,45
135421,452181,279504,882910,30,15
496567,747906,418165,587003,8,12
585568,624431,95449,889544,39,1
273015,586299,31291,982980,47,15
42818,736209,330921,903768,28,34
197153,824633,452058,456793,0,31
172992,915203,57475,233172,8,37
62792,887779,27978,921983,44,41
528290,731775,526742,718860,9,10
129375,675248,24415,908640,44,27
47677,597006,628198,646909,0,27
717588,782700,360308,835982,23,3
301077,566092,119136,834490,35,13
608786,841424,320790,924502,30,11
151492,733702,72190,625188,27,29
635021,942214,7189,445256,21,15
27512,233652,288843,973384,34,10
483597,938473,71279,952454,44,22
110337,525996,1408,958540,47,20
170889,996898,222389,692124,23,41
257031,597156,30664,836647,40,17
40445,948825,339846,430781,4,45
140244,958889,404478,489059,4,40
204113,491009,30611,820750,39,14
474828,708251,122564,936533,40,11
190911,850077,484025,488534,0,32
453089,764178,87831,157420,3,15
83446,962811,14547,818468,40,43
171059,866552,553183,876361,16,34
135985,648221,794171,897011,5,25
44228,542023,66549,873407,40,24
1249,877290,131035,312997,9,43
166351,816448,526529,642803,5,32
121187,359926,488715,967982,23,11
10979,769849,36130,934904,44,37
54930,76521,89290,652523,28,1
363467,390019,182144,995730,40,1
91411,849231,351847,655615,15,37
10197,514382,120006,835141,35,25
504108,600592,126970,908865,39,4
172005,924705,102375,643609,27,37
296610,976741,7199,114000,5,34
97196,704031,23203,724719,35,30
369019,764337,558208,864177,15,19
4250,992189,144034,951675,40,49
58362,232319,46817,994097,47,8
268472,454882,664241,919809,12,9
786417,802787,47468,837182,39,0
432620,953316,145905,251466,5,26
81657,614640,311412,734078,21,26
330193,824846,103271,432934,16,24
290322,508430,209740,278214,3,10
11258,996568,164658,962747,39,49
28499,946788,446876,878852,21,45
359867,508924,6077,965745,47,7
75815,981851,295983,857140,28,45
74017,902019,145084,760456,30,41
110967,420955,198411,764760,28,15
222405,892662,15288,956287,47,33
36661,856152,244164,862841,30,40
2086,999182,3340,884463,44,49
19065,965143,123615,911918,39,47
213994,363792,220377,685429,23,7
248294,337069,472032,475174,0,4
394123,727618,450099,529970,3,16
593486,734377,498150,743082,12,7
378749,929048,370212,918766,27,27
239447,733618,29335,594975,28,24
95407,872290,166531,793747,31,38
373314,730268,236034,545631,15,17
184962,950523,509965,978043,23,38
142761,941716,117623,441529,16,39
79056,719708,126940,816526,34,32
426850,977261,156279,950527,39,27
108103,890031,56971,135917,3,39
134420,343392,27432,341488,15,10
180954,986484,303250,547009,12,40
124900,618912,18879,649079,31,24
886672,908142,72216,618568,27,1
99766,769152,117872,909114,39,33
669429,875392,194796,896415,35,10
26858,46697,455136,647902,9,0
9944,993782,121996,841357,35,49
366403,932916,178552,876616,34,28
577054,934156,88537,968571,44,17
38883,981561,285057,827004,27,47
45214,647794,920072,925348,0,30
28470,944620,353499,827568,23,45
224185,334616,361933,430946,3,5
59696,656035,71911,687103,30,29
101451,665886,218257,918902,35,28
45498,998426,267095,331406,3,47
276112,886097,204261,990542,39,30
59935,773512,418051,974215,27,35
22608,998998,100739,794858,34,48
388004,475287,19343,904057,44,4
9762,787583,176845,742577,28,38
286354,952782,193316,812256,30,33
51095,788360,128492,314060,9,36
228314,596327,84183,690793,30,18
458322,714928,99305,649688,27,12
117812,732761,5410,812112,40,30
399451,811030,47236,606915,27,20
58910,721926,349761,682723,16,33
70875,913305,342597,412579,3,42
615054,719271,177749,794079,30,5
826503,963037,160678,484060,16,6
582241,953073,101305,911803,40,18
360228,986429,150863,957754,40,31
174044,834156,229271,934177,35,33
490438,574706,298413,363472,3,4
655313,825033,452434,890216,21,8
77946,847280,4903,818950,40,38
92261,942702,233812,922264,34,42
111679,832652,249848,937909,34,36
487984,891620,69421,851850,39,20
228114,764866,216056,927498,35,26
172682,722738,66184,626834,28,27
289953,919183,70260,133448,3,31
41619,930128,249064,569935,16,44
325434,753284,124342,196405,3,21
265728,893311,21119,452676,21,31
35739,991090,193860,757315,28,47
143309,798992,126109,366313,12,32
146630,581711,468594,713013,12,21
94597,662078,232089,832097,30,28
924461,945471,433929,688301,12,1
578370,689086,45918,588271,27,5
41309,109697,63458,950450,44,3
884834,919498,250703,941721,34,1
241384,731155,442456,874401,21,24
630,879475,291959,991506,34,43
276200,456792,71445,855844,39,9
138655,435130,424673,979572,27,14
43116,898873,177219,723976,27,42
261275,933810,294181,841110,27,33
156490,491260,284319,704811,21,16
708648,969100,402736,829256,21,13
416706,982558,619294,862499,12,28
263018,997714,482589,726613,12,36
12561,531822,16671,592133,28,25
13828,995858,349078,913548,28,49
133710,913873,479722,729754,12,39
238124,889773,156947,947731,39,32
520203,877635,524983,958035,21,17
310961,414391,256615,953004,34,5
444134,982970,189613,982835,39,26
823451,922280,588410,838754,12,4
473477,628548,262655,807483,27,7
21533,30033,279149,981991,35,0
356437,791363,388261,962498,28,21
348752,947089,616645,865847,12,29
69820,773391,268682,835364,28,35
409011,668112,333300,590945,12,12
678581,833911,130207,705519,28,7
156752,517300,528708,785744,12,18
501308,830873,105328,819913,35,16
235353,700817,349660,916947,28,23
736522,901777,163476,871782,35,8
186389,843435,71029,499011,21,32
453673,587210,189416,619262,21,6
119249,875302,457668,896542,21,37
