332231,706370,907748,959168,2,18
172665,473542,126869,381424,12,15
7540,719666,95494,822207,36,35
177528,388708,26509,358151,16,10
532347,787732,85672,996010,45,12
100066,779720,625888,741183,5,33
389751,732613,460291,856376,19,17
590524,818955,932666,991375,2,11
287096,830384,438616,926940,24,27
519618,762730,329987,852132,26,12
795920,799297,300840,874062,28,0
656443,694976,545781,999009,22,1
125158,330733,150047,984009,41,10
41385,827820,353029,593508,12,39
450885,654661,500586,817000,15,10
825762,994605,38888,938254,44,8
20693,843796,456053,847422,19,41
158762,887851,799572,980541,9,36
489686,849963,221,999914,49,18
602516,996944,212699,562632,17,19
49688,842055,10089,973361,48,39
183358,684557,193424,473162,13,25
23661,926166,149757,378526,11,45
228566,916727,449641,547754,4,34
126357,921916,73202,462876,19,39
428376,729689,371532,473495,5,15
7105,595767,392653,727867,16,29
290880,470050,490033,733253,12,8
204478,963895,28275,956932,46,37
71805,854023,852511,975334,6,39
170919,625568,632609,890095,12,22
239816,262024,17173,73531,2,1
377422,472148,217112,879757,33,4
12863,756650,35629,240586,10,37
277298,722119,393370,881043,24,22
133609,166861,318313,926788,30,1
21702,969958,494046,743425,12,47
464988,965249,203070,998359,39,25
298628,553103,4900,944970,47,12
115594,686777,67049,888072,41,28
69846,285178,90695,989612,44,10
78819,727474,482995,571818,4,32
115826,865894,146353,170645,1,37
327214,941883,260580,964777,35,30
19874,823404,143552,928281,39,40
133713,968971,537873,627860,4,41
26637,955463,212721,990337,38,46
306737,318951,44308,276046,11,0
404098,954883,31587,806560,38,27
592244,998805,550226,971719,21,20
337988,903549,123913,803435,33,28
21735,89677,7068,939113,46,3
6263,569080,327318,352018,1,28
138306,187867,36148,960056,46,2
686750,722282,368057,782925,20,1
44791,982208,95583,452409,17,46
86644,921619,43290,925322,44,41
613030,875561,115566,565439,22,13
169839,902464,198137,981354,39,36
272081,783604,742,772763,38,25
269200,357841,25500,153301,6,4
761409,862375,56197,955915,44,5
182899,943563,483065,557210,3,38
336598,684904,166,999997,49,17
11414,412007,41143,998076,47,20
90359,807799,24238,880991,42,35
13667,525779,101083,300219,9,25
183229,945463,7616,888971,44,38
106799,826579,747339,899655,7,35
20702,872866,64659,317032,12,42
268048,508134,13447,390311,18,12
306375,706154,138192,865883,36,19
64408,949709,438738,524057,4,44
16411,762084,667212,950778,14,37
603659,959761,348445,939655,29,17
15019,982199,309291,489791,9,48
321916,718194,339299,928489,29,19
214806,540621,74610,846762,38,16
831861,933865,374321,833274,22,5
523042,639696,224590,996653,38,5
196321,557342,308567,670772,18,18
468128,655932,2328,972435,48,9
427456,508178,354053,883097,26,4
311888,516392,624139,664056,1,10
5735,241434,16239,393112,18,11
29907,993946,418586,962411,27,48
532662,864156,299900,696323,19,16
5030,989285,41762,459691,20,49
37006,475664,110019,558674,22,21
12423,997056,320478,427322,5,49
356747,590948,352072,787985,21,11
264039,951680,26528,747323,36,34
643168,995289,74106,963481,44,17
357072,954543,274797,683315,20,29
156151,479802,177431,904239,36,16
33837,617948,30906,991028,48,29
163987,163990,166177,785163,30,0
395281,938656,348774,712991,18,27
239517,957225,582307,837697,12,35
108144,708689,54922,936758,44,30
625171,652296,178944,610625,21,1
40784,944369,203413,288229,4,45
41009,973242,1671,594745,29,46
156845,856485,54054,944162,44,34
41388,277858,257740,583990,16,11
15475,619905,120410,539053,20,30
119899,539958,98295,614313,25,21
63640,941582,184200,910188,36,43
288364,922666,145285,955639,40,31
37144,836760,32331,636849,30,39
404414,923068,453132,995321,27,25
8742,646561,87079,955792,43,31
55672,837303,493756,992483,24,39
282711,967002,832,551101,27,34
132860,250852,453590,972846,25,5
550280,734778,183426,550186,18,9
193475,359244,705503,876405,8,8
52001,931336,239818,840495,30,43
296992,398396,365848,601269,11,5
108124,815888,252176,810204,27,35
107456,968452,195464,673277,23,43
43543,912686,182951,220442,1,43
2925,989287,11230,952000,47,49
22175,901175,83916,836152,37,43
27679,953218,278127,951402,33,46
32980,872682,8251,426594,20,41
53250,996157,125835,554787,21,47
43348,761789,317391,928981,30,35
184011,719110,536621,700026,8,26
9639,981824,37082,975251,46,48
166837,599611,989,909832,45,21
15486,777593,31337,996779,48,38
383496,671779,131417,934141,40,14
139844,437901,599071,784011,9,14
441363,907778,124304,773510,32,23
629847,852071,668392,970716,15,11
293889,834135,245157,763411,25,27
355224,708209,113866,957713,42,17
684586,776824,109571,524542,20,4
284071,573467,455397,978016,26,14
259378,344761,607816,900222,14,4
136155,165914,89734,850262,38,1
389903,546784,31047,464451,21,7
629914,784742,12844,915466,45,7
99070,977153,833789,943296,5,43
74626,977909,113569,135633,1,45
531827,913155,149620,510855,18,19
79560,792340,919241,950623,1,35
184010,296365,185197,324483,6,5
564506,827669,251426,472257,11,13
296838,885774,664031,755037,4,29
78597,370511,129196,677337,27,14
74945,852491,136113,218612,4,38
3310,990403,95633,886264,39,49
102624,925973,194851,899202,35,41
328509,732712,171802,588149,20,20
109368,983392,351332,944378,29,43
199973,931547,508527,607068,4,36
35506,957932,82684,930069,42,46
438197,898637,690270,947311,12,23
309588,898711,360470,829440,23,29
410562,751282,273913,844769,28,17
99205,852952,454552,708367,12,37
175476,371244,70050,425255,17,9
161092,725736,35128,994866,47,28
161599,263193,57504,265914,10,5
273776,662829,67815,954089,44,19
343721,933612,5530,652355,32,29
557319,738981,10006,245792,11,9
169555,245049,144170,226310,4,3
334570,770758,198322,322445,6,21
856695,876644,333133,362004,1,0
65258,875684,477391,546899,3,40
638467,852234,327321,504414,8,10
291745,819044,14149,286882,13,26
36399,892672,32950,951778,45,42
105558,317352,264628,737436,23,10
623939,893631,446528,511452,3,13
252608,931789,8274,685146,33,33
220625,899703,404888,499007,4,33
173633,941378,62630,992976,46,38
542370,664756,468931,725623,12,6
446554,672260,99696,359591,12,11
453305,665644,176355,849270,33,10
332933,531834,413908,989731,28,9
34505,167451,901735,968076,3,6
228327,920728,385515,706198,16,34
194835,834896,63667,749278,34,32
691291,830196,25893,963508,46,6
148295,583093,642093,736319,4,21
463121,949244,165630,579900,20,24
29218,412341,117136,674754,27,19
197118,404557,365648,984421,30,10
186184,752619,380663,666333,14,28
264650,416014,105833,254934,7,7
211447,665659,113481,388517,13,22
523616,651559,845011,983714,6,6
74583,991129,77744,570651,24,45
541786,672860,422482,996044,28,6
199177,722861,625927,723393,4,26
356188,687571,85752,943892,42,16
267721,604525,702,934841,46,16
54101,311054,51723,565031,25,12
198374,592238,251370,563701,15,19
248368,394673,882714,961367,3,7
3016,267344,389077,516507,6,13
285501,299797,15115,58674,2,0
43423,821410,77362,292074,10,38
309809,408337,176074,908640,36,4
248849,963405,860149,986741,6,35
518531,976651,5360,194055,9,22
573742,740202,16122,218883,10,8
608273,895163,324329,892228,28,14
157073,510508,240468,992600,37,17
133308,354577,356635,375665,0,11
236451,884116,3026,758481,37,32
151163,455975,203736,981258,38,15
6397,731943,847331,915673,3,36
617654,742392,14592,881987,43,6
33171,996059,118943,693718,28,48
516927,956495,45016,804716,37,21
131070,766893,5171,999100,49,31
220243,590431,99516,996272,44,18
631417,832050,295000,854499,27,10
132186,935756,138841,636439,24,40
543404,811989,51134,903029,42,13
121836,846958,224292,601766,18,36
630288,916865,190756,477360,14,14
108847,978457,79354,846293,38,43
547117,781874,131675,838620,35,11
325790,595145,209985,647340,21,13
174641,422172,226871,932162,35,12
111767,624603,28835,940023,45,25
220432,481590,19833,953195,46,13
375616,824306,13562,996189,49,22
776834,870238,94580,959759,43,4
144065,886730,10631,567430,27,37
62362,758533,265306,957077,34,34
112708,907239,554366,914775,18,39
377195,814699,54284,884929,41,21
87119,484050,197170,823172,31,19
348992,878792,109327,184644,3,26
351670,913807,396271,493739,4,28
11874,979197,434667,911973,23,48
2341,948906,31317,974371,47,47
12864,992268,313165,807679,24,48
235015,768610,24199,950287,46,26
25752,728639,533860,991921,22,35
233573,914995,54728,559960,25,34
285181,558147,314342,942142,31,13
191363,969819,144171,246998,5,38
263894,971602,402448,912575,25,35
334413,980899,26075,997071,48,32
9979,741420,600986,820873,10,36
34576,510173,71384,74851,0,23
372577,396994,747514,995707,12,1
195692,677005,46338,358644,15,24
269099,791618,20195,987994,48,26
49822,900322,292144,674099,19,42
496617,682271,48737,851545,40,9
160822,886517,224951,715988,24,36
10715,231345,156189,991191,41,11
291890,968163,21291,985044,48,33
480324,589264,62183,777972,35,5
354993,468974,215595,880440,33,5
19077,561368,443858,507610,3,27
110637,638003,49208,870847,41,26
141963,880295,256537,400732,7,36
63879,632821,452568,882807,21,28
192237,942386,434872,813680,18,37
29784,285868,196807,938940,37,12
241262,698634,21761,960787,46,22
87175,385343,554871,911924,17,14
17166,997216,412172,746339,16,49
32429,900866,53890,489584,21,43
218175,732457,421038,830043,20,25
4637,775800,150685,814027,33,38
244093,404478,39189,856751,40,8
507331,923661,182327,475556,14,20
23594,962666,12254,445495,21,46
3554,429369,5709,732595,36,21
457752,841837,268095,844364,28,19
261507,859964,747594,993245,12,29
15606,798453,134503,860980,36,39
123160,815778,5302,451186,22,34
43522,973811,375455,739538,18,46
517385,975988,38657,947202,45,22
519518,526393,288894,599998,15,0
129779,161465,303253,698398,19,1
523017,882998,45930,956234,45,17
38650,891505,58425,617775,27,42
372262,825487,761948,979266,10,22
574962,871598,170072,547072,18,14
505700,877767,760619,839777,3,18
79508,839142,76870,974711,44,37
98955,840877,635333,963377,16,37
282065,928109,124055,701957,28,32
13443,517607,612600,690393,3,25
70092,758551,44915,537010,24,34
614462,728697,268054,949573,34,5
245567,929669,596204,755925,7,34
52322,985640,13995,998234,49,46
278000,600341,76976,108434,1,16
116435,383880,210130,967741,37,13
103744,786063,309404,312472,0,34
239369,846641,186608,642121,22,30
23113,985527,207212,866891,32,48
197640,953383,886202,943086,2,37
362103,724035,170024,782337,30,18
279177,942692,257538,272079,0,33
550219,735605,71164,974322,45,9
483255,627422,157023,983287,41,7
29199,926779,255180,722602,23,44
234205,823419,96952,444601,17,29
63460,793681,17928,913695,44,36
359162,831016,307708,914542,30,23
123494,432000,269591,705625,21,15
6819,993494,293964,464103,8,49
1111,285068,67771,672707,30,14
142530,638116,78458,770074,34,24
449443,918378,371767,894030,26,23
25606,844759,441192,758625,15,40
330537,594175,21978,887103,43,13
876511,946215,275681,536189,13,3
47383,911210,462833,678721,10,43
163285,433357,165840,825034,32,13
143377,212522,11983,749387,36,3
92779,593312,550974,662176,5,25
30328,862804,688022,858654,8,41
157365,671172,140891,885420,37,25
438644,739242,752643,834450,4,15
492863,575345,10877,984715,48,4
399217,757878,851152,988034,6,17
164517,649191,132086,189512,2,24
160172,655500,681164,899323,10,24
512922,854764,201354,839582,31,17
282154,748256,20664,901887,44,23
105036,969746,255126,351038,4,43
3506,957079,154470,310941,7,47
267960,894362,336970,632973,14,31
105744,960451,96708,417211,16,42
491889,560375,43042,747293,35,3
132310,167265,143781,699394,27,1
134059,693371,9304,969561,48,27
492763,909213,110630,985527,43,20
143655,566977,601555,766463,8,21
158194,248122,602337,801825,9,4
84968,439782,126236,957292,41,17
215620,395314,55639,639370,29,8
47708,643047,555725,601285,2,29
172822,245472,171511,378964,10,3
98354,954494,202898,863465,33,42
16216,916406,66950,969520,45,45
7915,968704,56862,975263,45,48
67771,731294,12000,537822,26,33
121485,978052,233655,718780,24,42
5413,991385,45878,888329,42,49
395126,581938,15753,213315,9,9
302031,372808,641044,933557,14,3
616041,893163,344258,961989,30,13
340903,943578,358970,972532,30,30
306142,985367,344532,898883,27,33
22255,952223,76122,724388,32,46
29687,721417,256350,690215,21,34
119637,874149,121270,700844,28,37
143768,375766,169388,813874,32,11
288639,700688,371772,823353,22,20
828245,951163,403168,451308,2,6
3194,983893,11284,979562,48,49
498541,741218,35733,847508,40,12
157113,847881,455354,932443,23,34
536142,985664,453111,793790,17,22
442418,890781,200555,932988,36,22
59656,922861,463239,798727,16,43
23816,527608,280868,339859,2,25
247726,816635,193939,637115,22,28
365819,500997,156649,663356,25,6
709089,982505,39796,947799,45,13
4639,956495,114538,410570,14,47
415122,454015,6085,821352,40,1
202578,984219,162835,812818,32,39
10790,982349,488531,909374,21,48
178633,184223,91862,890074,39,0
3563,369340,33009,954439,46,18
824591,998376,149891,686802,26,8
299532,919335,60950,291988,11,30
72647,550310,22856,441946,20,23
69844,879539,327723,556209,11,40
63061,865776,183767,994385,40,40
32484,242726,411988,608214,9,10
631598,997138,454028,753477,14,18
676020,908987,537351,837087,14,11
345333,801051,139915,459504,15,22
322527,574314,438341,980988,27,12
31522,398191,223444,239296,0,18
125743,988586,466216,702203,11,43
188459,365647,81764,909833,41,8
362677,872158,142340,980480,41,25
105787,630540,80408,683847,30,26
125554,999350,17306,929070,45,43
608024,993031,11902,922604,45,19
63239,955338,16705,821836,40,44
34465,456487,30063,490751,23,21
655585,664134,272992,922440,32,0
557018,809464,565724,997758,21,12
208219,722600,307554,344685,1,25
111623,981676,59696,742383,34,43
63977,322837,920951,931769,0,12
522128,660747,450317,671687,11,6
127249,946540,283411,609950,16,40
170241,237432,59357,651348,29,3
354623,805724,226050,882134,32,22
40922,915751,134428,845071,35,43
371547,948123,435769,628306,9,28
142819,903189,52591,904767,42,38
220366,493047,163942,872035,35,13
229239,781272,327398,859495,26,27
112042,699434,733896,900883,8,29
370550,602315,388026,785294,19,11
58197,968609,4455,981437,48,45
167339,789194,60986,945961,44,31
232225,276422,108577,757567,32,2
19890,959437,154617,859772,35,46
117009,514272,104882,951125,42,19
580073,650225,126286,999621,43,3
155165,292360,96663,814594,35,6
231268,258635,62994,548252,24,1
374534,831165,580994,963273,19,22
244856,754049,194448,820228,31,25
802,894508,103415,925873,41,44
126277,399753,188443,711631,26,13
634391,766303,373369,570584,9,6
23722,975558,233757,927251,34,47
271543,288819,12676,597809,29,0
46373,396936,458351,926801,23,17
137281,199842,33368,846783,40,3
120250,880332,696280,702246,0,38
473398,820339,838219,878898,2,17
506001,982731,666535,980639,15,23
145278,731067,291140,961386,33,29
184039,934285,76353,833705,37,37
574458,860681,110272,966492,42,14
195417,673169,52744,783422,36,23
6822,952003,74955,733273,32,47
141356,166788,1715,998702,49,1
718571,885700,503616,778536,13,8
93966,988709,451091,620221,8,44
309788,769532,60604,939550,43,22
569814,900902,315186,382720,3,16
119574,733042,592090,698066,5,30
150627,194470,17770,388825,18,2
16555,994866,38331,775564,36,48
7314,474469,174535,946633,38,23
392856,433157,529386,742704,10,2
68739,914713,407012,812455,20,42
323899,470615,931417,964869,1,7
89486,137373,697054,860534,8,2
262685,927164,246684,809218,28,33
119134,453863,329670,660027,16,16
538571,996013,43547,325395,14,22
914148,958649,36052,739208,35,2
577852,935385,293334,631445,16,17
74864,788341,54830,952166,44,35
606136,771302,42790,758624,35,8
194016,720584,400189,789364,19,26
913317,958640,267399,315506,2,2
85610,176389,78017,252945,8,4
28689,604236,30276,885329,42,28
31887,965170,86798,842715,37,46
569922,978949,833473,940968,5,20
286368,364948,766349,913398,7,3
58468,759476,768058,875229,5,35
621369,981792,203623,853799,32,18
587028,896737,647279,684681,1,15
891632,926295,78143,827958,37,1
226797,950633,38752,946289,45,36
274155,966409,113823,926462,40,34
8317,989374,717318,813897,4,49
126131,947389,418,990322,49,41
96818,326186,29337,961111,46,11
296609,950277,153581,886530,36,32
70479,431226,268425,843349,28,18
25508,244677,563836,933878,18,10
33346,134419,389848,956433,28,5
138451,947661,129712,759445,31,40
129024,855078,246810,836394,29,36
137378,508966,60347,457971,19,18
80685,490278,55198,528040,23,20
124515,756850,198703,871733,33,31
324096,426030,383778,667019,14,5
136128,968783,357233,838236,24,41
339897,491924,320015,484046,8,7
499985,781339,141897,974852,41,14
55539,765187,33657,519710,24,35
24098,560090,780698,931205,7,26
22500,751819,554726,822291,13,36
147492,861409,387520,736029,17,35
27992,947953,222616,397571,8,45
20103,885243,35045,934788,44,43
412816,610412,82485,480160,19,9
32567,994775,33230,445069,20,48
53226,928307,249950,691138,22,43
602589,631615,455109,525539,3,1
290953,770520,105711,804499,34,23
3478,608831,83813,711868,31,30
45990,818946,32953,942927,45,38
132646,817412,43165,613738,28,34
43067,289679,130499,870368,36,12
96393,604189,81803,978823,44,25
5472,994020,244099,861440,30,49
24333,992081,736637,980304,12,48
98481,903479,331161,917704,29,40
34543,258663,255213,848479,29,11
400806,897540,827091,856496,1,24
118682,964427,444868,968517,26,42
116081,613311,114382,489199,18,24
161637,656504,96776,517382,21,24
511122,858167,279619,498574,10,17
326246,963839,42315,880683,41,31
204970,918578,191722,782244,29,35
804913,817038,11948,958629,47,0
450543,730250,232190,788140,27,13
188858,361983,50390,596766,27,8
797786,996975,86458,802126,35,9
80507,806177,409519,700283,14,36
612336,690729,322811,494506,8,3
261493,718316,60610,814071,37,22
220385,494141,7366,981054,48,13
110640,539572,767023,769892,0,21
90561,416930,76382,331920,12,16
133418,990591,120948,901568,39,42
82984,707238,261093,983599,36,31
34972,177244,579193,927560,17,7
58878,829595,481836,606472,6,38
462753,818645,739025,977100,11,17
26357,974689,139624,265088,6,47
372038,743475,353815,835339,24,18
19724,976558,48832,961031,45,47
442964,634774,25781,959341,46,9
857,994669,62860,366354,15,49
149967,641967,67140,910693,42,24
340153,883493,23547,907238,44,27
514499,897492,549026,723275,8,19
213145,726841,312374,410595,4,25
438403,920308,40984,965969,46,24
166711,776199,3040,994412,49,30
530317,857176,309402,822272,25,16
282877,906472,770463,852888,4,31
18624,551012,10721,991380,49,26
2012,394828,885827,988455,5,19
264520,921904,142809,606082,23,32
308323,768904,597307,640057,2,23
106163,677896,475818,551289,3,28
285661,495116,346696,686732,17,10
206193,250967,79544,336319,12,2
479047,898561,145659,267821,6,20
213872,920355,84120,956349,43,35
314127,720465,23822,784756,38,20
226124,995050,305869,893083,29,38
266108,568001,73044,725100,32,15
259405,825787,336872,861059,26,28
111372,660174,122904,956057,41,27
579658,670437,81086,903303,41,4
787,999370,468217,818880,17,49
58459,838129,39243,998873,47,38
739110,943402,53143,991686,46,10
406525,946417,774253,972091,9,26
45820,960111,24619,971478,47,45
22452,793175,288774,725398,21,38
185762,511584,136815,927272,39,16
247749,901360,94077,898771,40,32
142132,798682,86599,595407,25,32
132961,633446,127700,635128,25,25
189127,560521,206649,431118,11,18
5356,876760,67680,731603,33,43
127034,808300,821065,942501,6,34
24700,958956,98415,670877,28,46
30248,321168,32885,679465,32,14
232757,696551,62428,544014,24,23
186811,900874,359210,744171,19,35
85332,441764,72886,532252,22,17
96013,522362,53889,979239,46,21
600843,789096,523006,973537,22,9
97953,916576,50034,954359,45,40
85601,995926,62087,321191,12,45
3284,982702,95836,949141,42,48
10615,988590,20033,735838,35,48
151388,515717,49469,897257,42,18
380201,918145,367569,502275,6,26
132464,777368,5864,487033,24,32
50028,936429,189151,784048,29,44
169777,833730,470915,886344,20,33
551414,915106,773968,898804,6,18
13755,38272,33743,386915,17,1
267564,903019,305602,778289,23,31
83529,745529,320213,535124,10,33
47621,230191,417590,851434,21,9
374115,601336,15069,164475,7,11
221914,966131,130614,993702,43,37
599531,971192,22771,846791,41,18
39792,893483,732631,816626,4,42
52121,940270,286704,994117,35,44
169399,878241,695873,767840,3,35
61667,984375,169809,995357,41,46
314987,891987,151525,481698,16,28
158936,221329,601727,842843,12,3
62055,997359,124756,673525,27,46
576228,579988,261377,455776,9,0
163548,887383,7191,998755,49,36
570450,946384,15474,989183,48,18
436760,901543,50973,988670,46,23
229563,291113,329609,655600,16,3
41508,259008,2191,990069,49,10
247124,792420,31464,278017,12,27
65295,192979,412356,615036,10,6
274030,981447,385921,608560,11,35
9514,833893,235196,968414,36,41
68975,864604,22056,913805,44,39
111999,330556,194233,485128,14,10
306661,846020,29211,790280,38,26
323046,724395,106813,965048,42,20
20631,978845,334120,954333,31,47
154349,916648,1898,991643,49,38
206274,692615,63814,865307,40,24
144631,966228,61964,833848,38,41
117132,740080,131399,186882,2,31
60088,368192,323050,873413,27,15
36728,810833,73975,451906,18,38
53823,954858,86478,960441,43,45
449141,625031,50535,191513,7,8
120908,872725,83450,84394,0,37
101586,617855,491854,864752,18,25
20488,960957,246442,409878,8,47
83837,622624,521417,853154,16,26
78247,498093,317080,508725,9,20
55545,794301,101555,846328,37,36
356927,620069,709497,979303,13,13
126025,890097,202699,601096,19,38
377692,928709,241098,680549,21,27
199231,538537,312128,753571,22,16
547397,980728,229227,809234,29,21
120827,177995,899209,970739,3,2
369574,943131,79916,859638,38,28
33678,960782,80242,134967,2,46
330710,388811,102909,186068,4,2
365578,971643,207619,935946,36,30
232840,536932,131540,480702,17,15
165973,435467,27465,360629,16,13
83245,310629,85247,443816,17,11
670834,949486,8353,998855,49,13
227273,544021,494660,624989,6,15
89869,995766,111477,970013,42,45
63040,955985,23342,879825,42,44
309366,764335,40226,813184,38,22
832808,894394,104736,236205,6,3
106151,931304,558800,778900,11,41
402934,672956,289351,700472,20,13
6497,998832,285349,539022,12,49
188955,843939,106826,759647,32,32
370658,397433,384862,679859,14,1
104589,793299,180257,883121,35,34
303453,703069,154416,922476,38,19
69077,984267,323161,843937,26,45
595050,597557,62903,935737,43,0
627,894668,440981,826890,19,44
519498,653353,123525,131848,0,6
780758,932383,216784,873904,32,7
38743,985949,718932,808575,4,47
197043,784230,189234,919577,36,29
83266,887031,18229,789025,38,40
664467,923143,65896,318050,12,12
801772,918687,254725,366882,5,5
1113,970243,15948,991772,48,48
433032,943439,426468,823319,19,25
114105,838293,311,971711,48,36
241131,859341,69989,598756,26,30
84348,659121,214902,815276,30,28
126399,933868,725330,943561,10,40
564840,719257,162617,968557,40,7
501399,945699,155691,938433,39,22
325944,936601,65547,915893,42,30
210902,951410,69065,517714,22,37
177833,867659,75265,992281,45,34
170988,855486,8329,787457,38,34
108601,934128,67221,892383,41,41
788403,794072,202165,833202,31,0
3167,783764,337942,892428,27,39
70173,727094,180083,505674,16,32
315549,400241,324495,652606,16,4
215015,362723,115640,907900,39,7
215150,864075,337932,722996,19,32
734818,809968,225400,974746,37,3
280769,877121,28945,876629,42,29
236931,460549,60846,601147,27,11
152822,332512,3228,578741,28,8
263999,698193,326847,931033,30,21
2456,817053,188313,626364,21,40
234479,727480,290081,587134,14,24
39459,966213,552518,712443,7,46
347168,828626,286765,351612,3,24
59197,642953,91820,982875,44,29
541331,767729,1875,971116,48,11
29697,926197,355626,800333,22,44
423388,901428,219678,780227,28,23
141389,986435,366125,658026,14,42
303205,593383,40696,773624,36,14
145984,929766,53038,158968,5,39
393176,972270,186276,588088,20,28
122,998918,44569,933844,44,49
16046,404800,589091,999769,20,19
133430,765673,327384,852541,26,31
370863,761598,441893,474757,1,19
402739,947010,115549,263798,7,27
188845,961748,88590,322555,11,38
6572,874515,236434,772341,26,43
655757,852285,640333,812571,8,9
155442,620538,130257,580210,22,23
556104,586027,70022,659134,29,1
783683,951060,553617,628549,3,8
359007,950177,79174,715668,31,29
106018,840989,100692,673850,28,36
720511,975573,621849,847751,11,12
42094,847780,162181,666013,25,40
24456,979755,160186,616580,22,47
41320,800226,170586,851521,34,37
405653,935986,606103,857715,12,26
92345,668299,190973,751025,28,28
37666,701607,57109,909564,42,33
91671,282940,150521,790466,31,9
198181,837961,240043,875290,31,31
227910,893019,362397,659480,14,33
45649,681430,721172,834555,5,31
186842,281372,226269,428549,10,4
492221,826099,115749,526844,20,16
222700,580501,154003,953206,39,17
18301,823351,261195,728479,23,40
93604,511274,187531,865405,33,20
278914,798011,250035,594948,17,25
86349,909066,49223,496315,22,41
513336,986076,610525,975359,18,23
76406,815824,135331,464836,16,36
414363,912275,233408,712206,23,24
689493,861285,6849,999579,49,8
428545,587769,617852,866502,12,7
596306,829398,40247,934759,44,11
613499,783807,424125,912632,24,8
623039,832911,352292,983385,31,10
16580,971168,216213,565321,17,47
819099,960927,303253,610303,15,7
712167,783723,220866,918424,34,3
166672,986095,214432,507563,14,40
134997,949828,455621,977156,26,40
616793,653195,80880,917362,41,1
8587,953392,104415,995074,44,47
116740,929540,514377,649307,6,40
44632,811885,204990,763600,27,38
107030,500607,42271,561465,25,19
15132,561933,237926,913602,33,27
246305,579168,398201,616062,10,16
93498,637953,86990,359792,13,27
17160,897191,244354,790307,27,44
137170,876288,9353,886428,43,36
78182,891405,39465,786841,37,40
150534,907989,222813,848633,31,37
65468,627805,22886,933250,45,28
809295,968044,313821,984335,33,7
603775,748877,89636,667751,28,7
226535,706197,54423,770654,35,23
259897,331361,407968,806160,19,3
549578,820846,39520,980224,47,13
102202,716946,169292,217161,2,30
40242,315378,368247,963777,29,13
500851,883038,327,991040,49,19
50468,976922,599736,777743,8,46
63778,924597,209309,398831,9,43
172270,771382,186917,790404,30,29
2690,999756,28386,931164,45,49
176193,786916,203644,961158,37,30
368727,986852,627741,978661,17,30
413034,816086,109252,627115,25,20
521896,958594,40310,996638,47,21
193219,278024,506918,515289,0,4
578608,583647,549943,640283,4,0
10394,997658,609101,617258,0,49
307800,594215,151212,608068,22,14
365776,685650,56227,963703,45,15
209177,701379,116023,660399,27,24
607013,862436,245844,737750,24,12
73,969985,578251,888559,15,48
63623,223771,183012,522596,16,8
528379,810892,72518,500219,21,14
412390,784656,1005,942880,47,18
46232,564101,21439,667391,32,25
462974,522033,31198,875557,42,2
386052,982464,268703,300087,1,29
67477,965337,744244,996304,12,44
61948,636208,40287,822501,39,28
306431,741978,154444,852428,34,21
182860,938216,314148,803249,24,37
167383,842737,51606,683148,31,33
527,354707,514272,917235,20,17
3627,999838,113423,919208,40,49
162400,886174,756526,773619,0,36
482423,523848,316557,999429,34,2
353655,460450,26223,968853,47,5
184612,961057,198393,374645,8,38
487539,995243,8627,932255,46,25
102515,951854,147174,197205,2,42
383136,746466,196731,278686,4,18
51913,879122,106273,961901,42,41
187201,836504,492227,806464,15,32
591616,818716,11709,585413,28,11
60636,866782,288404,370042,4,40
842205,983735,118728,327219,10,7
359742,689719,25387,561715,26,16
607735,858145,197111,804305,30,12
142810,326886,814157,898522,4,9
12600,301713,29271,695729,33,14
147869,541336,122923,778189,32,19
214227,604774,197541,916455,35,19
109726,995461,4899,960728,47,44
101415,542063,530806,754229,11,22
536652,638034,168541,892156,36,5
880110,901247,379316,888059,25,1
460588,969802,49073,919225,43,25
211036,632832,152280,777551,31,21
818635,965428,33498,921590,44,7
7058,283512,177612,959222,39,13
9109,511859,38746,992122,47,25
51687,909684,75294,890136,40,42
18707,493946,48960,928787,43,23
112204,732419,788128,913405,6,31
36211,609343,11121,560565,27,28
111665,628133,225175,379815,7,25
197065,404833,21912,980871,47,10
321848,401072,32110,975108,47,3
631559,649519,383198,905328,26,0
634456,648836,381673,769620,19,0
77666,757377,37509,516800,23,33
21601,866498,22902,867232,42,42
10431,56671,12229,618359,30,2
87597,868728,642681,867953,11,39
108327,957307,396009,978917,29,42
310267,683803,579107,829448,12,18
9148,993544,42471,681543,31,49
234969,859747,600472,806282,10,31
46403,636409,147578,963213,40,29
108816,523444,29829,361484,16,20
366116,785684,79093,786037,35,20
29000,983875,13086,38777,1,47
101113,520991,236400,441626,10,20
766777,917494,22657,957054,46,7
226934,816934,48855,919076,43,29
267472,842141,393672,877590,24,28
10095,567538,564191,906665,17,27
344028,749715,74954,720708,32,20
209884,588980,112059,526983,20,18
78082,496412,188863,822655,31,20
27207,968260,339876,711801,18,47
14935,121509,48695,592032,27,5
463914,996641,342206,632262,14,26
150153,794045,654652,849717,9,32
42699,989819,293750,557129,13,47
9479,879000,493512,911895,20,43
180369,477136,224996,819888,29,14
254712,713938,404331,905854,25,22
123841,425775,390924,446210,2,15
259120,924559,37903,186928,7,33
28324,974695,155913,967748,40,47
85805,997801,98481,561347,23,45
475170,970301,181941,572963,19,24
764338,904853,427053,841433,20,7
546157,961772,823716,848097,1,20
236398,870483,13854,985662,48,31
161926,548491,823818,965465,7,19
127993,926829,468002,898625,21,39
119080,892573,208613,989245,39,38
486912,855712,648305,794174,7,18
9991,252093,209612,513413,15,12
20101,736238,222213,525484,15,35
781761,920775,382303,912010,26,6
587357,857471,266546,476897,10,13
63193,757466,650436,964230,15,34
377554,644046,813580,978961,8,13
125239,975410,321624,791906,23,42
283087,610715,92070,930555,41,16
210132,983536,135868,401839,13,38
103825,518862,312257,811410,24,20
87453,209141,325867,950147,31,6
226660,877687,807524,879798,3,32
515872,754504,10105,965764,47,11
369375,517961,296820,310297,0,7
98132,447619,119358,185569,3,17
459307,584354,490834,576690,4,6
30066,842184,31654,994520,48,40
353507,749180,229911,617230,19,19
517868,878226,158572,917016,37,18
34884,739477,104208,854574,37,35
337625,549619,693819,765645,3,10
116159,617748,241740,981288,36,25
17906,998400,466560,510119,2,49
22238,824649,10182,356520,17,40
61075,976866,573338,725774,7,45
99666,396105,35412,794698,37,14
237211,902707,101365,981756,44,33
187731,516722,167691,707805,27,16
274690,831495,252972,732756,23,27
350958,592092,66921,277865,10,12
547408,891755,319308,660863,17,17
58658,758145,271616,679470,20,34
19447,969933,110004,983100,43,47
359761,428075,257707,717157,22,3
229522,586725,374260,679034,15,17
23713,699982,237893,689179,22,33
181566,730279,3110,995969,49,27
36271,949671,56049,435331,18,45
32004,480594,354837,920871,28,22
635378,988292,289124,830212,27,17
83905,822891,72401,383743,15,36
244103,999804,264047,876675,30,37
206344,528627,11413,974339,48,16
298757,948769,139609,967799,41,32
130569,974135,865330,992989,6,42
68417,882289,34646,897097,43,40
417837,716431,656911,957777,15,14
810191,874284,292649,833305,27,3
55981,796310,312527,895644,29,37
7073,985117,360911,888828,26,48
97175,991192,413080,978044,28,44
605802,786318,30492,279628,12,9
47653,86103,452824,684055,11,1
299730,618948,133690,916341,39,15
537234,858015,123809,693123,28,16
51432,965862,212345,827633,30,45
13724,987156,303345,386080,4,48
930108,973599,332589,713366,19,2
91385,991428,56337,792523,36,45
229551,796487,5840,993935,49,28
202547,449373,21442,650044,31,12
326485,800587,65660,576576,25,23
14154,984425,467850,792760,16,48
138419,227076,496749,722766,11,4
212599,675832,281691,399357,5,23
306903,399055,725,704756,35,4
207269,785715,367343,835678,23,28
380398,560264,378844,776589,19,8
11296,495227,584764,764176,8,24
227431,835781,272259,947252,33,30
766723,959038,125389,673459,27,9
560381,878380,660021,921394,13,15
113175,700630,433259,579530,7,29
132385,976688,160367,992663,41,42
506466,910496,369067,969716,30,20
417742,702852,165827,955288,39,14
675318,803039,82665,442471,17,6
83781,542456,898915,914387,0,22
486309,998941,104585,669888,28,25
163492,665631,43463,744820,35,25
4692,845168,117089,999690,44,42
19484,970964,34160,256796,11,47
99514,220739,26733,50241,1,6
226063,300890,22956,633989,30,3
351136,657296,216489,727533,25,15
84494,637125,304595,482470,8,27
553648,996521,62181,683906,31,22
637687,724272,120362,627641,25,4
37005,574332,110152,979231,43,26
612562,876467,34027,840518,40,13
85972,980141,5202,996882,49,44
134917,971489,23776,68825,2,41
931616,978757,164481,888316,36,2
170974,388833,36100,526825,24,10
459721,775509,642770,706643,3,15
131299,933922,166664,357777,9,40
172630,953268,244559,342869,4,39
357776,823300,424944,895532,23,23
14894,865468,55921,662745,30,42
64974,897392,129165,710913,29,41
71086,987539,400555,901633,25,45
316773,644408,36473,737937,35,16
339104,971524,615334,808255,9,31
284855,887930,793581,988142,9,30
12882,933187,744054,950405,10,46
127310,408004,48379,981513,46,14
76399,781471,5914,709896,35,35
135550,692436,49330,973870,46,27
410181,657713,8700,123143,5,12
187236,471339,755445,824729,3,14
28872,755595,846891,892095,2,36
162944,888132,255050,978561,36,36
116510,818147,939433,954781,0,35
106641,829470,220499,652849,21,36
511137,807054,598640,694819,4,14
164359,685594,340739,816273,23,26
654279,917839,264814,573286,15,13
267172,929366,194287,962030,38,33
630525,863202,16259,796483,39,11
5118,901862,23864,352007,16,44
152967,307553,2490,950183,47,7
13999,961230,177331,486512,15,47
145254,743468,218430,780170,28,29
60664,914246,50667,393880,17,42
10561,125123,12398,975503,48,5
191309,550689,206578,746263,26,17
14895,952914,4589,978330,48,46
24305,985591,170392,977400,40,48
22804,990276,433184,725300,14,48
577416,676327,56768,965580,45,4
590233,971480,22913,948205,46,19
118150,875702,54795,884425,41,37
207231,697425,672104,924567,12,24
113666,796220,491216,661374,8,34
3717,882609,554559,716981,8,43
502011,596718,135083,882331,37,4
31269,930767,399307,823722,21,44
368487,811679,10793,848009,41,22
138760,624513,535452,984150,22,24
112486,889081,172172,665844,24,38
53985,72717,45853,938919,44,0
104411,665419,775597,887045,5,28
183313,240640,1062,155049,7,2
124630,736364,782409,807092,1,30
5885,989384,112933,634420,26,49
220722,463221,785338,844951,2,12
30170,934387,590275,854509,13,45
245009,838258,149922,929337,38,29
904,638490,128660,986394,42,31
543520,557080,431984,646775,10,0
160288,986920,188605,728633,27,41
433496,993256,101233,739712,31,27
48183,714779,132150,835702,35,33
45656,962007,226688,787751,28,45
468625,889745,118476,509431,19,21
52724,943114,37348,933421,44,44
130095,656662,445588,882434,21,26
41915,705586,64697,989214,46,33
122099,814978,208528,265073,2,34
16559,817948,146613,979515,41,40
305107,988277,151402,996752,42,34
99147,971886,4321,995074,49,43
17425,893805,134791,434493,14,43
173731,986867,58020,425328,18,40
411010,826673,43404,969870,46,20
654976,788854,303218,581582,13,6
122578,958133,36471,572244,26,41
683534,910311,18703,216657,9,11
257746,754972,220459,964241,37,24
331823,476421,297110,677498,19,7
375152,667789,72314,565723,24,14
110194,737206,88341,650547,28,31
228403,914904,317196,507993,9,34
180268,726283,168781,911888,37,27
108464,997453,171817,941620,38,44
154401,879924,456874,585902,6,36
180475,642697,19360,973608,47,23
13270,331558,33648,885621,42,15
232689,543364,189256,422116,11,15
38632,273306,111519,579101,23,11
280958,404632,302940,715246,20,6
53298,863386,218866,466515,12,40
485921,788224,6944,318698,15,15
275005,826110,117301,904290,39,27
520230,643355,323469,424033,5,6
754412,917708,199953,845782,32,8
679710,700873,245219,921472,33,1
148091,844265,245103,484069,11,34
83885,919305,219756,482158,13,41
453162,572598,179660,791359,30,5
756585,839120,52202,910754,42,4
172850,711543,614934,825834,10,26
6085,308724,195353,374676,8,15
168366,730410,195123,944952,37,28
39511,923885,344407,963302,30,44
374130,892534,39015,347815,15,25
207997,926379,176784,614014,21,35
503657,705806,11727,863127,42,10
16416,996529,763715,789756,1,49
538544,653009,131073,549191,20,5
407986,599662,360377,948669,29,9
381341,441149,363266,944339,29,2
13470,736031,193263,579562,19,36
103317,593865,4182,999799,49,24
287762,955787,60441,555332,24,33
634808,778379,149593,191097,2,7
24735,834068,393469,805965,20,40
440374,521964,89971,711130,31,4
49759,836571,914998,986225,3,39
237622,669946,211806,890890,33,21
1059,984975,4731,991672,49,49
152696,680553,436131,742296,15,26
644132,965689,1475,989886,49,16
308885,935950,364955,905118,27,31
534632,986773,5219,864356,42,22
114813,953798,43067,969200,46,41
121469,811615,83093,438623,17,34
160695,658492,549696,631884,4,24
548934,945761,929629,943588,0,19
91932,244893,20188,489041,23,7
110366,806549,334004,618858,14,34
588202,957914,88149,416847,16,18
68116,980566,443249,459668,0,45
727220,760512,31444,997767,48,1
472333,977661,438240,676985,11,25
3247,29000,88953,992865,45,1
371354,550356,129747,736998,30,8
979404,984042,347818,813389,23,0
409838,856722,812974,874216,3,22
278289,676706,59378,752943,34,19
266776,692422,299048,784081,24,21
29307,972165,80158,875563,39,47
149575,711839,379232,621361,12,28
58689,665572,628814,700707,3,30
267531,846318,203997,712583,25,28
458630,699347,26077,472977,22,12
204083,795750,463065,978039,25,29
624509,660160,356251,474458,5,1
268841,414000,212238,966839,37,7
14348,964152,918338,938311,0,47
232075,720041,254730,823341,28,24
761645,879124,276655,339753,3,5
197843,500980,248531,925483,33,15
287936,729079,203677,649216,22,22
710555,997373,596420,864239,13,14
47768,986404,298708,401475,5,46
346363,361636,557,998231,49,0
183118,434661,14928,979578,48,12
13744,912225,229482,576031,17,44
636158,888423,168009,259173,4,12
505019,835082,595925,877744,14,16
4545,989570,256219,821402,28,49
73555,115878,432942,566369,6,2
23343,726073,16969,949639,46,35
307005,899571,27837,338693,15,29
94430,332001,657998,767686,5,11
320222,863439,81025,798431,35,27
97074,734820,614292,884382,13,31
350348,961800,46833,638735,29,30
94653,322629,348735,859285,25,11
422260,889641,314290,386934,3,23
117702,965078,57854,770792,35,42
569296,786691,8430,982017,48,10
74109,839359,25832,716292,34,38
540257,976177,5289,108797,5,21
484888,669019,32669,757249,36,9
248409,891136,638184,663045,1,32
211911,925851,1794,564690,28,35
32263,998550,210430,802192,29,48
292249,582787,77026,117006,1,14
336552,884208,120542,702031,29,27
672674,808037,536909,999603,23,6
160860,932751,182726,988638,40,38
304592,764684,160574,998074,41,23
260848,801919,253726,893826,32,27
21977,728534,103565,465304,18,35
149026,560299,344922,350230,0,20
114087,455602,529519,619184,4,17
109401,444153,244622,902696,32,16
122474,894617,28097,52445,1,38
82438,273555,722944,759737,1,9
57743,708050,612689,659771,2,32
117502,484005,323582,637998,15,18
2556,935238,306936,595813,14,46
53214,988095,282851,898360,30,46
101621,919597,217009,939735,36,40
123477,811221,1112,114560,5,34
710063,991377,701229,814654,5,14
427174,937515,372963,623835,12,25
129799,298873,178860,610301,21,8
8287,999391,320834,392124,3,49
45469,959926,667280,989572,16,45
49329,720609,87689,527501,21,33
44771,953593,928900,992741,3,45
249848,692770,19240,962818,47,22
261427,696555,127903,984434,42,21
704313,705562,267192,775425,25,0
490144,801254,216722,234886,0,15
143198,520642,86887,991125,45,18
101947,260436,436066,765971,16,7
93639,981981,86128,751276,33,44
218070,934762,288899,689117,20,35
77227,448594,406885,432485,1,18
83569,942613,337284,699755,18,42
135208,248179,426319,581466,7,5
56557,987883,44045,743215,34,46
527777,922278,473576,897594,21,19
43787,972434,169818,295411,6,46
342292,671638,25043,901768,43,16
352211,834031,410415,739187,16,24
368843,519718,177773,304125,6,7
70032,957390,10658,296309,14,44
118492,984657,164913,947322,39,43
14675,989090,1384,997424,49,48
8708,998459,114551,978052,43,49
111708,308404,22077,323116,15,9
92516,880715,242161,906947,33,39
466636,797270,39771,994415,47,16
1554,988054,60520,790395,36,49
282976,395633,34288,904444,43,5
162265,643497,322887,850094,26,24
56936,916751,342964,979518,31,42
154513,857963,76677,894334,40,35
317177,476565,270482,900430,31,7
258506,830122,489661,801949,15,28
18005,879341,185842,729707,27,43
35940,316334,565762,731469,8,14
122141,971135,13787,956323,47,42
174149,987693,132754,801647,33,40
148775,310294,373274,720896,17,8
142554,988990,537764,640016,5,42
280292,554785,157024,986870,41,13
712194,757727,53834,246313,9,2
83612,452898,271091,861918,29,18
138769,314254,25348,892563,43,8
12545,987285,377460,818226,22,48
146844,986694,477269,499704,1,41
5180,922639,99674,884817,39,45
38479,990955,25494,986626,48,47
361170,702537,602465,860722,12,17
278177,794024,546811,867387,16,25
412672,905223,316142,436087,5,24
438663,901198,518043,903232,19,23
27678,876154,281697,966440,34,42
465195,956551,72990,729271,32,24
311580,646480,272466,887906,30,16
225858,588223,50013,730007,33,18
166695,916382,326457,989500,33,37
354749,692195,117384,712080,29,16
221127,412991,118310,940451,41,9
70138,728993,241144,668699,21,32
433365,738805,84287,981640,44,15
39751,499970,6133,813584,40,23
29673,890351,38282,849214,40,43
457072,506036,148050,485560,16,2
263053,674624,238646,796112,27,20
157474,951923,49884,564974,25,39
316670,745695,491062,738528,12,21
374169,766431,19812,961124,47,19
47019,875827,250899,906234,32,41
332710,741743,6590,969009,48,20
140134,925626,21176,973777,47,39
98193,595006,72470,972433,44,24
285272,295180,505102,664212,7,0
170401,552922,4392,971472,48,19
16926,975351,141968,645736,25,47
501513,813056,76935,938579,43,15
5388,311553,139084,729215,29,15
154281,462578,81411,898010,40,15
577,934685,289891,913140,31,46
639981,961665,86448,775064,34,16
239030,862020,90916,859440,38,31
797039,825736,7695,937990,46,1
13275,247784,169908,907223,36,11
165669,408850,416669,483488,3,12
852398,992976,217043,987839,38,7
106770,898428,76064,937515,43,39
162148,886156,5143,963042,47,36
223037,557960,83332,896783,40,16
511843,944488,106695,985474,43,21
413204,956366,326144,516973,9,27
362512,763772,216933,962530,37,20
697308,703519,16964,782574,38,0
74617,812214,24615,857208,41,36
25613,843084,19990,979779,47,40
111703,167245,335095,677369,17,2
134522,863173,24927,878685,42,36
146118,715001,25984,986159,48,28
165402,586542,756840,909691,7,21
426862,446360,205465,477243,13,0
27825,967459,188355,995856,40,46
220528,540818,345786,522730,8,16
138091,236626,893,990604,49,4
127802,258623,598807,968913,18,6
38912,82902,231531,856084,31,2
560043,648735,296187,660231,18,4
68867,739410,58897,845508,39,33
181170,845001,383680,718843,16,33
118308,548774,191466,980712,39,21
282764,612018,296630,427740,6,16
200448,301846,6167,842331,41,5
193612,468032,455286,607345,7,13
447473,951527,833039,847510,0,25
44371,650422,343517,986970,32,30
311817,509794,483213,888318,20,9
41389,992631,5082,586849,29,47
391044,814924,719674,921835,10,21
47311,846704,122532,397682,13,39
37818,841102,825334,944163,5,40
51184,982623,85485,584370,24,46
563317,988056,57896,825290,38,21
64750,899868,271419,832539,28,41
62698,366700,15394,707685,34,15
151287,224790,7250,996918,49,3
381333,986153,163521,966432,40,30
320871,496926,60326,990644,46,8
457436,808462,358288,386640,1,17
246701,828393,9520,829575,41,29
163675,923614,79581,581840,25,37
62579,947786,97879,411495,15,44
109406,794364,332137,960987,31,34
268625,895851,52405,502148,22,31
278530,758964,47492,647900,30,24
337125,620605,701904,827380,6,14
210795,854631,123886,397976,13,32
18425,987895,239027,938383,34,48
122575,950290,449524,765000,15,41
394023,650364,777276,811700,1,12
790877,964006,25817,986020,48,8
296020,596013,147745,152846,0,14
173308,937105,347281,859566,25,38
8275,936887,85009,972435,44,46
383281,910286,140170,956298,40,26
114562,464230,67617,927918,43,17
57317,829616,280753,890054,30,38
115484,324829,299280,815772,25,10
117751,776191,490108,948333,22,32
489468,732200,88834,987689,44,12
177804,976137,420891,771442,17,39
349080,906680,107180,979968,43,27
301121,650261,336509,848859,25,17
29738,286286,633460,982102,17,12
279092,599022,353828,968451,30,15
245518,987622,456863,647909,9,37
255800,968331,36034,942557,45,35
212540,979781,232606,975345,37,38
135495,572267,369267,399638,1,21
705516,896623,66725,681632,30,9
88194,994543,400694,525353,6,45
8119,457527,5386,973329,48,22
325027,654697,61991,109266,2,16
22820,951460,125833,149236,1,46
356765,807308,115902,812454,34,22
61699,806241,497494,842910,17,37
423552,812210,318562,546363,11,19
388293,597137,41461,945837,45,10
868309,896704,191428,990672,39,1
197103,833032,404119,434712,1,31
413807,937317,57027,965832,45,26
34488,937237,705634,750566,2,45
391555,860325,120156,978558,42,23
278657,352813,529732,847873,15,3
37980,992006,207133,763234,27,47
169371,778824,633112,785358,7,30
335649,511361,68869,387055,15,8
641170,732372,430008,873478,22,4
185188,861251,489919,669704,8,33
110172,855506,261794,726945,23,37
205731,252850,182220,673577,24,2
271739,664223,185301,944913,37,19
110438,855945,334069,416767,4,37
506068,573687,432868,972227,26,3
9955,228934,259725,497782,11,10
522702,720884,426919,759354,16,9
535117,778551,203164,523891,16,12
25524,773236,48576,484561,21,37
213106,566219,143620,913343,38,17
796533,903375,893972,895975,0,5
43494,969905,420693,729935,15,46
807666,832042,30384,874858,42,1
528764,998063,207035,797246,29,23
107089,907379,475194,917987,22,40
176337,546382,727458,940976,10,18
520347,738174,14092,786699,38,10
4633,351386,278534,282858,0,17
67107,920278,21195,981554,48,42
133783,157433,634580,816899,9,1
688164,985497,173177,430139,12,14
12131,566145,655551,708283,2,27
23566,936666,99876,984054,44,45
20666,993489,111724,242585,6,48
424692,467367,977242,989396,0,2
16794,229721,542648,952108,20,10
413883,679722,442252,473066,1,13
316851,453218,696127,836164,7,6
211236,991034,95538,553512,22,38
16426,944067,829713,916927,4,46
513634,722442,20800,836631,40,10
151875,195951,36476,998785,48,2
129964,717416,204704,662434,22,29
250721,915658,15280,388566,18,33
200255,830942,214487,650515,21,31
348949,904263,756528,787010,1,27
99898,881323,555579,968295,20,39
55909,942816,121517,912665,39,44
418950,661733,273944,409166,6,12
170121,804096,122397,741721,30,31
904100,977809,294201,784620,24,3
225624,773205,108361,447804,16,27
62545,731574,844036,865545,1,33
339159,887008,908335,920110,0,27
483149,676976,16741,858943,42,9
608781,899550,93008,989590,44,14
122218,656681,82962,575033,24,26
326918,449016,90567,976321,44,6
90878,945760,488578,558717,3,42
173931,581796,25778,924509,44,20
16012,749652,399350,641275,12,36
184262,907565,21605,950655,46,36
623095,728588,135922,449855,15,5
131271,568392,137,999939,49,21
206216,793467,372694,383067,0,29
54841,221596,394657,911360,25,8
142880,637837,421596,922441,25,24
226645,807022,677768,890838,10,29
66721,716298,10928,996511,49,32
724455,725296,91237,794978,35,0
254275,570699,9212,959600,47,15
22500,870685,526234,742496,10,42
148137,450926,264605,725041,23,15
18096,300416,342691,744762,20,14
2181,995530,161018,424105,13,49
70494,780716,107801,398794,14,35
136510,888112,70118,198219,6,37
627550,945646,774742,967169,9,15
171,540760,695160,933508,11,27
72506,997248,9302,959737,47,46
836777,964261,23091,964932,47,6
103493,853268,141723,901840,38,37
403121,914029,273415,727304,22,25
726961,827046,838554,934742,4,5
82373,944233,122277,685396,28,43
608923,813330,574587,619325,2,10
343211,962027,282950,539355,12,30
270601,723978,288478,330811,2,22
67231,978873,369748,968928,29,45
200242,838389,197253,435280,11,31
130509,913631,737693,743865,0,39
139147,996875,292129,325867,1,42
652552,693158,145899,890866,37,2
563338,955646,362091,972361,30,19
160068,698733,213200,269025,2,26
189294,257355,268947,782890,25,3
169969,765870,39617,830398,39,29
310124,871698,548149,674823,6,28
486375,753586,387668,887854,25,13
264053,519547,108424,966552,42,12
426615,928225,87435,565417,23,25
148446,956039,152330,807434,32,40
843280,963923,147178,746886,29,6
64375,625053,129234,724500,29,28
211070,395177,275965,941865,33,9
784681,859458,476679,883684,20,3
373672,764961,148929,224508,3,19
366964,380347,404871,849079,22,0
522613,858558,320801,429925,5,16
487072,981097,89036,992542,45,24
482016,982739,89650,906433,40,25
703321,858637,438488,528556,4,7
235554,822076,40870,742233,35,29
68473,933657,540868,557522,0,43
132186,358775,471252,565422,4,11
72273,290375,222170,880965,32,10
204038,885734,73703,606362,26,34
32723,929540,725228,770433,2,44
587148,737867,18914,988707,48,7
26,987870,219175,512358,14,49
47101,938763,781360,971373,9,44
31819,932140,457839,650508,9,45
84140,919174,788625,942072,7,41
118076,628748,119297,974743,42,25
319019,684527,280773,621799,17,18
109398,700449,299168,367378,3,29
79197,950434,55020,991136,46,43
252806,282999,413415,588567,8,1
282624,646168,691712,796877,5,18
156894,676244,333799,819658,24,25
1613,994328,118035,592010,23,49
49544,917794,444702,594324,7,43
118729,969057,125880,276959,7,42
640255,726221,14227,437069,21,4
56855,628019,606996,994834,19,28
39780,945376,296375,998831,35,45
252041,410388,335269,833492,24,7
285556,636658,320736,961795,32,17
308065,824099,133153,745246,30,25
270332,875953,527526,823355,14,30
23373,530586,357401,559004,10,25
215262,563496,100624,259220,7,17
270072,687208,335731,505080,8,20
428195,670736,186127,582084,19,12
570461,990176,112911,379906,13,20
70086,887160,120463,978556,42,40
11643,76256,77972,966812,44,3
13810,400092,715929,899577,9,19
60316,913345,58281,987581,46,42
779561,907450,332910,890509,27,6
142629,667279,177038,712406,26,26
5835,772854,301162,450079,7,38
127793,885114,143297,992636,42,37
33364,371110,183453,809321,31,16
133191,883422,221952,863133,32,37
50150,871435,35303,363976,16,41
50683,914626,697675,977261,13,43
61391,819294,569401,873477,15,37
140205,591984,87364,261239,8,22
214100,908312,144526,971446,41,34
19611,465418,4239,550109,27,22
15494,967578,65979,914670,42,47
229464,373962,213586,801808,29,7
108930,778470,2,957840,47,33
201311,311537,42501,896402,42,5
801420,950938,13059,886766,43,7
33924,698675,255413,984944,36,33
557678,687032,132751,748544,30,6
299716,830677,61321,700661,31,26
145804,870557,179021,875428,34,36
409694,469960,344877,905873,28,3
258190,710413,60503,385934,16,22
74762,993550,30729,969644,46,45
32132,948806,64609,700314,31,45
9696,916277,393874,741507,17,45
255034,344897,87269,884466,39,4
530889,699483,68373,976710,45,8
556553,758594,354455,559498,10,10
494369,517908,17371,890665,43,1
305615,348323,48580,626044,28,2
64089,965228,228508,659862,21,45
625089,751130,584490,909965,16,6
206600,968737,179741,888464,35,38
277595,452083,188875,636711,22,8
156892,462261,105851,929431,41,15
116698,486004,137944,906179,38,18
638,981119,345508,845846,25,49
57593,767291,413366,891609,23,35
182806,845437,188409,586705,19,33
181912,988851,622643,771693,7,40
11908,943728,461304,461515,0,46
478181,572355,90397,355445,13,4
281666,879234,140135,671342,26,29
21138,916567,290999,527996,11,44
75900,772384,113553,868948,37,34
378097,855397,145403,471135,16,23
289354,995410,301447,839253,26,35
3314,901286,240623,989748,37,44
506241,803739,86407,963169,43,14
75255,949321,123183,379118,12,43
77549,830925,40350,822149,39,37
105990,666196,206698,214230,0,28
201345,913642,9622,224239,10,35
109216,914496,373290,763538,19,40
135416,967182,96362,998008,45,41
404935,933805,291409,651428,18,26
162560,343307,69714,867787,39,9
230469,398417,247618,913374,33,8
337324,904556,57593,932727,43,28
438902,823917,348643,558942,10,19
84973,368925,1860,999629,49,14
168679,511363,11747,936756,46,17
237253,911698,713060,948938,11,33
634973,945722,367777,897951,26,15
466587,777440,583799,998638,20,15
47890,951698,532768,846946,15,45
42407,991312,97723,669787,28,47
587832,785086,158661,169953,0,9
345630,921035,724977,768914,2,28
66895,276427,229091,338478,5,10
110630,832404,459582,998742,26,36
183733,214675,194218,837235,32,1
184902,843156,728291,738205,0,32
36087,991580,74681,412967,16,47
52134,667954,348315,775904,21,30
1721,974226,110549,728923,30,48
189412,461527,34499,434285,19,13
246705,866938,1669,958074,47,31
320527,765888,416939,502900,4,22
522894,864496,950,964286,48,17
518056,708742,599383,888821,14,9
808760,968372,161472,701519,27,7
221998,879491,182176,541723,17,32
570470,805302,626,996520,49,11
110985,252852,282932,386001,5,7
224021,908290,391600,601444,10,34
319091,620869,263736,994321,36,15
935841,940739,29963,991112,48,0
157455,973388,578723,636068,2,40
823896,894857,780047,797913,0,3
282027,376528,74089,679707,30,4
271560,748107,39076,321090,14,23
275899,883507,60288,998483,46,30
47374,930422,44907,185723,7,44
63158,146307,106091,407926,15,4
56412,74280,372904,802462,21,0
421252,796947,201934,936847,36,18
88592,915343,221944,894610,33,41
14708,950870,476032,934823,22,46
589319,602604,273863,996175,36,0
225958,685776,236589,598259,18,22
23743,176153,214126,817435,30,7
217950,839561,133707,876643,37,31
3472,498685,36703,810646,38,24
771,989514,304343,977299,33,49
729134,966492,67788,523765,22,11
289849,476583,41116,158439,5,9
315627,696997,51201,715361,33,19
868460,905405,599822,689299,4,1
119269,959024,53019,931635,43,41
62920,721806,32538,816555,39,32
22111,994846,11119,519704,25,48
206689,993383,602136,926954,16,39
39862,807610,244041,577554,16,38
425630,769667,510346,701094,9,17
383353,820635,271843,983122,35,21
16610,841907,506375,585607,3,41
36152,877448,25452,892920,43,42
93079,656390,181617,994458,40,28
317578,870108,159805,464414,15,27
180759,897958,671947,855093,9,35
473725,710022,219071,912013,34,11
318925,419423,38408,394376,17,5
21715,837561,604658,632049,1,40
579852,804706,468658,737062,13,11
662171,766159,80226,272658,9,5
399,961483,25589,968203,47,48
580025,686069,305238,480823,8,5
167822,645137,801991,969899,8,23
380840,452288,600304,670912,3,3
322100,777089,96967,797524,35,22
310234,894495,333529,821787,24,29
104237,679850,30402,966805,46,28
83135,255626,201874,579946,18,8
19867,613519,43008,956213,45,29
13955,934229,156623,945426,39,46
199346,784687,456502,677170,11,29
313629,853694,91293,508570,20,27
328911,752646,444413,677089,11,21
15026,403311,65152,899158,41,19
354318,717460,112742,985426,43,18
280116,630369,228693,967788,36,17
748950,839091,230363,881660,32,4
437150,622316,441896,934022,24,9
256665,913633,30413,894526,43,32
216118,437333,122705,758416,31,11
106699,347158,673442,949626,13,12
766800,888582,570319,957409,19,6
183061,361885,12101,959520,47,8
300146,339901,156795,630403,23,1
292268,930358,69653,981887,45,31
12749,538994,33971,980368,47,26
37267,921429,105576,764229,32,44
8199,996907,201849,751884,27,49
423367,470537,554608,835770,14,2
17,718052,1985,983742,49,35
218347,474227,213385,886519,33,12
607314,687115,15730,986873,48,3
777966,901722,95328,762549,33,6
537351,854531,120748,757749,31,15
5116,978437,618850,633383,0,48
594047,601035,35814,786492,37,0
77062,211063,569128,849802,14,6
80537,855817,53688,791827,36,38
214054,592345,382564,904878,26,18
109173,341567,529996,554416,1,11
214017,422721,134551,875760,37,10
292335,893359,245027,639331,19,30
623103,728279,84327,327127,12,5
97180,185870,26946,73974,2,4
428358,628244,325819,845207,25,9
227101,523315,17292,993235,48,14
25249,844354,27149,960391,46,40
336850,420080,189963,733272,27,4
81459,491811,48092,145374,4,20
30816,903583,24022,987577,48,43
75505,464476,525072,653284,6,19
386176,899047,211842,498850,14,25
425323,916872,6726,971640,48,24
353930,984208,506305,583914,3,31
365684,964316,109870,802631,34,29
1126,804996,340468,916159,28,40
186483,819699,586135,761314,8,31
248656,919371,94045,786866,34,33
209066,636134,27103,680358,32,21
339494,899960,369641,716658,17,28
413599,774069,460092,645703,9,18
197469,601538,110214,893552,39,20
33224,876939,73820,529571,22,42
218445,613116,77223,944937,43,19
61989,434733,126230,564055,21,18
19557,984683,166738,316110,7,48
219371,815034,22844,979915,47,29
172413,940896,333339,977335,32,38
33094,935841,73794,721774,32,45
3546,588361,1900,998418,49,29
189477,700193,559451,720176,8,25
23574,980992,58398,464263,20,47
553315,681559,162505,927512,38,6
1149,475483,189682,378055,9,23
174479,858414,366222,427136,3,34
129283,665038,10279,750155,36,26
490839,889762,121775,915504,39,19
576264,921609,141062,953600,40,17
189856,812240,176103,544307,18,31
295564,742980,60060,955267,44,22
162933,470040,2132,994919,49,15
21036,989042,263699,491443,11,48
301694,458868,166570,854611,34,7
266698,837207,10767,904342,44,28
37567,113774,125207,976590,42,3
154363,849254,706643,948271,12,34
218960,908696,152882,938796,39,34
16729,946890,125483,594042,23,46
890305,933908,91679,635041,27,2
72236,706497,297522,538724,12,31
400623,482798,39100,979764,47,4
142014,673631,136938,934754,39,26
259872,360198,80147,989746,45,5
615035,917937,182852,899630,35,15
61479,790385,473410,815426,17,36
215848,942225,158999,669174,25,36
71129,927453,134982,697232,28,42
106352,748995,17741,784766,38,32
114382,830670,167294,852961,34,35
1699,726273,299026,952166,32,36
229756,859051,163954,870142,35,31
632074,948657,631301,927124,14,15
737908,744857,124904,483920,17,0
136842,930483,744490,924489,9,39
14011,996882,1040,779784,38,49
76075,688209,239107,814775,28,30
129342,975730,206197,715226,25,42
230514,556737,878713,896769,0,16
566854,744082,431556,538501,5,8
166699,996200,142741,923250,39,41
351042,670760,439945,899621,22,15
213444,994477,231923,808709,28,39
247291,968648,438840,612830,8,36
8041,972344,102690,735322,31,48
240878,895253,370053,737998,18,32
430343,860831,388309,955952,28,21
285734,890664,166475,960402,39,30
829270,971296,11627,998156,49,7
200962,923968,67197,526872,22,36
289198,918383,38292,362243,16,31
102568,557795,267778,937651,33,22
479117,700969,67613,979110,45,11
1891,886732,745381,763142,0,44
736146,901231,761785,947233,9,8
82445,615994,645129,655835,0,26
585399,997678,44985,778474,36,20
192020,849645,56053,220936,8,32
183265,691387,120627,816691,34,25
58338,755861,804916,825892,1,34
774983,816269,265838,668848,20,2
610632,857651,4,999815,49,12
388502,580376,147556,923157,38,9
384761,686110,59372,542665,24,15
37563,867078,181698,697969,25,41
406904,985941,605264,783856,8,28
66227,890537,75341,175679,5,41
46314,872638,101577,741483,31,41
133865,797602,2112,658909,32,33
138895,224532,37576,969725,46,4
258621,806242,719132,807371,4,27
420840,970236,198566,492214,14,27
103690,798859,59310,925036,43,34
709749,891948,605576,679049,3,9
46470,989746,154628,902886,37,47
170782,911860,376871,776632,19,37
23157,326918,347985,564592,10,15
141764,221385,497547,872831,18,3
178093,962423,113028,734365,31,39
11531,922885,60452,882001,41,45
2642,342862,112900,777274,33,17
122774,869001,55566,316634,13,37
527799,744050,21264,803713,39,10
333341,954966,225913,925221,34,31
320069,570299,227108,813644,29,12
286758,607259,82505,983464,45,16
29564,960955,12163,522323,25,46
52405,643647,175570,303463,6,29
274924,909510,470406,861382,19,31
130387,932484,163666,719800,27,40
170895,263225,606600,676023,3,4
320075,860279,842,907342,45,27
283481,986290,56074,731258,33,35
1693,830727,25822,980052,47,41
938424,985364,87064,857989,38,2
431483,818526,68204,552693,24,19
73751,939586,12633,964275,47,43
241498,992786,656197,725190,3,37
112313,161858,68414,591490,26,2
156038,280396,196493,682217,24,6
200451,678368,295626,915885,31,23
149009,370366,501018,737199,11,11
433655,739994,344341,720120,18,15
66037,994235,79441,815671,36,46
547179,635061,167772,326960,7,4
504626,882270,180414,882036,35,18
421508,828764,279440,867283,29,20
661820,800126,154966,967379,40,6
733362,818171,186226,679948,24,4
887256,944007,273778,697693,21,2
3741,886240,120650,999703,43,44
95678,886728,3442,984182,49,39
423440,945434,78113,488956,20,26
51648,995365,403502,942312,26,47
747209,794329,79326,950268,43,2
266175,855276,432464,852926,21,29
332663,969308,81589,394349,15,31
413450,502592,127813,938836,40,4
254293,993080,131166,759940,31,36
264470,701932,95456,976912,44,21
20755,128602,131281,626378,24,5
565703,616410,5266,924932,45,2
6508,984521,79545,189335,5,48
40271,967758,305254,385132,3,46
25130,630988,184011,872506,34,30
178874,785228,739648,942685,10,30
252977,924153,273760,877379,30,33
218682,426406,319792,576887,12,10
131980,695315,431065,586316,7,28
21569,985773,134992,406423,13,48
427498,498207,351308,778543,21,3
138027,850690,162057,988000,41,35
524172,631773,249493,847809,29,5
30773,681090,57258,719952,33,32
228337,869024,144020,999030,42,32
10675,902310,525331,562641,1,44
47458,929829,173248,296266,6,44
110576,749686,17373,814155,39,31
206340,255790,208285,990705,39,2
579591,815416,128738,984261,42,11
51315,507177,386724,808233,21,22
40106,316850,339328,536140,9,13
324210,867835,583043,717906,6,27
894768,923635,170646,910598,36,1
194250,818377,481516,825161,17,31
208549,735647,81306,936851,42,26
113066,916027,7454,995055,49,40
373280,541501,559446,858005,14,8
436444,759937,79554,970786,44,16
4426,974785,201198,974189,38,48
681246,834129,57104,289055,11,7
325679,667459,654469,828781,8,17
198228,901067,263144,600987,16,35
114211,749031,69264,718124,32,31
283292,998445,38890,996557,47,35
286378,322490,441032,719092,13,1
16923,549201,471877,980474,25,26
193072,743080,94303,651853,27,27
58993,914377,209102,985868,38,42
192129,973058,377729,668469,14,39
41584,867112,49086,469364,21,41
196921,473300,123137,378167,12,13
477931,865753,389486,485292,4,19
271772,581412,34176,958636,46,15
4336,971077,392043,777690,19,48
458190,878274,95427,903838,40,21
645174,902047,822472,978121,7,12
93989,875800,169838,700852,26,39
13581,28619,41946,589476,27,0
299261,952321,16860,912408,44,32
86753,195817,515606,839233,16,5
819522,929263,212511,872033,32,5
26373,306529,33097,192077,7,14
81863,966941,173262,441905,13,44
303505,400202,295364,891523,29,4
228638,954151,307824,409036,5,36
396248,825633,167763,692052,26,21
11187,952122,342687,818574,23,47
11420,595503,41166,591105,27,29
294485,968388,45737,884140,41,33
47737,922857,6963,651600,32,43
277528,918160,424329,715905,14,32
579681,900703,216,759855,37,16
563515,833765,16319,904817,44,13
328278,894444,280270,515914,11,28
15137,128010,166073,445117,13,5
409686,456845,14375,825137,40,2
10554,951253,50774,821037,38,47
582954,994817,406292,706633,15,20
112473,947762,557255,683468,6,41
40151,246945,58840,921224,43,10
650975,763703,307009,831127,26,5
302709,598822,153885,384519,11,14
297155,986724,274786,859907,29,34
82742,339246,156036,724481,28,12
890607,961955,771427,819577,2,3
303005,495951,18353,885376,43,9
65455,877499,135472,746862,30,40
4962,965473,75124,902553,41,48
357,999078,35957,720444,34,49
58558,740995,58380,732168,33,34
448884,917990,432441,574907,7,23
4454,989672,575191,724906,7,49
20727,765500,156366,256446,5,37
251539,978669,482513,709536,11,36
24996,681783,79220,997850,45,32
1991,712134,60746,827663,38,35
522140,879342,5889,948083,47,17
19027,541651,110038,665831,27,26
213501,861983,155853,693715,26,32
444579,521927,327680,975116,32,3
285401,644968,662199,953695,14,17
223211,878183,675685,805864,6,32
205441,385464,142380,833903,34,9
81938,959445,130109,644124,25,43
196561,985429,86787,997305,45,39
236648,758193,448721,807856,17,26
182616,655396,623168,722926,4,23
530359,784339,140489,823128,34,12
28399,906265,94945,934416,41,43
65325,835031,59189,632423,28,38
5129,415865,151622,988712,41,20
4127,974356,326486,364959,1,48
241002,683172,487336,636735,7,22
280208,327466,2769,991939,49,2
68882,932033,57388,925152,43,43
225789,520118,311347,997698,34,14
178862,867180,363375,641557,13,34
113178,962360,476893,911066,21,42
521919,896154,364261,818731,22,18
12425,866685,689212,697341,0,42
39748,856974,732659,998715,13,40
204598,410144,22345,758072,36,10
350702,984970,345975,352611,0,31
213099,867057,480755,682989,10,32
466617,706901,121668,997716,43,12
261176,759946,143099,970480,41,24
23167,974679,360221,740726,19,47
116479,981961,6604,401464,19,43
202609,543533,15559,707019,34,17
64009,960674,53680,973843,46,44
325187,779747,756299,884151,6,22
72745,688337,650116,978828,16,30
71551,927691,107325,838301,36,42
586146,818684,52269,913101,43,11
302431,840318,228703,922048,34,26
527729,800373,2027,697347,34,13
157125,882491,16880,489539,23,36
546426,570062,51170,931802,44,1
906940,933115,307925,989022,34,1
384993,696300,106257,674990,28,15
144625,990640,166315,390428,11,42
146676,183112,335980,970116,31,1
142953,562203,231859,460364,11,20
175104,791753,239533,517692,13,30
145787,887995,4486,969650,48,37
310081,781105,12331,979805,48,23
98681,610445,110848,780282,33,25
261345,883079,31904,965897,46,31
796110,969246,62202,915879,42,8
45777,658298,595416,680106,4,30
7118,968923,200505,980798,39,48
896269,932536,290356,621605,16,1
195107,869407,167720,968867,40,33
473018,996500,66669,744172,33,26
141480,891720,27296,971037,47,37
16579,545393,156686,866390,35,26
518651,834989,228432,979399,37,15
377502,800268,182591,477492,14,21
399529,721295,337172,483484,7,16
185898,717735,332374,987173,32,26
34180,359904,199641,466376,13,16
193008,752659,159115,970610,40,27
251215,892941,82354,630131,27,32
387141,500721,69414,995085,46,5
169912,246367,219603,570848,17,3
429903,669550,307338,967884,33,11
27179,688271,299513,540881,12,33
261168,863248,1993,376326,18,30
101938,714816,7756,984756,48,30
31511,970790,234387,512260,13,46
78961,956570,625463,705237,3,43
118061,783428,565685,607162,2,33
530872,797134,33596,133161,4,13
2879,996718,154020,742348,29,49
479790,655341,185307,810116,31,8
34850,610522,472238,846153,18,28
170903,655512,1636,492257,24,24
345925,485909,200284,883243,34,6
524716,877814,243996,959418,35,17
409414,522407,538899,931420,19,5
10232,851189,12408,997926,49,42
297297,458304,92143,327352,11,8
520015,651770,364089,791483,21,6
143807,723978,44679,980880,46,29
325848,439361,110036,900329,39,5
689849,974259,234094,869126,31,14
364520,747442,564590,833249,13,19
29160,885584,1554,646103,32,42
421788,980589,102276,957266,42,27
524038,533369,549530,882588,16,0
213805,226308,200543,892136,34,0
301451,736344,668967,973379,15,21
163947,764774,697767,876311,8,30
389992,867770,29000,463472,21,23
676917,889309,117054,516080,19,10
231084,558210,72150,556833,24,16
461594,804593,158684,430857,13,17
738722,950045,549816,988336,21,10
16086,956939,50505,981483,46,47
773205,862082,381563,497596,5,4
736687,950900,719911,994719,13,10
527344,759232,555161,955692,20,11
25590,997136,210560,551843,17,48
87200,755192,755441,893775,6,33
241804,593662,90940,516710,21,17
125486,595035,92644,216117,6,23
88022,322636,93005,620037,26,11
395902,727364,406605,773214,18,16
527562,879400,540069,906336,18,17
46464,524991,131678,879770,37,23
259998,901518,551106,708610,7,32
99484,205527,137626,892849,37,5
421999,671979,27626,820728,39,12
122902,892957,527240,989926,23,38
728171,945365,749773,882854,6,10
756300,851102,502477,595247,4,4
77928,89199,89339,891775,40,0
993,982515,390041,603424,10,49
157410,797568,37698,993479,47,32
109887,129203,52559,419086,18,0
13372,439547,365706,547831,9,21
221463,647854,911290,976683,3,21
649813,900881,124634,767516,32,12
231794,868171,205817,792051,29,31
771631,924851,261117,777078,25,7
206962,834476,433343,852851,20,31
126183,403253,16893,738946,36,13
30980,948994,183707,391110,10,45
591379,998937,199575,890037,34,20
138375,881770,805186,971473,8,37
148368,933822,198031,912206,35,39
3474,998376,416029,838778,21,49
2033,966991,376073,593144,10,48
76761,246569,148183,933405,39,8
34858,769999,2908,774454,38,36
129131,974620,193791,368765,8,42
70278,800857,217086,921995,35,36
12974,833693,118283,864889,37,41
2051,978951,198832,861949,33,48
815357,910631,228031,613558,19,4
450310,992753,334921,903162,28,27
646650,877439,243934,461886,10,11
100917,697006,321635,609393,14,29
377557,660877,258186,315437,2,14
314199,978792,737511,933448,9,33
86190,808350,228455,640505,20,36
399683,880991,366193,594484,11,24
88863,882977,139588,943738,40,39
229012,452990,412412,576387,8,11
967585,978499,452720,933778,24,0
501599,627693,24153,999970,48,6
213847,821847,1008,955318,47,30
95165,961884,79373,921380,42,43
105608,931396,773047,968642,9,41
708048,893403,193206,842561,32,9
586499,621926,47839,998483,47,1
560628,651504,425415,463593,1,4
702169,755433,82402,964272,44,2
63183,751705,254945,866009,30,34
691597,921332,371208,975231,30,11
777477,960899,59413,950296,44,9
80267,563580,753559,938010,9,24
143506,708136,300590,935941,31,28
4264,320637,590306,990157,19,15
3018,947658,396162,879878,24,47
257437,432204,666882,676226,0,8
5746,123192,32229,70714,1,5
249618,622454,191687,745176,27,18
94004,969071,61223,689979,31,43
29645,918914,161696,573166,20,44
169003,719787,197101,651712,22,27
142961,589180,192237,230244,1,22
585047,773426,201948,337702,6,9
808958,845342,241755,952582,35,1
600348,956951,639947,746056,5,17
75874,923109,432986,695602,13,42
96390,264444,115188,152574,1,8
210895,236723,52082,414671,18,1
53523,776820,128810,149523,1,36
609024,771077,187100,659599,23,8
558600,683271,307149,626806,15,6
29190,846461,65424,950959,44,40
23861,989594,103332,992054,44,48
778178,966531,17428,969157,47,9
233122,875706,31650,966206,46,32
36209,869192,23651,320916,14,41
440861,695398,106509,943416,41,12
105917,884372,7690,266913,12,38
457407,971888,409642,996838,29,25
603692,619400,255221,673364,20,0
438103,454278,196429,304820,5,0
260378,622478,59596,236114,8,18
804328,953087,308928,763022,22,7
430513,872031,174470,764672,29,22
430526,868071,340558,604513,13,21
51515,913285,355265,718387,18,43
10023,245708,125388,197243,3,11
666114,911933,420233,896180,23,12
104477,857192,42411,777602,36,37
77382,686814,69060,976544,45,30
134986,787798,738004,989447,12,32
76633,625876,337841,735949,19,27
155010,237257,651034,903376,12,4
436004,844438,29769,76314,2,20
386784,875059,77313,198826,6,24
29199,908000,183712,485204,15,43
307726,948875,654267,771286,5,32
392193,565425,170703,256956,4,8
27542,976133,161741,367715,10,47
188785,978291,56780,904065,42,39
29750,766288,2448,810500,40,36
559341,577370,498145,792284,14,0
105369,520391,271916,848045,28,20
41000,989145,278620,990409,35,47
270169,559301,81654,478610,19,14
188106,922931,286883,950464,33,36
70951,987090,138609,258323,5,45
694627,883245,13450,157225,7,9
204008,796862,473086,573234,5,29
54305,614272,29749,761647,36,27
700907,709393,245155,502291,12,0
47090,718741,32575,950377,45,33
51096,530416,160805,363480,10,23
86047,151977,4226,842662,41,3
150894,401337,376567,784661,20,12
459238,872795,208227,277947,3,20
2020,986435,324908,969889,32,49
531461,999259,241708,906826,33,23
194251,849346,214841,915271,35,32
120425,739707,90575,926466,41,30
228371,971116,20706,939325,45,37
272875,767011,235321,577570,17,24
471611,695063,23045,836726,40,11
610994,854324,572702,734200,8,12
494685,992081,56811,652148,29,24
236158,935878,15343,963483,47,34
65049,862249,643069,681382,1,39
1000,997994,164214,658005,24,49
200584,970561,235571,584798,17,38
78684,830792,216318,921017,35,37
139478,786930,23297,658559,31,32
310071,519160,264183,355336,4,10
105052,984153,396233,883908,24,43
347150,433159,513389,869120,17,4
335567,826885,496851,498254,0,24
218200,699342,358699,516852,7,24
30578,622984,176390,925952,37,29
28981,583593,274912,957787,34,27
569050,839070,100064,111411,0,13
10177,919928,1426,999902,49,45
2861,176344,125794,870301,37,8
688150,737152,235980,715624,23,2
514799,841912,184986,372510,9,16
89141,924796,125032,373910,12,41
58209,82280,67431,589319,26,1
240074,686785,412268,885127,23,22
139107,257567,329681,700397,18,5
425764,938703,14508,975503,48,25
588524,745373,138601,510936,18,7
44066,902275,279601,595825,15,42
681597,692297,114506,774837,33,0
32828,923572,639169,707122,3,44
170677,322831,86297,620608,26,7
127677,986451,57880,808314,37,42
392842,781659,397611,692306,14,19
300216,995072,279335,925387,32,34
252124,941353,68189,428246,18,34
23140,987571,17437,897411,43,48
144918,405172,304427,683188,18,13
454973,872387,169894,542113,18,20
80435,997260,119932,781963,33,45
8722,889363,229761,853646,31,44
7678,989404,23060,854962,41,49
154963,868426,302912,923835,31,35
268220,303966,591039,620827,1,1
43575,943420,19634,527215,25,44
43030,422009,233635,753135,25,18
68378,965513,133968,668402,26,44
460734,764344,7426,977126,48,15
475643,885510,598982,953644,17,20
13926,942447,41371,980719,46,46
175239,883548,312333,398004,4,35
275526,407735,27440,940681,45,6
440420,586945,181888,445754,13,7
54131,992242,401071,658348,12,46
93888,925928,61063,869915,40,41
82216,748977,190338,703412,25,33
402942,702573,228773,990036,38,14
186815,856029,238862,545312,15,33
196897,987952,13475,758891,37,39
2313,434454,97083,513270,20,21
440066,685728,173864,944072,38,12
62720,994884,86767,611040,26,46
43334,619590,154470,838901,34,28
590045,788670,5549,995992,49,9
322784,764341,381427,796041,20,22
386272,987888,481368,782715,15,30
46523,839460,221731,364740,7,39
16107,961612,339375,525765,9,47
614735,738231,202455,962267,37,6
713894,786148,13791,928746,45,3
202174,612670,146537,966272,40,20
61174,973703,99795,787751,34,45
185422,894079,38191,998774,48,35
618341,807504,396514,874423,23,9
663781,844088,136119,663144,26,9
281486,616514,550152,989965,21,16
141140,997068,784001,982024,9,42
245548,987828,350226,754896,20,37
224871,722263,238004,910672,33,24
271320,351264,106582,733326,31,3
112975,995500,26335,930394,45,44
663668,992263,535904,855445,15,16
115826,889755,361120,778756,20,38
250671,692548,149848,965450,40,22
369175,390330,271820,398176,6,1
201679,996972,631407,677615,2,39
43032,363299,673075,768734,4,16
315319,528209,127747,845593,35,10
134940,795587,217749,292628,3,33
420545,840835,116649,539951,21,21
301471,990981,5548,999629,49,34
135974,836978,323936,595242,13,35
175609,386821,223965,922479,34,10
342283,411581,269854,465871,9,3
248019,961515,57160,846901,39,35
330032,767147,729956,771579,2,21
76565,667636,328252,517945,9,29
327159,939912,189369,699113,25,30
199495,562932,299035,983486,34,18
692937,815642,313809,970500,32,6
368860,846220,204,349492,17,23
23555,990689,391194,568844,8,48
814395,919315,32637,509809,23,5
241648,718036,61682,981435,45,23
455302,805035,399379,889841,24,17
324949,692668,186159,651867,23,18
87075,879638,644,922823,46,39
565824,640139,99409,759609,33,3
256718,655309,716823,967094,12,19
362469,920705,364746,572144,10,27
347025,998669,175685,763406,29,32
155029,693874,68533,186468,5,26
276450,958123,600580,985667,19,34
646077,816087,352564,490993,6,8
367118,595190,5984,500323,24,11
485043,864574,162607,978636,40,18
699242,801557,154498,213748,2,5
39667,922082,4591,984302,48,44
459478,994801,36131,925631,44,26
235604,942668,188735,351979,8,35
241783,785974,270916,876098,30,27
708448,773716,594175,632017,1,3
30356,792324,363044,546488,9,38
284710,552188,348263,840640,24,13
692443,786046,18226,707623,34,4
259844,961582,432650,473439,2,35
29609,60542,175575,383435,10,1
104656,592210,121310,835340,35,24
247156,995670,700568,928655,11,37
133661,901534,159625,929280,38,38
87299,653052,727268,990505,13,28
22815,683579,539884,881942,17,33
454544,493390,413516,974755,28,1
45855,972767,404953,738104,16,46
425758,842042,521767,770366,12,20
409461,850506,251039,869376,30,22
217438,706789,178420,804510,31,24
474203,981344,189870,712058,26,25
524868,536400,464675,642925,8,0
6831,407947,46702,948025,45,20
251517,308831,233408,908261,33,2
170162,709892,66821,508210,22,26
439035,868041,177331,544954,18,21
665972,716725,148715,182000,1,2
92602,956966,155422,293513,6,43
426537,895828,116064,914813,39,23
157837,939591,221657,906865,34,39
344446,751905,312402,455291,7,20
27412,813729,115256,572979,22,39
98107,975902,624276,965250,17,43
108301,368948,254654,549145,14,13
377930,801488,524082,873299,17,21
121028,281154,176716,867446,34,8
137463,806667,165451,760587,29,33
49392,878253,15606,388440,18,41
849,602171,178873,951637,38,30
14709,957011,825473,866184,2,47
348784,949664,183293,304785,6,30
55587,991253,468568,867069,19,46
19956,976048,6820,992681,49,47
90769,312600,88434,210796,6,11
197258,961538,189520,487318,14,38
74416,893261,340473,346164,0,40
1421,956425,60960,890763,41,47
42124,663115,182304,679193,24,31
27929,452250,18139,995469,48,21
215866,716068,4146,999957,49,25
571050,823096,362925,649883,14,12
970956,990569,5252,833103,41,0
182499,870272,5794,936349,46,34
53874,839960,109445,872760,38,39
507856,761331,74835,996889,46,12
2270,955721,735037,796379,3,47
595794,854588,138236,330168,9,12
306414,659980,300434,913132,30,17
388512,912498,69236,92798,1,26
672385,746782,893287,998589,5,3
1618,988938,369066,756236,19,49
94563,908899,37401,207394,8,40
74141,205488,57966,791886,36,6
153655,451619,5166,963213,47,14
366560,446412,81170,876886,39,3
272211,633912,240122,511854,13,18
236639,922606,6254,978041,48,34
32403,947245,488849,906665,20,45
883010,926452,439567,545359,5,2
142437,539229,156658,958581,40,19
374499,437563,433491,902368,23,3
127719,274638,63554,801079,36,7
415844,473967,169612,994793,41,2
79695,979413,751007,957788,10,44
504142,969520,707548,745642,1,23
121774,169798,185716,486773,15,2
72043,975173,28440,410466,19,45
504354,774607,182098,748232,28,13
99783,375743,159793,931665,38,13
5207,311512,694331,850741,7,15
83457,762099,9749,995038,49,33
208262,962857,463919,985580,26,37
46349,972264,564844,788504,11,46
663309,738248,104139,342658,11,3
67109,998908,418507,599431,9,46
45331,990849,10950,731354,36,47
5603,845546,306809,507590,10,41
240445,889427,294588,907455,30,32
242764,639265,353942,888016,26,19
20686,812460,67431,905676,41,39
60048,825423,79316,387395,15,38
7206,999273,470762,707100,11,49
100654,397225,85981,789826,35,14
519515,997975,360736,599460,11,23
44724,792890,396,993972,49,37
111973,737906,71406,222356,7,31
792000,910847,120493,935239,40,5
107502,720442,742240,758348,0,30
702500,870229,558712,977096,20,8
457145,966269,434308,865433,21,25
926683,929714,405,856765,42,0
177524,717763,349492,456402,5,27
761320,907276,277464,978017,35,7
675359,676300,309063,433601,6,0
116181,915117,72533,245360,8,39
735967,913496,190029,959984,38,8
131191,345869,510593,953198,22,10
250554,645204,241356,715562,23,19
79018,974485,199794,926058,36,44
278238,748310,169051,718365,27,23
275388,997276,381585,998072,30,36
11990,847498,387231,743144,17,41
131710,288240,148716,444269,14,7
16734,933656,69095,881316,40,45
155443,765549,50813,540827,24,30
13169,109103,448881,916282,23,4
301093,763282,824,999164,49,23
44489,964252,311575,859979,27,45
270307,836536,146463,882693,36,28
768803,775889,51502,989286,46,0
514825,668032,46747,897755,42,7
54716,181085,19279,478154,22,6
333737,996580,184141,451917,13,33
112434,839221,64073,618642,27,36
285139,784614,89218,956149,43,24
346243,914421,179795,838083,32,28
57799,337761,596686,951492,17,13
32725,827537,102880,580097,23,39
639646,848407,31258,626105,29,10
1153,996359,660037,840400,9,49
71102,898720,154029,773656,30,41
613850,925839,497009,821188,16,15
220726,279221,138236,578363,22,2
276974,576306,229857,700428,23,14
15676,499840,618343,882283,13,24
28432,990681,117000,483072,18,48
270322,765746,7296,964657,47,24
97469,738781,147720,372828,11,32
502746,790797,185861,691858,25,14
1031,21786,387959,533652,7,1
272949,604839,662044,888506,11,16
17683,610616,186223,561582,18,29
208805,979329,986,871713,43,38
67453,834012,34838,863325,41,38
276998,695979,488947,886440,19,20
331,900832,544393,837552,14,45
177540,830413,359365,769323,20,32
206410,327904,115853,967194,42,6
32184,158896,198990,374016,8,6
668606,997090,588143,946125,17,16
50273,995633,216167,319810,5,47
743919,948940,267265,284091,0,10
497117,540349,329568,592484,13,2
33002,940501,107856,551241,22,45
797994,888355,203703,980525,38,4
328361,715555,213927,270349,2,19
186110,956727,126246,762012,31,38
275905,276467,52002,956434,45,0
539717,977565,538001,876849,16,21
513086,727913,693409,839506,7,10
90870,375587,59547,976495,45,14
406872,938765,44570,611589,28,26
725334,877460,3250,192604,9,7
248076,951859,202507,848458,32,35
394350,658785,208777,879201,33,13
1288,183357,136654,337029,10,9
3339,995474,189011,897848,35,49
392998,996359,118498,659475,27,30
45729,982517,87198,999914,45,46
235671,811695,146717,854622,35,28
2083,276666,301589,766123,23,13
325885,689672,106785,895599,39,18
387665,684581,109370,319055,10,14
86052,923222,62729,749102,34,41
88818,887015,421021,722033,15,39
123822,719397,165126,552896,19,29
148587,700185,39928,983587,47,27
86764,750350,236406,987384,37,33
82182,377843,417493,741299,16,14
115478,875776,669488,720063,2,38
468453,908983,684909,798432,5,22
522663,546852,354200,366355,0,1
352515,559904,30916,554634,26,10
161165,364262,281877,850177,28,10
104512,688841,482044,759141,13,29
35510,136699,1982,993273,49,5
573453,632472,37397,984894,47,2
409555,490748,372125,940458,28,4
25637,981392,237093,856296,30,47
292495,371558,11107,771151,38,3
52146,851762,238454,448852,10,39
365769,529004,196343,933274,36,8
48709,325248,495602,540432,2,13
266036,789914,67456,650584,29,26
495287,543383,264143,782120,25,2
10270,992749,513726,878265,18,49
602702,697666,4082,888559,44,4
367538,842198,566452,841377,13,23
115792,987486,674850,725597,2,43
524202,799332,591941,707843,5,13
20854,940665,95638,848111,37,45
89793,874041,4491,793046,39,39
276166,473456,62828,341964,13,9
496082,882709,200380,527111,16,19
472853,855400,486648,937005,22,19
205452,987282,33046,622090,29,39
3961,997105,2745,930316,46,49
6973,817117,122205,813376,34,40
94377,669815,80688,293297,10,28
87471,972724,253398,752563,24,44
282085,414068,117510,900059,39,6
230656,756326,180460,415735,11,26
125444,869486,91252,896960,40,37
20388,760882,38678,179916,7,37
381011,990277,226575,703665,23,30
343891,531655,34221,783812,37,9
638632,662878,49924,362641,15,1
853206,865865,619140,619185,0,0
71745,999283,278920,695654,20,46
32567,976329,172517,843507,33,47
127831,943742,91279,810532,35,40
30834,867092,3799,979153,48,41
24375,987285,740895,789343,2,48
345446,830856,20167,811111,39,24
294544,927531,315772,829193,25,31
395334,451912,200796,421696,11,2
80508,989733,129693,902710,38,45
567359,982269,1307,998880,49,20
383633,398911,418974,492690,3,0
596235,762280,795847,844537,2,8
472541,899247,101134,651315,27,21
19245,998958,175819,926398,37,48
6699,977805,740726,806388,3,48
228152,890615,60506,933675,43,33
749086,885860,90117,915784,41,6
16484,998065,49081,184548,6,49
80659,979519,91292,786210,34,44
128402,957333,910296,922422,0,41
463707,695737,216489,994631,38,11
139882,962503,246085,710889,23,41
333265,940246,106810,978170,43,30
465164,881100,215975,745859,26,20
168241,751180,235886,825523,29,29
314026,643360,172668,637527,23,16
460723,959352,226943,955797,36,24
457546,681877,84713,832034,37,11
26927,959794,29722,895560,43,46
10460,996692,169893,915846,37,49
97234,231933,2690,987902,49,6
550508,922130,45017,666633,31,18
182247,696217,538624,659397,6,25
69555,961294,596400,698755,5,44
137837,901550,249785,786179,26,38
387388,831554,290885,822117,26,22
53184,947795,576899,937702,18,44
370500,480059,289497,926117,31,5
720021,916274,440510,499034,2,9
404341,518631,448447,884773,21,5
10613,991916,499356,944918,22,49
316643,646985,298714,964036,33,16
40606,577377,45936,805677,37,26
