216105,930884,217549,548625,16,35
258787,621180,935356,975471,2,18
237377,963125,185885,782336,29,36
765335,945011,20216,935135,45,8
246781,473421,51675,191899,7,11
183135,733252,444362,551659,5,27
566192,912730,198302,934656,36,17
419426,727481,1102,990828,49,15
50892,482955,320898,997118,33,21
134731,997658,38682,930198,44,43
679377,710444,737538,913479,8,1
355112,862499,86117,782269,34,25
151148,990890,68686,717688,32,41
216820,680593,220159,298070,3,23
93835,970195,68300,772514,35,43
60996,966948,275083,961340,34,45
106245,587202,533992,606403,3,24
448109,987534,273045,877097,30,26
6427,974196,135843,750292,30,48
130760,997700,136501,908316,38,43
389133,937000,708825,863377,7,27
291201,690808,96409,860168,38,19
297081,317488,8779,696759,34,1
99655,567362,37065,810072,38,23
144075,863946,182545,253325,3,35
251246,614128,268516,595478,16,18
299224,571545,465338,991319,26,13
245407,826383,726082,912490,9,29
12057,874447,164602,691168,26,43
130619,743760,25193,87746,3,30
512573,809408,408310,728002,15,14
184764,752649,619961,688651,3,28
348996,708252,162881,320706,7,17
158863,984294,56485,559800,25,41
34490,780362,79253,937547,42,37
6322,960726,187,969450,48,47
725,978066,25806,992357,48,48
58820,983231,137575,266742,6,46
133423,626399,113121,678060,28,24
50248,924912,60569,962242,45,43
344323,718880,905595,976484,3,18
133268,707830,478120,750217,13,28
153330,257700,53002,211746,7,5
401966,614720,280401,787255,25,10
98266,942581,48918,152367,5,42
35589,983306,314151,953737,31,47
8371,551820,22061,876529,42,27
805448,926053,633583,792155,7,6
221344,993323,304168,718077,20,38
172631,207589,473710,800625,16,1
222241,808087,215135,766504,27,29
522237,565873,207019,720021,25,2
403989,617157,330605,677423,17,10
52939,925464,203921,685851,24,43
204918,234474,104612,935112,41,1
92149,863081,589646,812636,11,38
340983,344551,140437,968385,41,0
19775,955429,128805,907646,38,46
201435,939990,27002,284633,12,36
255580,506610,34788,961339,46,12
63797,634279,177157,990103,40,28
141230,981215,180289,979512,39,41
617216,881527,28406,932351,45,13
577111,888158,63488,365343,15,15
124785,650921,248157,893335,32,26
117280,518963,270771,781550,25,20
459432,695408,6673,975241,48,11
116829,285850,381323,504501,6,8
208,999460,21813,972400,47,49
14046,992028,145425,782591,31,48
130540,680208,76881,988415,45,27
268076,348827,203428,727054,26,4
506426,566864,57812,971502,45,3
635516,662300,179641,289146,5,1
479188,945211,60054,381455,16,23
653148,933303,518370,602081,4,14
311050,653400,642944,831150,9,17
138738,970780,536135,996348,23,41
269593,272349,21329,331834,15,0
15184,500973,734506,907287,8,24
40572,632845,568847,851407,14,29
695147,972140,759930,926760,8,13
10704,947987,97237,382059,14,46
528857,680442,423496,972047,27,7
450298,914889,255285,347889,4,23
39129,930669,551008,955420,20,44
63396,137647,739664,981348,12,3
487141,813452,441957,744430,15,16
234786,794242,34453,124024,4,27
238076,601905,33513,695373,33,18
631464,751523,162,999350,49,6
1942,973831,650468,857422,10,48
627811,689542,209500,877863,33,3
110537,925741,47900,597167,27,40
22554,891049,232331,621088,19,43
409431,845842,593947,959755,18,21
7917,957687,764931,979023,10,47
490895,679165,1307,918798,45,9
523302,865061,208839,634536,21,17
14092,519534,123116,335505,10,25
224560,740082,507232,970353,23,25
26591,799044,187895,812363,31,38
13380,918546,62878,214427,7,45
86166,265553,72235,969053,44,8
265258,857639,72507,926741,42,29
101405,747098,648818,888677,11,32
191374,625075,358849,509109,7,21
15994,920832,41990,991352,47,45
319600,886321,470847,951520,24,28
188352,713523,158530,750035,29,26
53669,401748,228859,891620,33,17
75196,878332,301357,550283,12,40
48469,956091,145057,719924,28,45
351741,574297,400102,417955,0,11
558,999174,413157,603805,9,49
66202,697533,503781,762602,12,31
24988,981091,189131,993454,40,47
50955,845419,187510,550710,18,39
39353,301669,50290,616504,28,13
157928,919794,132137,938206,40,38
30053,938469,104845,638197,26,45
138707,487372,13457,978918,48,17
446239,770435,315443,973730,32,16
143585,731137,25371,910706,44,29
148112,589019,45883,619436,28,22
223296,477955,4270,973636,48,12
115115,352901,15006,490797,23,11
204487,766776,12444,885983,43,28
6051,488524,39138,767004,36,24
42197,716359,414581,743655,16,33
450315,678694,78085,936416,42,11
712203,952202,97392,981387,44,12
318791,351449,3089,993231,49,1
93622,442492,8523,988806,49,17
669452,845955,68473,899233,41,8
570007,591533,134974,692312,27,1
343380,958506,625458,934821,15,30
575012,878908,12058,989663,48,15
295342,870695,59163,744924,34,28
651417,850060,706645,998820,14,9
487331,510301,50718,905207,42,1
108565,901066,61,994000,49,39
11317,872844,993195,994206,0,43
580875,707745,145752,856808,35,6
97576,202449,117119,751892,31,5
711892,751049,142004,566627,21,1
151182,908203,50022,206829,7,37
468158,968723,200174,530305,16,25
331411,371988,64384,886911,41,2
80115,506338,254092,679261,21,21
246375,955838,236742,801801,28,35
236545,704396,55575,674859,30,23
52788,700170,120917,928601,40,32
27918,950083,36098,190571,7,46
63513,273310,729519,764974,1,10
279454,987377,276678,738439,23,35
178118,965874,132545,976959,42,39
72656,904436,320740,853511,26,41
36439,993655,406570,509297,5,47
297007,862458,88522,710994,31,28
457616,919075,774440,949312,8,23
345294,822382,58283,610016,27,23
2547,989208,18835,579021,28,49
609259,996475,7303,999424,49,19
367102,728001,335827,934301,29,18
117576,994419,814866,910399,4,43
497905,515803,642547,801001,7,0
208186,951446,3774,991751,49,37
169011,357007,30233,996096,48,9
798120,948880,801906,985230,9,7
318134,329283,75988,970163,44,0
26902,947286,7898,809756,40,46
76145,609063,574211,906704,16,26
412543,783245,39249,334692,14,18
152913,432878,11000,864396,42,13
677171,921127,22302,870329,42,12
80738,371750,209478,441735,11,14
876229,933482,467624,777998,15,2
127719,711044,285569,973821,34,29
190065,818961,23426,130863,5,31
144383,937004,73014,757619,34,39
12199,81716,146188,861810,35,3
3847,665244,90831,834413,37,33
89440,630168,187753,998489,40,27
134002,251548,593060,984952,19,5
271792,488810,11085,905983,44,10
140615,905948,10804,925298,45,38
661721,704610,33054,740122,35,2
595104,948188,168059,930333,38,17
466447,839521,162612,434073,13,18
419598,814891,305881,933681,31,19
110370,939074,424580,875280,22,41
166477,792396,136598,485947,17,31
208669,509502,99020,382631,14,15
224861,653290,56472,826892,38,21
1892,998251,68142,615282,27,49
91332,991605,3101,799977,39,45
17226,994413,296551,963916,33,48
77931,654337,583546,685086,5,28
684993,821792,358302,828757,23,6
21843,184019,278618,465557,9,8
28441,336588,514578,851026,16,15
69833,995014,97162,988918,44,46
215836,258602,141711,500773,17,2
220742,945843,336254,575433,11,36
82604,987461,299365,898989,29,45
126948,927789,220424,955336,36,40
16073,124848,442101,614680,8,5
528324,547339,72092,692018,30,0
82741,704957,364059,427324,3,31
23052,543487,45889,861467,40,26
362127,521201,110504,790686,34,7
43703,518454,63609,930446,43,23
26313,635170,105641,588672,24,30
101168,747919,413631,954627,27,32
508828,834484,59146,996049,46,16
177595,512046,860436,893776,1,16
293570,993549,113063,894974,39,34
105035,914679,756,156773,7,40
21204,955685,880595,911713,1,46
35518,966603,18038,943641,46,46
759712,882531,521385,964737,22,6
170054,488945,634578,693976,2,15
542961,786729,403668,703524,14,12
139872,807259,315663,627151,15,33
54293,954677,220622,934678,35,45
53841,951831,614988,877264,13,44
183958,364094,764216,924046,7,9
41298,391637,179102,994683,40,17
248516,566980,111166,883073,38,15
430,530424,81825,941658,42,26
177496,937163,698251,770584,3,37
166477,896472,316649,496341,8,36
145652,528134,2075,980747,48,19
56470,966340,64518,606008,27,45
101138,951321,368380,908152,26,42
196755,809588,213757,904817,34,30
58649,943165,150900,483010,16,44
57517,145941,293071,332720,1,4
471437,837781,522823,526913,0,18
393891,858744,127489,985529,42,23
320548,963499,591660,978403,19,32
12716,667993,464536,803021,16,32
62892,807478,681975,999016,15,37
817029,947827,119859,610123,24,6
313275,741004,3337,976613,48,21
95100,788133,407769,994658,29,34
517780,565003,289115,910909,31,2
59768,120969,136277,554926,20,3
178676,566586,129577,584927,22,19
40386,989517,481979,948664,23,47
2682,868476,241797,428320,9,43
231063,670473,67548,869227,40,21
172511,278401,415640,979758,28,5
215902,985905,363405,760404,19,38
138080,769661,38930,655655,30,31
613725,863837,33523,454104,21,12
834,735084,484023,766975,14,36
476454,704640,140572,753812,30,11
312227,877158,109434,837206,36,28
40342,577270,559651,919344,17,26
387,997802,208837,210308,0,49
780367,780822,813755,872259,2,0
498963,770641,51882,638324,29,13
112477,566566,297021,537885,12,22
63995,846132,181026,807924,31,39
159320,740132,50056,912450,43,29
401313,939999,644546,961376,15,26
271288,731595,160006,813469,32,23
709658,810910,251502,743699,24,5
87844,914785,91264,530548,21,41
100653,592063,216320,892596,33,24
481995,818395,71850,689807,30,16
301820,340372,129232,892271,38,1
13433,996623,571011,779700,10,49
102999,863694,39539,916244,43,38
585143,676113,406524,884967,23,4
157546,884112,87212,656130,28,36
40251,684942,40949,913041,43,32
481663,878452,214827,790832,28,19
82055,891567,21845,962168,47,40
541868,637350,623447,945965,16,4
18379,987535,2482,999965,49,48
253029,811352,276605,954120,33,27
261383,885414,146150,775793,31,31
920189,964831,77019,463704,19,2
37372,826418,131435,991817,43,39
215643,531769,28427,901483,43,15
499104,827367,183915,238008,2,16
261830,910525,475226,686477,10,32
414836,683831,150183,396070,12,13
92855,505426,18547,301050,14,20
176673,243613,329691,348656,0,3
334633,902966,578544,932654,17,28
221357,961346,314941,676275,18,36
453290,501641,276954,963331,34,2
64654,436344,197861,351760,7,18
581390,938993,256857,609555,17,17
509442,956680,485790,912332,21,22
306298,626989,395017,974547,28,16
40049,380823,606289,892679,14,17
341556,518888,43107,922365,43,8
69648,808008,156587,246265,4,36
276596,495352,580902,898698,15,10
290533,690132,461400,495158,1,19
242426,539980,114753,887452,38,14
295799,907237,357435,936881,28,30
446445,458853,445641,630553,9,0
702841,932097,100824,524277,21,11
554109,891296,10901,792617,39,16
18494,283290,48104,374528,16,13
486028,860834,537522,784455,12,18
492138,508163,45288,838446,39,0
327297,900361,643698,829524,9,28
585586,847414,379093,526264,7,13
386899,771000,174919,886891,35,19
729487,854264,122430,973089,42,6
186308,733801,453705,955247,25,27
879909,993488,487115,585757,4,5
499640,913487,357095,834802,23,20
374506,975091,250562,618184,18,30
307125,715418,112824,609092,24,20
9575,985391,403485,582847,8,48
35435,781802,140045,864366,36,37
31308,990461,59612,735959,33,47
482094,832376,449651,787146,16,17
22311,983178,28098,856168,41,48
821605,908518,736006,782752,2,4
85940,185407,313938,879214,28,4
514604,968518,504745,538655,1,22
184804,291067,49381,937815,44,5
747876,993434,880686,987617,5,12
88097,570454,156155,814995,32,24
67961,387168,431652,860621,21,15
526917,656825,693004,733512,2,6
469003,887244,18148,250836,11,20
363234,637308,812493,846774,1,13
347040,628053,147867,203001,2,14
134006,978236,524221,863314,16,42
692063,998103,96009,161285,3,15
4872,974402,817687,847818,1,48
55967,871950,243960,839129,29,40
422823,941810,812125,816390,0,25
262550,817471,286939,643123,17,27
64436,961470,28363,928252,44,44
80440,705274,5806,714066,35,31
80156,597653,86238,706639,31,25
273428,985871,257027,691305,21,35
192403,461849,28641,842945,40,13
62339,718495,201695,799786,29,32
68067,791978,18504,990338,48,36
230262,521413,759175,903554,7,14
5736,992005,135685,854567,35,49
238901,720760,802999,832596,1,24
343844,645660,349423,954538,30,15
352612,449658,814956,953326,6,4
350226,836524,135893,751568,30,24
199311,324213,63286,927711,43,6
278427,639200,425263,882314,22,18
247178,538836,121552,845011,36,14
152993,982693,65120,835971,38,41
858558,902594,233109,342087,5,2
152823,971015,104527,945861,42,40
3252,981472,200545,796728,29,48
37625,999749,195545,320179,6,48
100353,146471,23457,976051,47,2
53364,522992,32356,832352,39,23
252732,967300,643611,768881,6,35
17871,850952,14082,947201,46,41
49924,242388,123190,986702,43,9
353022,992107,95025,693663,29,31
56,784927,382568,732965,17,39
713132,873218,104324,641988,26,8
350702,927059,518989,762982,12,28
433016,740601,449344,954081,25,15
272896,380720,346122,479513,6,5
175356,434702,395402,414146,0,12
80682,681207,70975,981561,45,30
12113,193880,122711,692463,28,9
302532,958512,535861,960691,21,32
379261,787607,529359,988553,22,20
289205,414840,317021,943339,31,6
335373,937153,588175,927421,16,30
554496,579966,173506,590045,20,1
602690,906223,452647,914511,23,15
5061,729892,284766,696803,20,36
215974,640772,97886,698505,30,21
344821,781657,83818,923268,41,21
543,998739,102412,430934,16,49
133434,301761,359574,425126,3,8
28127,168824,341908,542179,10,7
226402,901794,142154,845786,35,33
745370,993095,15806,607888,29,12
67023,451114,61662,990517,46,19
306669,837286,267,928773,46,26
365429,406591,495481,986054,24,2
5549,986301,46175,494946,22,49
538210,826695,85722,840580,37,14
218141,561799,91128,949516,42,17
74409,281838,378151,791336,20,10
313703,635088,136600,651761,25,16
454121,747826,311185,424439,5,14
735160,959197,640670,889046,12,11
231661,508332,7809,990087,49,13
36137,982210,96107,843421,37,47
89484,949177,36038,869681,41,42
33026,816765,30784,970505,46,39
457872,628312,34218,957798,46,8
5518,631215,219825,628191,20,31
225878,970174,523544,915144,19,37
131824,289434,587526,620468,1,7
263364,688392,99157,964541,43,21
538049,666170,27563,379493,17,6
175697,368094,471942,477849,0,9
311244,875466,3072,999470,49,28
311113,806119,45089,801069,37,24
49772,975440,34942,982125,47,46
256426,882961,710720,912107,10,31
496149,940656,494841,944772,22,22
988543,994102,162310,666097,25,0
431260,841796,2693,749539,37,20
622647,791365,119732,570318,22,8
378553,491716,55736,781505,36,5
452562,689331,172787,841811,33,11
256404,863909,390989,507892,5,30
164260,967788,54494,860887,40,40
410540,449600,400990,904741,25,1
48906,980676,82119,814125,36,46
302293,497290,728113,789463,3,9
67618,304647,228001,312384,4,11
298911,976695,99863,229286,6,33
64057,728386,239188,672882,21,33
432381,977530,109567,794521,34,27
275319,633948,251705,960405,35,17
775475,801568,283437,933484,32,1
300507,770809,368555,593055,11,23
361121,963549,27133,968071,47,30
244693,360029,234089,553579,15,5
459488,803266,206618,797534,29,17
28132,749555,188185,797687,30,36
234466,898041,212050,659317,22,33
180567,652307,35704,934412,44,23
1061,995792,534362,627844,4,49
283014,655297,227496,584114,17,18
48843,756218,316770,976507,32,35
182450,835858,42705,942165,44,32
67167,484926,1148,999711,49,20
19807,35239,10949,916140,45,0
20105,893347,711288,827359,5,43
731844,745607,235675,370970,6,0
161949,448125,72650,420993,17,14
264087,547289,326839,866420,26,14
286659,880988,610824,682335,3,29
843757,959170,275058,330015,2,5
495508,853953,31848,985950,47,17
309297,999259,396430,939264,27,34
51421,166449,230532,521457,14,5
1387,846877,192620,845915,32,42
554832,655092,112369,954195,42,5
633435,693355,10442,460906,22,2
424900,927341,112149,509525,19,25
1736,994522,721103,799020,3,49
529789,802812,11824,790965,38,13
226440,825165,456323,729238,13,29
87620,766973,7643,830829,41,33
438046,665337,67426,962075,44,11
227642,742319,218880,360031,7,25
251730,952084,320993,523136,10,35
510744,773150,311980,956171,32,13
713676,839233,22637,906892,44,6
255755,821836,739285,746209,0,28
342101,620438,119881,878291,37,13
3583,997237,180016,769720,29,49
372260,924648,37649,808746,38,27
636551,972227,547067,566605,0,16
308022,540277,27449,671343,32,11
158967,971208,531923,736119,10,40
212592,983899,417850,893386,23,38
421076,608957,269432,616442,17,9
346794,541969,129524,964159,41,9
23999,580845,377861,997885,31,27
308190,331504,185614,775165,29,1
163184,714939,26447,30053,0,27
97268,253824,144131,903653,37,7
347406,811013,421431,904529,24,23
85503,316569,5268,988019,49,11
140421,568567,199663,991548,39,21
174460,957410,90263,654774,28,39
334700,432575,184576,926866,37,4
344880,783975,274394,329292,2,21
33357,262344,101345,288275,9,11
458134,534187,122290,654421,26,3
545958,603042,176591,979269,40,2
152670,934717,250030,447421,9,39
283521,993805,21227,946525,46,35
8477,870439,21824,858008,41,43
809744,979750,772176,856031,4,8
193339,501056,131942,979680,42,15
834375,893373,46168,717914,33,2
16857,856264,156567,905604,37,41
9772,744662,148056,596363,22,36
537732,866360,573385,939437,18,16
287676,814248,273860,691717,20,26
359176,956162,18114,801398,39,29
757347,879943,719447,829661,5,6
60249,374219,374820,527112,7,15
739309,965646,190429,320744,6,11
89585,915990,145760,162792,0,41
156658,860958,137342,252318,5,35
295261,846410,188206,366727,8,27
178212,606768,246481,600679,17,21
26691,981230,221289,669194,22,47
90305,171291,812330,880242,3,4
102038,917695,260828,916958,32,40
157318,885844,152800,852185,34,36
492720,844723,87409,962682,43,17
19873,801208,286043,894404,30,39
39424,577377,93075,210689,5,26
30456,457034,186929,944369,37,21
685014,948231,306805,971347,33,13
905498,980791,429642,979901,27,3
448110,873319,366526,369829,0,21
203305,647581,133769,907167,38,22
124702,924901,15085,993181,48,40
591164,974801,589347,760844,8,19
310844,599913,296128,358754,3,14
89434,609124,241329,264473,1,25
39023,740116,263732,320536,2,35
204156,667288,540436,942682,20,23
142403,986163,446679,949892,25,42
593323,732838,483070,494210,0,6
339859,496129,204278,858391,32,7
41269,391230,195438,240359,2,17
622855,922553,400627,904412,25,14
285995,980596,123594,934149,40,34
207074,769363,203249,670315,23,28
139734,920067,289934,511804,11,39
510793,733288,167357,901816,36,11
296620,560946,649078,857471,10,13
173175,942253,175103,955484,39,38
140137,523543,395582,662067,13,19
86253,745883,210906,729432,25,32
487842,781518,827115,988219,8,14
275497,909467,8157,955454,47,31
72814,690256,74255,238252,8,30
36697,972804,163338,496111,16,46
562121,577196,157119,733740,28,0
152852,939585,68644,961861,44,39
318628,540340,66433,226606,8,11
574952,738357,346708,761160,20,8
92304,819121,44396,309217,13,36
30846,997122,164040,523058,17,48
590055,999723,518484,632481,5,20
60879,845285,731309,802883,3,39
27869,741914,433789,979541,27,35
706919,995248,255671,277605,1,14
74178,439096,563231,734058,8,18
545534,992802,781674,917423,6,22
769763,931156,372640,988061,30,8
123265,191719,100230,725498,31,3
28593,711210,117752,989660,43,34
14539,945880,158571,641300,24,46
157587,706612,84704,809083,36,27
52883,998225,453760,861655,20,47
630584,775146,711685,847958,6,7
379442,942656,18257,980073,48,28
96597,978466,197895,557809,17,44
78551,574978,433766,685239,12,24
103528,836745,163258,934785,38,36
369215,918860,54325,945624,44,27
538959,813053,222533,766551,27,13
705597,743112,23808,928456,45,1
589093,872288,485521,953414,23,14
239094,681880,18363,939135,46,22
84721,879667,623877,889024,13,39
249490,984066,873343,894817,1,36
309838,801025,26656,982371,47,24
149692,866660,167575,991200,41,35
389221,948420,583039,853099,13,27
193884,826741,275240,706107,21,31
776581,851095,486492,973446,24,3
203877,720098,409434,580541,8,25
619155,867537,477617,854442,18,12
204623,847632,48198,242043,9,32
50976,892980,19122,920673,45,42
276471,820362,111282,974818,43,27
109586,471992,246661,725097,23,18
359532,787516,234670,940154,35,21
614103,982910,569104,963510,19,18
467763,497333,477524,714970,11,1
93328,277931,491631,916586,21,9
45828,146601,347265,989374,32,5
5093,692842,644238,848735,10,34
22336,898799,4780,999501,49,43
653441,700836,65961,594648,26,2
87081,991120,209463,277198,3,45
149307,774976,157741,175709,0,31
45135,760032,313925,930078,30,35
345078,828034,398530,701495,15,24
23239,630873,62433,459180,19,30
82148,145629,338420,927717,29,3
16447,982218,177410,257200,3,48
68162,135360,726921,868246,7,3
121329,636040,56132,479717,21,25
145868,953539,443262,806680,18,40
390168,974934,11770,992496,49,29
56658,907892,32788,808263,38,42
144905,821802,103918,774538,33,33
161821,954852,134302,803408,33,39
415122,678579,581564,682505,5,13
3386,916352,769677,873635,5,45
319002,884087,462142,514366,2,28
881,857269,122525,984139,43,42
690055,791764,274856,543813,13,5
52391,91309,14403,898842,44,1
246904,858646,217134,931250,35,30
116612,881955,22764,738865,35,38
382976,842025,5569,963754,47,22
42545,951829,172263,505099,16,45
103348,574930,28267,658093,31,23
360338,822767,101824,287470,9,23
911102,990302,1844,770555,38,3
331875,693731,679715,788044,5,18
120853,936495,884758,995490,5,40
620090,816901,586260,778947,9,9
520404,869939,470479,980073,25,17
343376,654979,73970,340790,13,15
100026,777410,806640,905649,4,33
190999,601748,469140,560358,4,20
38924,867860,862931,938800,3,41
102889,477651,2387,973145,48,18
397601,746634,12926,476954,23,17
31526,936843,3504,941774,46,45
358202,696003,294771,954946,33,16
44454,955929,172719,543124,18,45
54175,793536,58994,724123,33,36
289908,947652,2748,989647,49,32
485956,974889,42590,438582,19,24
275223,420040,161062,823070,33,7
205,992883,290396,938252,32,49
28797,422437,570467,577304,0,19
79522,973060,380851,847708,23,44
354359,551712,28484,291602,13,9
258484,765514,611971,654088,2,25
583935,854375,616973,929550,15,13
424152,954022,23070,555351,26,26
40152,918044,529707,957859,21,43
252181,311812,247964,790748,27,2
205428,641485,159009,780029,31,21
47945,271436,3751,544538,27,11
255797,813207,450605,915875,23,27
421139,622923,18370,789148,38,10
419101,972675,205798,986782,39,27
166125,604676,26443,562396,26,21
65842,982042,199598,877924,33,45
244125,992669,778456,954066,8,37
81109,473009,35446,366053,16,19
7535,934641,54454,959723,45,46
625283,968662,459177,698824,11,17
148770,490110,555690,571381,0,17
5732,749819,245155,295068,2,37
278966,687033,109945,375392,13,20
232305,824977,31350,787514,37,29
222847,453107,458870,791378,16,11
211563,614298,24118,979705,47,20
103967,985755,44293,919053,43,44
7922,835007,130180,614945,24,41
21227,29249,500898,868481,18,0
109057,888093,602597,623700,1,38
30965,855934,169293,500115,16,41
47329,936342,242600,766639,26,44
450245,767730,424878,431416,0,15
131805,171308,513510,694805,9,1
30225,700232,302412,790570,24,33
114844,790796,620257,868114,12,33
5008,786878,108591,834979,36,39
156422,810912,90377,925656,41,32
372933,614213,53356,384377,16,12
459233,711121,387405,794660,20,12
506663,646816,703099,961229,12,7
88951,971687,166264,619888,22,44
724424,768328,126112,417040,14,2
123974,676424,440568,864484,21,27
514698,789034,297299,780771,24,13
21693,769826,467825,576223,5,37
162423,824641,105621,641987,26,33
632089,718189,259057,469765,10,4
83589,856770,137745,313622,8,38
48042,710092,42719,997429,47,33
148488,854570,170232,313153,7,35
403607,972181,10107,891124,44,28
22550,625654,69917,196634,6,30
63716,857436,307158,948511,32,39
457395,871136,439078,691084,12,20
66475,947809,461123,666623,10,44
316532,867793,167023,463250,14,27
144058,901788,29813,446093,20,37
33961,975043,106643,691415,29,47
15428,967779,58143,788217,36,47
32865,949529,7395,979625,48,45
109897,877383,282664,892669,30,38
179752,890023,330942,696732,18,35
419568,568289,212864,599322,19,7
449776,774502,36637,987066,47,16
1702,842493,355491,806510,22,42
204345,948890,181911,719648,26,37
491203,818488,301988,708124,20,16
121019,683578,548623,842599,14,28
228730,859625,157288,817046,32,31
224130,341333,49061,289259,12,5
21157,985901,390663,883033,24,48
197922,656231,4456,902731,44,22
373661,709067,355867,985781,31,16
95134,483951,87866,382575,14,19
209432,863937,91456,866690,38,32
21250,332990,432982,790643,17,15
642167,811897,7812,169499,8,8
276365,693766,33318,823906,39,20
498163,518136,637902,897815,12,0
5705,838263,138705,293960,7,41
13030,416856,376627,402034,1,20
80412,962423,575524,855731,14,44
217606,640174,44774,982759,46,21
116778,985669,1000,948535,47,43
29222,876163,32845,739498,35,42
18352,986159,58705,255986,9,48
488841,983702,791522,982627,9,24
101661,904465,7210,993850,49,40
210482,616876,485038,685528,10,20
106961,899792,167148,972431,40,39
23906,940013,10867,756008,37,45
59628,970515,334069,465047,6,45
163134,973523,238292,532084,14,40
883066,955766,128176,866535,36,3
50828,758281,216958,958562,37,35
71624,985540,205216,646557,22,45
304244,950394,396197,837759,22,32
24838,928399,55970,277684,11,45
104520,280059,145229,917686,38,8
573489,660123,367572,463181,4,4
211736,599665,517402,664050,7,19
608373,726655,194463,982020,39,5
332440,563287,205505,731110,26,11
372285,427862,637325,901878,13,2
471979,490767,35785,239907,10,0
102792,955256,737855,906743,8,42
97099,918323,180580,379570,9,41
87051,425621,647211,794519,7,16
163749,933718,40289,727989,34,38
131823,185165,385866,993051,30,2
52122,742529,649752,970429,16,34
521018,637194,276821,778509,25,5
2228,727804,86859,223476,6,36
108010,705340,839426,891319,2,29
559508,865535,6618,415678,20,15
249342,761454,64489,857722,39,25
317148,462513,106712,370467,13,7
35855,137858,118601,818389,34,5
526184,850461,477657,676195,9,16
200665,740478,362599,391790,1,26
137072,984047,254145,804973,27,42
395907,915577,1045,848016,42,25
2498,62724,1604,996396,49,3
222416,718349,33048,862708,41,24
146688,977415,414304,958538,27,41
468134,970490,241379,918754,33,25
301367,936292,726722,856993,6,31
11779,957085,459857,724298,13,47
569169,984653,53764,938968,44,20
18589,995998,716885,962804,12,48
163685,635868,280303,862244,29,23
531888,550712,19034,280358,13,0
87030,949297,351585,373196,1,43
549071,755050,310300,969398,32,10
84680,519247,264926,673296,20,21
867419,874740,91166,951064,42,0
363325,916933,282140,692518,20,27
557,983209,80560,845128,38,49
277027,541542,65887,435734,18,13
197738,518419,382504,972695,29,16
104396,299386,321564,700339,18,9
288841,749178,115319,793302,33,23
173561,986195,68207,705944,31,40
54832,896598,152731,763335,30,42
353478,477180,264962,855477,29,6
876750,881297,172247,568990,19,0
293445,918896,745818,896994,7,31
370372,809257,99505,690489,29,21
88518,535266,709365,894449,9,22
727064,792887,251189,863655,30,3
51083,857976,165586,961453,39,40
117239,971047,163924,784613,31,42
339408,823713,655630,995245,16,24
30931,867211,418930,764805,17,41
329864,971726,234035,901280,33,32
110124,595538,125302,941365,40,24
858726,942066,315843,471073,7,4
24637,873657,210707,962268,37,42
317300,651243,461295,906337,22,16
311394,446164,407088,594049,9,6
87381,115631,35141,295038,12,1
121760,864854,124796,813143,34,37
684823,893385,251050,980843,36,10
96544,972078,624088,775563,7,43
170268,856362,704556,858896,7,34
33124,928127,94577,684364,29,44
9954,989429,220326,904982,34,48
250911,842721,304906,759860,22,29
93173,920520,346323,658809,15,41
186786,423246,56973,766433,35,11
119178,824482,392928,888002,24,35
170192,681930,187525,929240,37,25
10797,153962,80992,948662,43,7
84688,196853,224188,977024,37,5
505639,910179,103769,838602,36,20
154088,559704,117497,246902,6,20
597419,869879,26463,949243,46,13
397500,853505,404918,611268,10,22
158260,951569,346931,644734,14,39
114729,957362,151886,615213,23,42
605515,943818,107664,947109,41,16
45430,736918,642490,929541,14,34
630,987139,22220,435278,20,49
4273,781468,262624,309750,2,38
8850,994919,304473,994933,34,49
79636,754440,179100,545950,18,33
221507,357725,399261,675544,13,6
172490,709847,157045,884209,36,26
2467,868093,442041,850985,20,43
317051,452644,234764,764348,26,6
115886,726002,95106,992949,44,30
385603,630925,7281,700441,34,12
363277,855731,371408,852074,24,24
280935,636724,155974,854072,34,17
450119,901765,225832,595009,18,22
156649,408763,269939,941225,33,12
54695,887775,783513,811010,1,41
318116,719956,68319,985710,45,20
228041,890177,261679,878737,30,33
440811,984736,9119,999174,49,27
160274,644019,712230,926722,10,24
8421,420267,450854,882096,21,20
177771,663140,616264,713468,4,24
176685,974664,21149,970670,47,39
54836,405542,101761,939215,41,17
290206,470602,531700,760507,11,9
710353,949796,7645,515624,25,11
9887,766215,13417,916613,45,37
183061,627911,81380,868075,39,22
9144,747951,19165,839329,41,36
147915,852286,210342,483108,13,35
218337,828349,115588,992930,43,30
645893,745477,62617,903490,42,4
302637,344605,196654,216602,0,2
62067,970008,191254,578147,19,45
345731,363397,212000,932981,36,0
110352,848546,517196,998247,24,36
569109,984328,568068,915191,17,20
217411,832224,157960,767322,30,30
28683,922778,35903,792477,37,44
830206,917345,405,999709,49,4
546739,825360,23820,995390,48,13
353287,720520,474420,909608,21,18
115104,900705,80145,527420,22,39
474137,972304,137329,584718,22,24
520535,923018,75885,884631,40,20
18465,998283,43336,956567,45,48
249157,762955,98609,676911,28,25
354570,479515,351166,917931,28,6
25060,934889,53806,351580,14,45
350308,435762,466573,893052,21,4
5431,150872,345666,362901,0,7
351006,410337,537301,588769,2,2
874903,915937,100177,865731,38,2
304654,685104,39254,726796,34,19
374768,891443,198476,600033,20,25
342609,894782,364373,674038,15,27
839447,868422,584925,803188,10,1
346640,944288,130116,562399,21,29
664420,950390,8131,985469,48,14
486610,814534,375566,804429,21,16
209118,772910,286675,378068,4,28
390091,999205,689849,781799,4,30
166519,969574,461788,994006,26,40
693302,829430,70957,386028,15,6
5690,949782,527771,695317,8,47
96190,797908,185773,196445,0,35
882084,959514,632346,824521,9,3
136873,812664,123412,883793,38,33
7686,725818,49882,676268,31,35
88016,705409,46721,606682,27,30
247058,985976,20558,979614,47,36
349481,416641,630735,896871,13,3
515625,992631,275286,380837,5,23
62695,531815,3063,990637,49,23
33704,286092,293916,363608,3,12
597328,718459,2441,962838,48,6
71550,874719,96578,794898,34,40
61794,989039,336428,792118,22,46
57123,254152,149307,652468,25,9
7517,403503,785964,915177,6,19
108073,857912,98383,799029,35,37
420846,943634,318786,417625,4,26
370126,802196,389959,633024,12,21
751360,924015,180090,423863,12,8
297439,866920,28703,946295,45,28
783000,999908,153548,989372,41,10
38623,992255,57386,607978,27,47
72633,898449,297178,691501,19,41
499950,576364,312423,881614,28,3
317845,971039,81828,986750,45,32
558600,862016,462222,484379,1,15
530803,830551,95843,374221,13,14
43495,737714,523252,917509,19,34
167966,916368,442604,879965,21,37
72343,360660,731902,951595,10,14
102527,797623,175372,914375,36,34
222859,997709,119787,870139,37,38
280340,957845,73624,989803,45,33
352352,465882,340130,893579,27,5
204562,443523,131290,343212,10,11
14103,908136,163146,583364,21,44
316996,738755,455365,930927,23,21
413626,908808,138762,907891,38,24
90628,715795,286925,666883,18,31
609207,788323,104845,440867,16,8
219378,919939,333376,692148,17,35
390373,611428,83434,988449,45,11
194126,987657,493420,886549,19,39
518112,984792,175394,614165,21,23
133936,410298,4177,445036,22,13
35767,996975,473551,616891,7,48
351239,968407,89454,756028,33,30
56151,855391,276768,869867,29,39
218922,799502,138341,481785,17,29
435552,835321,141137,644538,25,19
590755,869302,264666,981113,35,13
50754,123517,642462,943608,15,3
526847,977882,79214,798231,35,22
35486,928171,58209,994425,46,44
185771,780103,27051,980214,47,29
358650,863773,176329,976385,40,25
519595,694967,44671,780584,36,8
140089,359141,496682,672746,8,10
25665,703129,375740,849141,23,33
35008,992684,297064,672835,18,47
203245,880707,26773,956548,46,33
794767,972818,142536,898713,37,8
626836,950756,24013,898243,43,16
105832,691957,158507,869669,35,29
569887,753779,672568,843185,8,9
267119,929332,601736,612754,0,33
626349,943124,330717,542287,10,15
12230,175046,393371,769642,18,8
71545,982896,312367,667564,17,45
639584,788853,35606,446479,20,7
116486,797423,24285,494731,23,34
257920,930313,200228,387925,9,33
349998,633146,222360,666213,22,14
79849,147312,15167,950640,46,3
221046,372144,41282,997373,47,7
66076,723459,132894,869726,36,32
4984,918578,446799,700240,12,45
405396,671433,190159,970582,39,13
23902,543561,1255,979580,48,25
299485,964233,283132,910405,31,33
599713,757601,47312,851072,40,7
2984,995432,50490,808762,37,49
107474,942002,75336,877877,40,41
280615,575273,383924,871330,24,14
263862,322525,289767,717733,21,2
26569,175854,32404,878376,42,7
186246,361541,417973,927397,25,8
293096,772097,269785,789826,26,23
400895,877126,263077,768878,25,23
211781,928303,502236,590992,4,35
27601,925721,45392,47142,0,44
67269,349297,422817,815196,19,14
182856,547734,606868,789859,9,18
57199,952083,431263,662312,11,44
169342,963652,796739,814540,0,39
584176,641522,678714,874221,9,2
404043,467118,323107,615539,14,3
165514,357366,70263,407958,16,9
189312,855989,201694,557192,17,33
153127,899696,252295,926111,33,37
118449,747668,108552,425400,15,31
8888,837734,32646,433840,20,41
619817,704819,2326,830923,41,4
270121,606999,125691,597671,23,16
581226,958728,122005,898527,38,18
134183,869721,47200,935804,44,36
218418,634447,300857,639291,16,20
532514,818697,105766,482717,18,14
509651,937999,184366,319216,6,21
444762,518761,31615,990923,47,3
338971,482834,236600,605487,18,7
400945,868521,727176,746813,0,23
28731,209777,149863,701845,27,9
566513,827350,75251,548788,23,13
323068,941134,65711,318382,12,30
567709,851209,415229,540709,6,14
656227,876755,14557,331694,15,11
221691,993434,19816,796271,38,38
190588,992937,261948,536848,13,40
97626,276053,965357,977238,0,8
777483,958204,172205,965928,39,9
55221,724932,245138,903195,32,33
337095,586377,169903,984771,40,12
65421,344516,14284,522120,25,13
11182,790652,220143,436622,10,38
451157,571130,261848,711106,22,5
668286,946599,552532,912404,17,13
495506,631300,99810,870726,38,6
591,983476,14621,945599,46,49
385076,876660,121125,171984,2,24
139316,996771,278,923370,46,42
203109,813066,63368,651836,29,30
12195,427046,91041,632293,27,20
557954,870389,195178,938539,37,15
517832,698716,237895,821479,29,9
27497,947349,163804,782798,30,45
33975,932655,28178,738978,35,44
285426,860906,230483,942138,35,28
421351,788710,7202,868242,43,18
350319,899299,323200,964163,32,27
286186,547028,264187,686704,21,13
129460,989120,742000,790467,2,42
167740,944068,10543,996031,49,38
14486,877738,55015,906518,42,43
311298,620793,291519,871432,28,15
108784,905252,503697,937017,21,39
99692,851941,160329,968167,40,37
167726,986749,170419,203191,1,40
499800,968729,471511,758166,14,23
249507,556484,389746,612378,11,15
637067,814156,73553,302851,11,8
698939,914056,742473,812294,3,10
453058,839907,151358,742941,29,19
18695,925123,279341,556930,13,45
399203,613888,49820,647498,29,10
514169,745571,391583,953024,28,11
26170,803160,26102,862557,41,38
582153,885843,59597,991064,46,15
15732,755978,155035,501840,17,37
29601,976676,25073,171358,7,47
282902,868089,626218,997439,18,29
472732,978102,120090,356020,11,25
319406,654008,424580,634417,10,16
235316,687883,162877,796630,31,22
864253,986938,108482,848383,36,6
26945,625412,5807,973622,48,29
112170,510576,1324,869960,43,19
148269,551231,157885,760733,30,20
5540,825425,311284,759497,22,40
162138,575186,872474,878348,0,20
251894,814078,860039,997002,6,28
40503,994337,545092,875165,16,47
11013,244752,36527,329658,14,11
916298,971975,178142,591316,20,2
218925,801403,79604,812077,36,29
48789,974969,65968,708622,32,46
77377,476497,331580,945801,30,19
491093,663234,566325,994422,21,8
1511,782386,960701,996483,1,39
42141,941418,32164,113517,4,44
112646,639872,542393,600136,2,26
139404,827185,454105,647312,9,34
941030,941508,76578,169082,4,0
509200,861052,358629,384887,1,17
5,925170,369322,578478,10,46
393809,655618,67730,705273,31,13
207773,718506,60753,773424,35,25
24144,811878,614141,760043,7,39
369966,966162,601875,801934,10,29
40909,461685,46268,240644,9,21
294166,735690,519771,837537,15,22
684857,951668,493590,555891,3,13
171647,854721,41364,990169,47,34
782570,957815,165527,639739,23,8
35757,141566,45454,956320,45,5
122501,353545,64998,472679,20,11
220963,909925,53547,766773,35,34
83698,397466,229900,415533,9,15
27065,999260,629797,955581,16,48
90257,858521,454672,466668,0,38
8423,980702,34483,897270,43,48
24153,916837,755169,950630,9,44
65247,790921,1095,998825,49,36
368474,533741,27605,812714,39,8
22428,935784,197830,617668,20,45
305262,632887,228768,767336,26,16
74506,398298,578596,758494,8,16
10719,923192,703417,918527,10,45
289164,895731,372438,587191,10,30
210017,914268,401304,846403,22,35
66290,997960,31458,652853,31,46
104616,624750,255773,648592,19,26
274775,301910,12744,454675,22,1
3382,397186,126751,878725,37,19
1637,999620,328953,868546,26,49
653405,959651,26608,863434,41,15
220266,645706,374811,947435,28,21
22189,147444,527909,824802,14,6
24785,791550,59576,986947,46,38
2593,798745,186360,943812,37,39
106151,914262,87306,913490,41,40
547940,906989,16705,667268,32,17
17096,599758,118436,198991,4,29
137017,974682,75859,709491,31,41
279214,990266,109548,882813,38,35
53614,392495,454110,793451,16,16
319152,936304,16941,638062,31,30
173620,678756,357007,879011,26,25
738315,980927,47880,989816,47,12
361328,999058,203096,967949,38,31
119727,930946,456786,584911,6,40
383412,666039,425811,721717,14,14
66977,995874,127524,290344,8,46
233079,509251,168999,898423,36,13
156716,803006,144243,437419,14,32
63049,895780,1004,999385,49,41
26946,794246,132231,719600,29,38
64591,832101,599557,707120,5,38
153164,419274,154940,562457,20,13
21526,900515,129617,708173,28,43
923752,967681,113341,687259,28,2
166847,375203,436363,859538,21,10
31036,956492,83194,918793,41,46
385203,945090,574314,964877,19,27
63286,486043,1908,996940,49,21
609341,986412,5967,636805,31,18
351966,542735,150693,848009,34,9
11960,879670,373821,957198,29,43
402048,841957,358681,909587,27,21
61588,774092,338866,587633,12,35
36107,962047,67322,492605,21,46
359437,738899,175431,918902,37,18
73460,942379,49780,423430,18,43
5906,975856,108080,686041,28,48
81895,832255,31518,510309,23,37
320624,838564,101570,968416,43,25
388349,823235,88265,608007,25,21
62937,757113,219512,845679,31,34
23695,637648,653896,936121,14,30
352518,725271,93998,894444,40,18
293864,392682,118567,815161,34,4
189404,690426,103765,829352,36,25
5843,908180,162843,354289,9,45
51360,427991,24747,945263,46,18
818767,844923,23429,758346,36,1
266343,671867,231867,892457,33,20
27364,659079,473873,951332,23,31
59956,292985,117063,740236,31,11
5582,455971,250296,971246,36,22
565977,682059,521239,707111,9,5
60790,186963,178730,796639,30,6
185546,649393,93951,997690,45,23
303932,314231,485187,953312,23,0
28049,895214,97820,726070,31,43
116922,337824,40258,977831,46,11
120338,925858,15005,679325,33,40
39800,951922,585863,673040,4,45
104473,849138,201575,410763,10,37
117910,731305,411299,438848,1,30
331153,416493,95866,865419,38,4
660250,981952,178607,427878,12,16
544687,690512,71219,297933,11,7
242584,906219,112692,973985,43,33
877104,955718,584801,963920,18,3
212765,361451,397542,851674,22,7
649072,650352,151587,785995,31,0
380194,827041,91859,678510,29,22
317607,472410,28949,990785,48,7
677485,760715,121401,292105,8,4
379978,861193,44483,964257,45,24
513302,824275,152378,967940,40,15
825963,915847,378714,385710,0,4
191404,531218,709274,937699,11,16
583880,777992,512326,718160,10,9
2320,956361,98279,228109,6,47
82582,960290,181805,861887,34,43
526103,819252,168022,714215,27,14
57674,798809,229375,501270,13,37
390546,794169,145830,988402,42,20
61810,968511,36676,472846,21,45
16643,906855,123785,632024,25,44
46864,823708,850349,917209,3,38
787681,827089,104855,243661,6,1
315778,541914,299621,985499,34,11
448772,754527,267880,761713,24,15
66945,954048,32335,888467,42,44
447474,769135,110027,962953,42,16
344604,590155,290357,785869,24,12
494732,713840,19938,976984,47,10
289400,799812,535697,849134,15,25
328015,613742,334544,986609,32,14
570110,867242,289124,479250,9,14
615184,797439,640267,949601,15,9
123539,945005,342928,947093,30,41
240453,502132,172190,864168,34,13
456137,612127,381237,678574,14,7
167509,992459,17116,963519,47,41
68638,551339,229812,596773,18,24
383366,849402,347026,739820,19,23
21782,935787,57862,678750,31,45
266985,954563,17740,524280,25,34
7289,509153,121153,889937,38,25
19989,829555,1267,385463,19,40
740241,923790,244079,901290,32,9
923695,948304,459792,931031,23,1
121542,426286,29779,916309,44,15
11829,200220,162664,793207,31,9
129340,826144,568785,603404,1,34
334406,545329,157632,874148,35,10
83347,856984,161639,699427,26,38
453105,819334,106929,846539,36,18
746570,946171,36168,928860,44,9
803190,957963,149410,977032,41,7
326315,854725,19779,148387,6,26
534394,735025,691591,977839,14,10
463977,863117,191994,503163,15,19
296247,486730,70606,802903,36,9
544885,961273,23261,848000,41,20
489290,742503,157674,956770,39,12
54110,680683,158780,349140,9,31
293726,862839,66310,220474,7,28
724278,911376,229605,931748,35,9
307696,903123,219240,790342,28,29
25598,429839,896372,956763,3,20
114876,656570,90603,806079,35,27
306438,915053,70106,792720,36,30
6883,980746,105030,512323,20,48
214535,415035,94353,293160,9,10
165774,870382,271002,576006,15,35
664177,753177,57243,652585,29,4
142150,728964,139187,965909,41,29
100807,943203,126206,926385,40,42
15373,714745,183620,551283,18,34
19378,949485,96413,633804,26,46
13728,955626,260161,901722,32,47
32285,612199,118947,793181,33,28
65137,664911,785087,795138,0,29
81832,263801,146925,644689,24,9
713290,869953,17114,900165,44,7
118576,388848,382421,390042,0,13
268156,942093,686886,829778,7,33
145499,845191,499211,911169,20,34
594728,663174,1579,979114,48,3
748790,996883,197242,378346,9,12
320316,935500,336667,784162,22,30
47200,839695,473909,989103,25,39
335994,854255,422463,784456,18,25
299643,861447,101568,700215,29,28
758577,781961,33850,780562,37,1
30991,604671,608508,646393,1,28
671112,786352,9435,982452,48,5
26576,857379,945277,991172,2,41
576999,907890,498829,791910,14,16
553600,775865,187354,584844,19,11
128109,699281,161278,906008,37,28
736681,786366,211173,432021,11,2
21657,385539,233904,718154,24,18
117622,998028,16533,960547,47,44
882474,923210,100165,744572,32,2
88203,952965,503741,742315,11,43
11353,933335,69305,164776,4,46
42235,826218,46327,601517,27,39
229579,768863,417912,635357,10,26
370477,900184,546471,718257,8,26
89784,798520,324626,363675,1,35
51505,950106,220942,295190,3,44
175359,520856,39436,932852,44,17
326760,724496,137781,687904,27,19
59650,937018,79116,393970,15,43
152039,767514,10695,943818,46,30
14205,990776,138121,428687,14,48
200263,537637,306694,996818,34,16
4770,989736,3809,888112,44,49
442007,596183,343345,870162,26,7
95743,944164,76114,934437,42,42
159126,658772,92594,944184,42,24
593655,923978,144050,252494,5,16
55073,985882,158277,699930,27,46
4630,988429,173889,339825,8,49
603237,612456,155708,565963,20,0
11263,885539,329306,406615,3,43
28586,228342,328690,710966,19,9
49457,899644,453901,857294,20,42
543089,777842,56587,929463,43,11
134705,915649,318983,621728,15,39
424045,581287,313681,917725,30,7
44435,655984,483197,677372,9,30
63938,473949,17912,778862,38,20
237529,967755,588735,795737,10,36
338029,989623,36065,962771,46,32
156422,467238,206236,570184,18,15
293858,427756,789258,850022,3,6
237395,353794,514087,621182,5,5
284089,999810,294392,823727,26,35
364999,794949,57625,940603,44,21
341186,987822,40286,511673,23,32
35256,79234,460830,607822,7,2
774114,841226,65084,942768,43,3
378783,615135,226753,674783,22,11
48525,528964,293655,813791,26,24
761,150715,849889,994655,7,7
826707,844911,1496,961445,47,0
156706,913113,492336,933154,22,37
128217,594229,399340,865080,23,23
149523,895766,61825,819266,37,37
107320,316323,351820,884054,26,10
142172,352491,804563,923199,5,10
219083,752752,232877,392446,7,26
148747,907264,113022,999171,44,37
44809,743714,257289,919170,33,34
917478,950249,156126,680714,26,1
172175,939747,400087,964392,28,38
161771,874017,71004,885941,40,35
6139,971081,154847,896335,37,48
498861,867340,534539,658628,6,18
119009,827769,108041,524035,20,35
409807,801390,314313,388469,3,19
71207,891804,60266,893386,41,41
887082,997524,35699,901676,43,5
18170,979568,119927,492682,18,48
516095,900962,321888,857416,26,19
142423,735358,368031,500365,6,29
702411,707727,625216,696991,3,0
375194,783997,42028,610799,28,20
498178,671485,117765,783542,33,8
49429,979951,205309,551464,17,46
10727,891676,15308,836850,41,44
208141,819741,485029,644004,7,30
3112,979262,138786,693059,27,48
8145,727997,394567,913349,25,35
423424,968859,158515,291706,6,27
543603,775602,3901,591283,29,11
54736,684483,14050,862406,42,31
288444,948270,246510,558844,15,32
296163,558684,344381,620705,13,13
28694,961230,213703,972096,37,46
190120,955456,402143,541475,6,38
658691,995662,36376,780763,37,16
13837,996364,690458,850287,7,49
201473,735716,125512,637230,25,26
19202,364725,8071,800299,39,17
213433,752086,560377,820907,13,26
224658,820304,950450,985389,1,29
3980,993713,293341,410496,5,49
393477,934761,367472,972454,30,27
211132,962414,59684,394071,16,37
564375,858733,283121,606017,16,14
105308,860610,83285,739535,32,37
39498,121207,151973,468774,15,4
310917,805405,212431,342948,6,24
2243,861574,163429,761429,29,42
114061,484456,4515,909858,45,18
11772,887611,5613,944757,46,43
19569,995004,423612,901694,23,48
149374,775228,719252,818333,4,31
597571,861232,48581,943182,44,13
258121,883301,179734,229369,2,31
283712,736528,362936,770224,20,22
60624,748588,49064,478781,21,34
537561,749764,8007,993290,49,10
173646,694916,237663,800739,28,26
7748,626235,250414,516506,13,30
115345,921712,38503,134162,4,40
203152,998808,583567,718731,6,39
283918,549950,2113,836574,41,13
235260,413993,217253,710456,24,8
115503,966507,616413,873206,12,42
31339,887274,209758,700699,24,42
224329,889520,908964,976195,3,33
117734,994074,105124,547579,22,43
6315,994528,14718,872761,42,49
737277,791657,506252,757242,12,2
332595,567634,4601,762624,37,11
467223,566423,41509,997493,47,4
124345,716085,117764,926863,40,29
144508,957449,11482,940917,46,40
906855,979652,149147,969306,41,3
917,937831,163202,436055,13,46
202956,780821,337237,735141,19,28
312919,778462,6420,961371,47,23
117899,691441,580370,983289,20,28
689191,896548,85398,627840,27,10
388939,788381,83209,989323,45,19
534803,987005,181763,686107,25,22
36827,814058,23083,996067,48,38
281561,999595,83223,672478,29,35
286525,308452,672466,825582,7,1
65609,870375,66987,980303,45,40
113450,681713,252319,688250,21,28
259522,956035,27231,684485,32,34
179430,606206,151544,484810,16,21
305805,614982,528111,985713,22,15
224800,473171,46830,305380,12,12
213033,530139,3456,959610,47,15
53435,117775,78124,888868,40,3
583411,644694,170324,285226,5,3
188721,251543,384339,888586,25,3
267013,319097,865514,960617,4,2
45970,242368,307939,830389,26,9
52174,906761,31027,703560,33,42
87674,135032,233550,306734,3,2
38713,917033,21537,675072,32,43
754238,957657,232617,856343,31,10
82402,531020,204444,948983,37,22
168687,460187,41627,929712,44,14
340664,746596,628013,825701,9,20
107215,221810,655000,859417,10,5
502390,838420,135231,895264,38,16
68031,751170,73654,962375,44,34
101296,701339,118569,170229,2,30
37426,973329,408585,646836,11,46
270720,956232,296195,469697,8,34
42035,933755,77778,883999,40,44
464039,470015,426282,882414,22,0
153135,777334,319454,808632,24,31
98897,848001,368991,563559,9,37
128007,386452,169630,313346,7,12
192033,616554,150068,453726,15,21
161914,993867,678107,777097,4,41
157959,873806,117092,282222,8,35
112195,656839,9201,573333,28,27
990316,996160,638256,867184,11,0
757417,943512,373796,460426,4,9
232822,608018,42058,878213,41,18
195956,544238,759577,964711,10,17
102629,826611,270337,809896,26,36
605656,861287,142208,981405,41,12
85386,987559,850567,860099,0,45
129399,804101,374327,883045,25,33
58865,618174,114877,565082,22,27
22120,957424,36622,824455,39,46
7009,962957,79945,997847,45,47
248824,845828,474576,939771,23,29
815710,970459,358290,419773,3,7
246248,447594,137073,924473,39,10
10976,892265,664575,685796,1,44
240999,890366,13493,956458,47,32
43329,977711,234484,847723,30,46
437519,972286,5169,993211,49,26
657621,703707,28946,965005,46,2
16286,413903,184777,653460,23,19
56252,881595,407063,586443,8,41
345509,952715,32913,837599,40,30
258004,967498,218408,937544,35,35
925240,939620,222250,767673,27,0
115548,888841,1994,952857,47,38
3053,960745,565605,788050,11,47
199888,525615,454226,727768,13,16
9507,998656,17832,997813,48,49
309805,706046,635189,819670,9,19
615489,887252,518430,744329,11,13
348938,455556,1763,997369,49,5
683016,958410,424045,518709,4,13
25993,397526,469540,875533,20,18
39045,479666,320662,807952,24,22
2055,992577,186130,855906,33,49
354614,372189,161001,486866,16,0
87330,405111,246055,831792,29,15
365630,992693,241445,463444,11,31
437810,686234,648795,739429,4,12
336838,499915,58663,607856,27,8
22387,944160,5833,669962,33,46
11042,991063,375409,507329,6,49
271924,844366,189060,747446,27,28
713879,728287,9884,666290,32,0
151538,956425,771190,957050,9,40
114818,888123,315817,669883,17,38
544316,719784,47384,441009,19,8
31009,931811,27212,802051,38,45
150344,892498,73128,900173,41,37
929,999284,250447,979677,36,49
49324,845112,83673,798938,35,39
122542,278959,2278,495873,24,7
166684,690685,86476,720620,31,26
105312,320217,13056,928051,45,10
234870,684650,70367,908747,41,22
504632,591257,180599,837609,32,4
84897,974401,301736,691919,19,44
119501,567732,19151,701462,34,22
499216,749250,247716,814939,28,12
152031,541772,1881,736819,36,19
533949,556663,314754,993147,33,1
611236,980214,634786,673427,1,18
79936,776443,527975,885530,17,34
24408,869575,1648,992312,49,42
256859,889326,166723,839013,33,31
80704,838720,687103,926974,11,37
133953,923691,375285,593304,10,39
171752,899575,446983,769547,16,36
76416,476907,254034,307630,2,20
284743,653137,67556,920291,42,18
776806,845639,33704,171809,6,3
130218,958493,11051,911863,45,41
161729,662832,326832,976712,32,25
207251,877295,207625,943375,36,33
221670,736277,19258,915883,44,25
169565,929733,372116,554267,9,38
108267,843877,265088,997769,36,36
212322,928727,41927,998956,47,35
531390,738324,195049,326380,6,10
48606,996756,930634,976602,2,47
598128,992459,553266,651330,4,19
35192,859222,51937,912182,43,41
127228,215781,410471,766939,17,4
166685,998541,97314,307236,10,41
385301,961191,141827,367837,11,28
236129,998254,375161,743004,18,38
387312,572977,214041,674500,23,9
338292,728908,442474,831855,19,19
111489,785934,60325,846312,39,33
106603,843807,17336,934100,45,36
539705,884127,299549,870519,28,17
313584,943322,614233,649041,1,31
305834,968250,35344,723333,34,33
454094,884606,294544,778244,24,21
85753,990002,659756,968939,15,45
7027,360693,312062,573225,13,17
533091,889028,72944,984770,45,17
457655,928349,5223,967833,48,23
389533,583168,67749,921634,42,9
498797,968206,19503,72015,2,23
50474,996868,29734,897293,43,47
297434,966055,641962,875947,11,33
201469,293683,190203,379182,9,4
160928,829003,49247,930919,44,33
37728,929359,1134,998803,49,44
141838,908318,128140,392130,13,38
230179,525162,76717,861576,39,14
385268,927797,254306,591728,16,27
571366,921506,204707,742579,26,17
329842,627399,6508,841143,41,14
436412,984104,579494,815326,11,27
239536,829087,398937,547661,7,29
261514,400790,494503,856839,18,6
580004,992954,21964,196369,8,20
822635,873493,162393,202008,1,2
16605,884324,49824,606426,27,43
36446,628186,668500,977744,15,29
768210,863699,118997,936702,40,4
641508,723062,51488,944702,44,4
210986,830891,127332,984896,42,30
596524,641516,75776,251982,8,2
302510,907612,238511,994412,37,30
193527,991152,309145,640512,16,39
119345,917484,553023,664971,5,39
753122,863888,148395,377931,11,5
176,993646,413383,849142,21,49
145659,698687,390547,573973,9,27
331285,582375,199963,816926,30,12
129601,772441,559365,920963,18,32
84641,837993,87795,170805,4,37
204925,286319,63087,996210,46,4
87173,960112,732778,856611,6,43
177830,987088,446687,936075,24,40
59571,960613,162445,821622,32,45
126013,637424,11556,942225,46,25
320502,857224,62916,744737,34,26
463956,698765,882702,952541,3,11
46391,945540,112053,832300,36,44
226944,994898,415860,909804,24,38
232175,308413,759406,808065,2,3
137445,835916,220682,984205,38,34
105970,737571,443034,732744,14,31
619759,850732,65086,297850,11,11
261454,701823,670187,733554,3,22
603282,822279,141651,946251,40,10
298478,519489,181010,955101,38,11
411142,496724,116029,376259,13,4
83277,568937,77271,309736,11,24
97193,387629,73304,921438,42,14
268251,290775,293449,677458,19,1
62167,594241,559396,936072,18,26
41264,947910,15562,933180,45,45
45188,761246,507935,895008,19,35
107484,978923,266888,540319,13,43
389863,983785,60948,462993,20,29
40026,984680,90896,942011,42,47
533215,773820,136634,849463,35,12
472511,875842,36898,975835,46,20
5855,955873,4093,993932,49,47
2802,905068,295278,317384,1,45
116977,586779,175338,910152,36,23
8833,726694,51481,950692,44,35
145876,681789,145002,903973,37,26
342005,943640,600072,958109,17,30
402158,906894,459772,800609,17,25
438191,898225,144714,723542,28,23
259049,745876,35041,618121,29,24
619681,873442,338334,653309,15,12
396997,846121,8460,61833,2,22
159078,995916,262431,967332,35,41
204483,346672,696779,752547,2,7
85380,926960,495314,836915,17,42
254960,742944,297680,451377,7,24
85227,963430,168024,769505,30,43
334744,916998,303698,797828,24,29
339509,491207,57780,235071,8,7
55600,804069,327850,895443,28,37
593170,681742,175367,661944,24,4
258044,869192,6360,988672,49,30
361826,872687,33073,979705,47,25
287035,813034,362498,852548,24,26
497621,609744,154046,515211,18,5
332592,457831,297205,527353,11,6
160607,973676,40379,903930,43,40
32898,957523,329500,646524,15,46
811971,840531,391477,768854,18,1
188976,521305,116658,247856,6,16
473433,642799,447367,749881,15,8
326773,813296,5544,433987,21,24
228910,846991,123605,559033,21,30
287226,981375,158128,385922,11,34
200497,775182,210478,986934,38,28
36189,132224,28510,588100,27,4
19224,703919,813577,870103,2,34
4240,969224,192173,463662,13,48
568584,985976,87036,483873,19,20
286829,907770,9085,948909,46,31
299714,328134,276413,845492,28,1
112697,888803,553977,990250,21,38
63651,904041,856743,895117,1,42
4699,719493,10601,999473,49,35
281155,787301,23081,942747,45,25
155857,627734,49491,764403,35,23
301813,439465,478780,509715,1,6
178629,280175,236792,765262,26,5
151394,300473,43498,743735,35,7
599176,968874,12299,533332,26,18
646414,710280,509082,574096,3,3
403986,576243,8865,992424,49,8
651477,667529,436215,718075,14,0
180681,635693,176911,730084,27,22
148803,898592,404071,415496,0,37
25690,784999,387644,424275,1,37
76424,976154,380512,945088,28,44
273999,318652,150317,273204,6,2
204475,787408,345768,955953,30,29
37609,766415,128777,781344,32,36
407419,663524,26918,941368,45,12
96711,731705,1195,999619,49,31
245886,753280,359854,902794,27,25
85071,987641,157953,992233,41,45
123321,809254,567733,811323,12,34
388331,675295,234607,641722,20,14
75371,456240,54377,263810,10,19
144118,990286,139780,921923,39,42
8652,999053,50618,928557,43,49
69609,286219,139700,889693,37,10
426198,950717,148394,697155,27,26
527514,900113,84898,286127,10,18
55905,775164,72532,258662,9,35
154406,585945,589253,811875,11,21
194764,224385,311884,940740,31,1
693250,895684,97957,585219,24,10
322918,742733,2276,864739,43,20
185192,751346,4817,928458,46,28
83478,950179,58859,863984,40,43
408578,727149,174555,954668,39,15
408516,724804,740897,842659,5,15
505908,799623,16532,964479,47,14
28026,934614,445128,935917,24,45
760188,761334,277427,957255,33,0
17819,716871,439699,959871,26,34
44746,810768,6458,895540,44,38
220179,547007,17958,559232,27,16
288148,773331,73592,997161,46,24
482992,611397,61702,759276,34,6
143177,660416,545858,988915,22,25
365401,466238,156119,983960,41,5
273329,595535,28775,922483,44,16
363868,611174,197109,675645,23,12
13892,649643,49813,968057,45,31
16231,32055,377771,975846,29,0
119549,832297,279888,951728,33,35
423849,473171,72979,854148,39,2
415964,781215,510317,590885,4,18
285423,974713,326010,815011,24,34
233649,862792,2735,545937,27,31
780447,894729,405022,993327,29,5
40336,549903,184257,682850,24,25
26152,866210,10107,148226,6,42
38479,599267,68642,519032,22,28
208764,539770,328177,712320,19,16
568979,970107,10333,989525,48,20
31144,989420,554651,980665,21,47
558698,679962,390638,829374,21,6
175915,407239,29572,986649,47,11
138802,745329,196896,966562,38,30
173665,412318,192500,989337,39,11
190684,922095,208109,628702,21,36
7508,956833,40732,746444,35,47
384195,723237,96173,899958,40,16
84989,942355,60157,759556,34,42
40948,396797,653906,716652,3,17
294791,749534,189966,293579,5,22
27003,281489,422144,814426,19,12
194418,491938,12160,263914,12,14
125396,942390,853909,908277,2,40
233366,293956,63423,751859,34,3
156968,893405,243841,752938,25,36
395909,470109,510786,853210,17,3
16531,708185,14038,999376,49,34
300797,866222,164561,766479,30,28
851748,877454,18043,995705,48,1
81409,737823,154515,309094,7,32
1995,982917,119849,953138,41,49
6445,951766,769597,787508,0,47
14181,992956,99043,602074,25,48
287340,416107,345609,900804,27,6
49233,841998,684054,940727,12,39
34345,928149,63944,968350,45,44
11160,836651,188688,425921,11,41
27603,377673,423658,873740,22,17
85888,830748,216652,590643,18,37
300968,984282,114227,942334,41,34
34825,980397,111867,180250,3,47
302781,758919,313367,484485,8,22
151745,841699,3259,940916,46,34
159843,670719,136238,728192,29,25
62420,986630,21178,709783,34,46
669438,827631,71821,842086,38,7
650848,866773,402715,555872,7,10
91107,923130,425799,695144,13,41
483768,818200,427268,919630,24,16
68200,645579,62215,919579,42,28
206589,861531,123502,232739,5,32
95874,197315,35509,808767,38,5
18414,376475,671021,782303,5,17
226353,680366,636259,993378,17,22
189636,272670,53501,963124,45,4
279180,341949,738678,959962,11,3
438352,520820,82307,955428,43,4
26019,969616,167907,856166,34,47
778811,872253,563165,668752,5,4
33234,849866,471945,773966,15,40
133320,948950,114756,466845,17,40
41012,998085,294666,486108,9,47
32732,989447,108108,203711,4,47
81202,851310,509061,589451,4,38
163413,712204,221302,762351,27,27
25259,949545,185397,245891,3,46
288560,741237,187037,791083,30,22
17775,998025,13012,999302,49,49
149523,565347,235267,926056,34,20
244868,865169,103264,857062,37,31
552805,893640,303433,474135,8,17
106273,388003,28023,965078,46,14
15714,699275,15835,287950,13,34
699353,940698,356397,868089,25,12
178417,920418,142396,755187,30,37
151739,964787,231068,989597,37,40
77979,814977,303666,378071,3,36
539163,919327,471978,964563,24,19
11759,375253,71786,754589,34,18
344222,648907,274874,948653,33,15
174970,820254,397332,879268,24,32
10626,925304,29305,841415,40,45
167263,561388,504841,920591,20,19
216889,656879,165646,850203,34,21
396871,798693,483851,848620,18,20
131132,733343,288912,811032,26,30
144428,967107,125758,694882,28,41
538746,983065,151993,803930,32,22
30241,993645,39566,965389,46,48
110770,571135,356315,506724,7,23
74112,603132,119928,884572,38,26
702503,957159,868399,910566,2,12
146725,601331,750416,759286,0,22
317891,855427,663986,918649,12,26
50201,378984,17460,987695,48,16
569510,649991,412347,914176,25,4
146069,598516,256450,397811,7,22
380315,721028,231287,313781,4,17
616605,688077,237998,878733,32,3
186870,227219,33993,881772,42,2
129664,311214,69475,817662,37,9
20762,941462,337016,810384,23,46
13798,988656,249672,569405,15,48
26224,874072,571037,997535,21,42
68647,634568,91222,400690,15,28
304298,730310,1439,841795,42,21
158782,910442,35237,961143,46,37
141776,802196,352926,918087,28,33
96257,973738,199009,718989,25,43
155535,760554,21110,427655,20,30
184512,850836,196967,742939,27,33
51042,881068,154506,998934,42,41
116771,967018,71562,633790,28,42
604099,765376,490,960997,48,8
37238,992257,303129,805558,25,47
511625,600630,343746,983111,31,4
80756,891009,75229,542001,23,40
717866,906969,55727,985198,46,9
4977,995811,310546,822751,25,49
213206,515928,329163,979261,32,15
206373,490929,56836,931318,43,14
172508,751086,141307,980750,41,28
332241,778009,459803,793992,16,22
298291,952229,3257,967702,48,32
215355,384978,68769,775436,35,8
16198,983587,12790,972110,47,48
144167,835234,163939,855294,34,34
9162,640523,20893,992727,48,31
286672,479827,27978,968887,47,9
96055,909078,129135,695473,28,40
101315,799222,97038,540662,22,34
15146,977793,283031,986494,35,48
803,998761,195606,588291,19,49
217013,777885,528237,904471,18,28
141063,639288,476284,983763,25,24
632317,715143,255393,713984,22,4
113192,995752,149711,842234,34,44
116089,713444,392363,633178,12,29
423963,597624,660015,682933,1,8
284878,604615,409608,950644,27,15
702419,816534,265980,929228,33,5
326794,919781,3889,504146,25,29
183112,978476,594059,681634,4,39
65949,922441,491180,700152,10,42
138261,869995,562379,718187,7,36
438708,848421,2164,640471,31,20
5859,958175,554788,945527,19,47
56809,662058,129085,957551,41,30
5110,854372,657870,897438,11,42
212548,592641,6662,963046,47,19
582427,593138,36875,782450,37,0
173434,836734,34296,874805,42,33
722395,970583,515451,718856,10,12
635334,754278,70953,997038,46,5
105195,944512,464485,575672,5,41
18965,909057,6152,969141,48,44
116928,759472,72930,422797,17,32
157715,740335,62930,592015,26,29
402570,443134,268806,486683,10,2
146857,610287,293164,542230,12,23
25114,999036,176581,953433,38,48
27321,439324,461652,983886,26,20
579820,945271,37726,647721,30,18
217058,611312,188657,444294,12,19
216315,906572,72888,975478,45,34
64268,700257,182582,749842,28,31
237378,924549,658949,959161,15,34
103590,159649,112692,434721,16,2
859849,961582,431334,754979,16,5
187497,716637,145852,591055,22,26
138344,808820,571923,976475,20,33
409978,894705,111749,980113,43,24
50776,141107,40337,824590,39,4
39379,999937,149183,886126,36,48
422319,663326,309973,487382,8,12
100597,394628,134906,771799,31,14
272943,927725,104185,864110,37,32
239541,825346,68941,407873,16,29
220503,436838,429034,440684,0,10
302205,500973,242825,904155,33,9
473924,640939,511664,565511,2,8
248686,967846,106114,839061,36,35
118606,999993,73678,732927,32,44
264957,801133,120943,947318,41,26
3519,969050,319237,978669,32,48
131896,880786,215586,512045,14,37
519305,721145,649731,904525,12,10
498381,657464,428364,731875,15,7
116310,866197,632238,877028,12,37
174830,748334,89540,269482,8,28
80120,599254,813143,935620,6,25
142696,231007,257621,986898,36,4
397807,995726,44464,969117,46,29
637363,813374,618787,977702,17,8
56340,572342,430490,725168,14,25
169804,907467,272634,900338,31,36
241093,818044,225093,882442,32,28
256551,927372,499733,762939,13,33
134781,702542,345838,561364,10,28
43505,413402,3219,999658,49,18
102122,446534,175924,798755,31,17
28925,803972,407232,553563,7,38
108235,401844,188442,888216,34,14
9793,903895,449219,995096,27,44
83934,771033,106495,956844,42,34
106609,975470,75770,952547,43,43
468475,596933,199770,984775,39,6
38848,560041,182277,899705,35,26
177839,750663,57162,999937,47,28
159015,808013,306755,387113,4,32
475120,828439,704601,949673,12,17
421710,467692,21489,907481,44,2
11108,999687,937886,990847,2,49
24791,990690,106622,950117,42,48
108469,635764,132686,424170,14,26
364092,935221,360182,875863,25,28
393245,890709,10344,904144,44,24
848783,965842,279775,699584,20,5
346738,934935,29492,672586,32,29
508804,538807,140838,946163,40,1
23737,916903,102035,356785,12,44
377627,673782,19426,934810,45,14
614632,999090,37993,680937,32,19
389854,550044,40446,988814,47,8
279683,995320,113009,976785,43,35
219899,844985,68997,753872,34,31
74990,669571,25548,930804,45,29
310250,799637,525089,934680,20,24
353222,820828,102805,556800,22,23
60370,256810,230305,993065,38,9
561966,926808,88674,870088,39,18
10253,857051,423510,741571,15,42
151425,526058,29101,389113,18,18
453615,952020,86861,103636,0,24
39137,176852,31445,983275,47,6
429394,777224,187042,323380,6,17
602813,734849,10858,944187,46,6
551277,991570,5818,995789,49,22
294281,495537,361,936794,46,10
242430,663428,587,904540,45,21
607098,954017,301718,793564,24,17
55436,229345,26971,842771,40,8
136546,917114,25548,992348,48,39
100240,191337,34527,711045,33,4
560679,709695,200445,828639,31,7
540678,737642,389533,413864,1,9
459213,790991,258419,961162,35,16
549874,692861,412997,757423,17,7
571689,732770,527055,822396,14,8
225861,571755,162638,779202,30,17
488829,492479,550255,978554,21,0
174195,388122,453711,725049,13,10
19842,979873,188422,720162,26,48
215888,655204,462620,576323,5,21
4788,965837,10030,63831,2,48
365491,605170,627018,658599,1,11
200699,952060,200925,340084,6,37
9792,593835,267930,901353,31,29
10108,466422,531557,931418,19,22
672218,871876,472624,576625,5,9
621242,731695,149612,215893,3,5
266894,419817,78336,815310,36,7
181083,806491,416516,591807,8,31
621,987800,744667,784100,1,49
100385,963716,78384,375277,14,43
70286,204126,217899,958622,37,6
412074,814519,187105,769063,29,20
238857,538976,74851,983174,45,15
112179,670894,80617,612283,26,27
7700,995999,103854,729580,31,49
98375,904970,443166,451814,0,40
236373,960325,82305,870880,39,36
3740,977576,253258,710500,22,48
24980,950929,220803,809139,29,46
212112,581506,54167,767154,35,18
586524,602782,57397,765185,35,0
50556,850771,354579,421841,3,40
6864,975681,84086,980154,44,48
527769,573129,117886,709759,29,2
27677,929594,1289,995452,49,45
65274,70473,18715,987542,48,0
287678,799288,177388,262251,4,25
41654,976855,53465,568599,25,46
15189,117432,65000,98054,1,5
452652,726859,79923,465562,19,13
189528,832036,18062,71130,2,32
6071,934892,168894,281520,5,46
66683,995277,129438,699583,28,46
288154,836371,357696,954923,29,27
84812,903624,271508,600669,16,40
150694,796287,171535,708216,26,32
242373,975087,130262,935990,40,36
106759,154073,97406,959077,43,2
78274,767539,169587,780713,30,34
33258,886019,69,896030,44,42
261372,519410,199702,741829,27,12
50966,434928,540484,965469,21,19
76281,390155,135986,672754,26,15
37247,995854,141562,704229,28,47
16292,641768,542872,987637,22,31
199129,683586,595600,710409,5,24
64110,925996,35843,255278,10,43
15790,985094,250660,340663,4,48
114482,993498,179004,922669,37,43
208573,489373,22003,822716,40,14
65442,967820,91651,974416,44,45
504376,728088,827,494051,24,11
80688,975227,64500,686545,31,44
864582,938844,492624,930361,21,3
581324,918276,166281,889296,36,16
207852,658431,354552,832882,23,22
234997,697616,2008,820947,40,23
383437,808324,491625,873764,19,21
334948,993239,127293,820019,34,32
210432,852617,424912,835584,20,32
65425,879338,495102,912198,20,40
208186,406100,242292,852251,30,9
214486,758798,22640,989719,48,27
530289,952968,429088,516548,4,21
695795,815432,21596,976577,47,5
462338,908861,140802,674479,26,22
148913,606073,14069,107146,4,22
468249,497391,148827,941801,39,1
602773,909148,33894,277532,12,15
226145,703371,545385,849432,15,23
632185,798997,70,143759,7,8
1629,999107,223269,694387,23,49
646479,803343,291708,713679,21,7
6669,532595,281351,941548,33,26
434961,825454,142652,984638,42,19
962959,984808,597741,692613,4,1
4711,701017,446563,521668,3,34
149048,988834,103953,840679,36,41
376129,376938,802741,811938,0,0
441047,918446,469507,842367,18,23
425776,901759,626858,977699,17,23
85952,798856,637557,862300,11,35
90533,924876,1633,690085,34,41
457379,753580,110356,826355,35,14
22015,30529,587885,764447,8,0
107499,891759,82635,881330,39,39
851702,913954,486860,573068,4,3
29138,980703,110590,426785,15,47
517658,717905,159219,760783,30,10
96427,130414,796199,822854,1,1
450272,971189,211824,222469,0,26
117040,615401,17112,637118,31,24
65135,332638,3208,871749,43,13
156861,287594,59418,721660,33,6
212346,474440,749674,797597,2,13
396924,720800,212664,293567,4,16
155545,841568,771957,881793,5,34
87924,878166,43484,540690,24,39
773054,914161,29869,951155,46,7
242745,655436,309149,963631,32,20
413159,549671,234718,641914,20,6
322561,845968,714825,951079,11,26
580809,840666,208704,956972,37,12
211947,309926,104811,806969,35,4
29726,981211,38177,805135,38,47
125011,129438,285121,976473,34,0
348813,920423,392625,965159,28,28
335106,467818,60502,969700,45,6
165496,957628,89043,555877,23,39
165431,890576,280292,837951,27,36
564417,748501,8939,995257,49,9
458251,544783,714,406865,20,4
173413,611147,623159,891336,13,21
397346,978663,163443,938883,38,29
307134,755584,54396,904798,42,22
534670,950913,51426,768905,35,20
64787,996254,166621,867312,35,46
126443,912088,47788,880513,41,39
438784,686462,532497,975484,22,12
158906,986501,17897,141263,6,41
189729,918195,445715,913869,23,36
8404,994789,532442,851432,15,49
136970,988169,351463,507045,7,42
134372,306311,125793,968295,42,8
583614,850607,46622,996000,47,13
106797,574524,191778,945521,37,23
339916,974576,58924,839660,39,31
185538,496320,1298,698056,34,15
54795,725664,25797,830575,40,33
144960,817539,522001,813329,14,33
470997,636546,189451,462146,13,8
76758,996080,274235,740883,23,45
199807,685684,86653,872006,39,24
396505,706484,102001,812457,35,15
54549,942588,190011,959330,38,44
83160,451063,587837,888778,15,18
189188,229950,41629,941979,45,2
53609,968449,764152,928056,8,45
474201,606963,7591,99280,4,6
252758,412047,293177,760213,23,7
281223,888171,557813,796998,11,30
1773,163037,808046,928040,5,8
162671,966517,310969,487140,8,40
269771,782205,10452,999026,49,25
483437,872828,51821,428826,18,19
79813,818250,51581,164483,5,36
512273,823639,709413,841201,6,15
2153,978919,245338,354001,5,48
2866,999127,101024,897899,39,49
633421,784249,267272,354884,4,7
318096,894924,103976,894403,39,28
396421,544570,218523,780068,28,7
24241,974473,176789,705183,26,47
436318,860736,341486,634683,14,21
699076,992398,128699,561962,21,14
449768,900687,381749,614120,11,22
249896,406170,5119,921357,45,7
479130,831338,697348,998952,15,17
271302,610608,402671,758389,17,16
147149,782062,406918,670260,13,31
143357,511357,106693,327916,11,18
384627,788786,446456,863292,20,20
205456,741664,101793,976577,43,26
543904,711092,268312,957987,34,8
352822,589806,465074,565812,5,11
203857,653212,547899,818290,13,22
810130,990335,125493,571167,22,9
5628,970231,90279,890681,40,48
231921,828151,222290,820862,29,29
115232,716971,681595,686015,0,30
761921,985694,302752,680586,18,11
306048,913277,179020,973888,39,30
203981,857666,56703,909882,42,32
79307,85521,10996,947037,46,0
178975,942387,167148,841598,33,38
78543,939369,95372,831254,36,43
209101,271622,490455,952529,23,3
6567,921233,214096,938120,36,45
12896,893876,740859,792034,2,44
35517,556950,89855,992821,45,26
55042,945874,107966,903973,39,44
21902,914788,408093,566571,7,44
22965,488854,385500,419746,1,23
4514,944147,243277,617763,18,46
115586,245930,206318,848198,32,6
382943,401058,78135,567905,24,0
135026,722395,161577,264652,5,29
33239,931838,32303,696956,33,44
114733,963511,507543,883926,18,42
118413,968336,159392,892435,36,42
539686,927674,134200,944604,40,19
774749,983688,403664,629010,11,10
240980,608261,422015,986823,28,18
579085,884779,769096,936728,8,15
513,853028,427590,701517,13,42
84613,912263,25562,988507,48,41
626010,872342,114627,889448,38,12
675781,799118,606924,997604,19,6
41075,718505,17346,998214,49,33
65373,444827,275458,787927,25,18
268964,994706,120936,834306,35,36
347187,725995,423542,964206,27,18
26284,971394,104186,594801,24,47
51254,293752,1137,995431,49,12
666283,746138,467255,853018,19,3
60007,183581,343725,674821,16,6
63159,605921,101911,586767,24,27
32325,743546,90998,784745,34,35
45559,507220,66974,889653,41,23
1632,663364,786139,947394,8,33
19505,638973,176660,831316,32,30
395629,949399,69665,995293,46,27
95683,930326,138577,720956,29,41
101711,631333,441,976397,48,26
601263,989479,159764,997388,41,19
166532,644176,322202,531584,10,23
289281,416541,327179,844529,25,6
333791,484645,4189,989526,49,7
9688,852517,885627,886534,0,42
65701,974529,139694,654935,25,45
681612,833696,5119,112801,5,7
118858,549120,393098,839249,22,21
602735,754368,372183,694426,16,7
288714,700309,700930,847248,7,20
572769,870461,8317,999447,49,14
417074,928728,732000,979704,12,25
130545,637059,718091,837274,5,25
622852,860566,317627,667288,17,11
92816,874044,160292,569468,20,39
92307,910360,52266,950874,44,40
752,981672,465772,833124,18,49
910940,953661,347987,808006,23,2
74413,923986,411718,510692,4,42
55313,134745,42552,894839,42,3
8411,976622,276990,294146,0,48
19144,692724,841911,944604,5,33
372217,845575,570446,707847,6,23
387341,910911,223857,415244,9,26
667832,834266,656844,866101,10,8
139369,762925,140978,966894,41,31
201409,694562,12129,975043,48,24
217578,518787,412072,810612,19,15
217382,219849,388012,925130,26,0
18946,969390,227407,838282,30,47
63203,793239,37860,907261,43,36
89237,962522,72709,741540,33,43
508433,695910,625386,684516,2,9
132639,980120,459157,539005,3,42
565330,905528,568304,931007,18,17
892345,993414,433985,793515,17,5
356688,562897,68092,634157,28,10
11638,985589,436777,666084,11,48
1169,660918,74997,794039,35,32
235444,415467,185271,601189,20,9
526147,914247,41379,938136,44,19
339461,996711,253201,856962,30,32
254879,749353,221666,765096,27,24
79715,714188,28734,753806,36,31
741786,780014,690106,975362,14,1
710477,756584,89869,469758,18,2
340289,986645,165541,812653,32,32
222,998801,626079,859070,11,49
158289,780024,31467,928946,44,31
291367,550768,156621,893314,36,12
48728,563501,601199,861298,13,25
128018,153288,703637,745954,2,1
259982,499610,173859,976532,40,11
293315,975920,554236,685096,6,34
55210,981989,681943,682051,0,46
30027,794511,536604,978399,22,38
40006,967956,71003,926942,42,46
453,395199,460400,695220,11,19
250844,951373,13864,802192,39,35
910380,935942,22370,892508,43,1
58891,570863,65218,904486,41,25
24541,769681,382073,929369,27,37
71742,841573,6033,314326,15,38
73035,586103,932764,997117,3,25
941251,959031,507457,533918,1,0
335746,993081,286388,851638,28,32
57634,902861,191465,374098,9,42
33976,980825,190470,445059,12,47
27358,565044,88911,971883,44,26
629484,988407,11973,943039,46,17
77931,952080,691776,937146,12,43
300433,895400,679728,904520,11,29
65920,725128,217702,280482,3,32
335026,962148,447142,775787,16,31
58208,480053,287162,492481,10,21
32394,712805,270319,278621,0,34
88384,792047,198063,481025,14,35
82333,940880,89244,477306,19,42
20682,930879,77787,918388,42,45
407030,975888,25159,353334,16,28
148481,174743,47576,995583,47,1
596640,853206,353704,984310,31,12
35280,754051,75770,978075,45,35
877665,975598,692775,933257,12,4
78881,662966,98765,498461,19,29
224453,875432,12353,801386,39,32
14430,952369,580753,769605,9,46
195109,969653,9625,260208,12,38
190204,354067,318831,883942,28,8
42213,582586,26452,977190,47,27
148754,962063,297275,900624,30,40
550497,789394,566395,624386,2,11
68066,918800,658740,949189,14,42
86264,839506,310855,939705,31,37
352316,841912,107580,576367,23,24
492130,889502,16390,58497,2,19
488187,662668,41831,682568,32,8
6219,980766,137506,927560,39,48
791710,992916,8305,399165,19,10
543118,934380,314057,987717,33,19
13591,995075,369608,985980,30,49
454693,740366,223220,896654,33,14
278916,962585,555665,648947,4,34
43826,173766,634993,889146,12,6
994,996236,396,494719,24,49
370270,726184,444991,839098,19,17
49199,585989,32607,983594,47,26
7570,263077,136217,259581,6,12
210643,778609,50211,587444,26,28
172575,774609,1070,977298,48,30
277604,343559,724989,932676,10,3
85628,529437,4988,884524,43,22
56950,824360,226794,728592,25,38
342847,791160,212473,495528,14,22
18426,917904,759993,868142,5,44
263348,414612,171917,952006,39,7
1629,869240,464319,925021,23,43
25385,893675,15242,983289,48,43
141130,147990,13971,127264,5,0
61555,877893,441828,879020,21,40
769777,898844,111675,918365,40,6
593336,699865,250310,951222,35,5
117131,751772,311646,702609,19,31
17524,501635,98127,812663,35,24
418631,498312,113798,994005,44,3
50324,999894,202975,996332,39,47
48768,700306,602140,861365,12,32
381617,478840,4027,380323,18,4
13475,986371,439825,829620,19,48
152902,933501,118908,292578,8,39
3387,769873,7642,328284,16,38
429265,529584,53931,853963,40,5
84086,930382,13375,991440,48,42
218260,254423,72755,681421,30,1
73955,155433,333101,949032,30,4
41940,553290,496241,684655,9,25
88904,926461,17161,679353,33,41
36441,969119,3030,999720,49,46
1353,975292,416498,843616,21,48
121558,747685,94471,610353,25,31
481413,698528,435212,894341,22,10
786499,786909,438197,788213,17,0
154094,962809,355117,858295,25,40
7293,750379,64167,929467,43,37
291816,745229,48600,859494,40,22
392035,631725,123264,958190,41,11
24433,982370,128374,423149,14,47
28471,701492,200772,413718,10,33
599140,724581,468585,686274,10,6
794104,879676,129688,516374,19,4
159867,995974,49227,933839,44,41
270046,705904,117119,840217,36,21
224659,722249,535,997452,49,24
161634,912407,24017,997460,48,37
56165,996979,334834,691962,17,47
110831,634317,355089,787534,21,26
78635,425676,537134,951573,20,17
115190,985413,255722,582355,16,43
34193,969330,21437,996816,48,46
36840,435091,20307,812646,39,19
23018,793921,68767,916674,42,38
241119,545227,10490,734895,36,15
208168,936851,338753,723323,19,36
128941,869027,161113,641279,24,37
185170,447678,168109,363633,9,13
512370,769308,24295,379710,17,12
777579,805790,35274,965179,46,1
148414,801017,26000,649692,31,32
167459,810646,742789,864075,6,32
55448,997364,15667,966873,47,47
90121,208557,331659,765285,21,5
294961,728429,223635,389738,8,21
715060,720073,4600,998935,49,0
111142,979218,130222,924272,39,43
302750,837297,264046,741757,23,26
5391,958952,83049,979724,44,47
31403,586042,65160,818356,37,27
745969,810202,287125,617680,16,3
804631,932310,781524,903697,6,6
135868,872632,506937,814700,15,36
84618,757052,318306,361758,2,33
189347,563927,180246,827983,32,18
177848,210831,327479,604954,13,1
23149,901197,542982,890735,17,43
484136,584639,255844,267250,0,5
240614,265532,142718,629943,24,1
4133,556980,70899,279633,10,27
545836,904911,419694,964710,27,17
51032,255396,245695,915905,33,10
866137,903173,728063,740239,0,1
710888,744645,79187,785702,35,1
193661,673877,613256,888265,13,24
432953,904895,664125,943979,13,23
321369,827926,287328,894527,30,25
392888,830923,242152,900868,32,21
336490,890977,841527,864405,1,27
197176,351181,289763,793898,25,7
4329,842137,142661,518643,18,41
381258,622604,140074,660195,26,12
241227,575521,52737,954944,45,16
74034,963083,18873,150511,6,44
212578,292912,23139,994084,48,4
313534,677953,110099,995964,44,18
599,994537,121494,409788,14,49
113279,910024,116819,655415,26,39
15819,958367,57634,985428,46,47
123358,848271,753695,947578,9,36
409917,620183,418256,508877,4,10
440875,897728,5223,919257,45,22
59680,367006,358113,987217,31,15
285271,961509,582881,975823,19,33
103634,663585,100560,463085,18,27
413969,478498,228642,403326,8,3
443,996160,15465,931110,45,49
22723,976377,721918,751141,1,47
471408,834604,45151,991036,47,18
98098,450506,229753,981576,37,17
127953,760256,128244,934739,40,31
145070,833779,5214,983720,48,34
18799,850306,108401,351494,12,41
105827,381779,522930,812220,14,13
289502,932358,81132,81518,0,32
471357,641752,145850,779527,31,8
52926,303819,381816,647924,13,12
183983,865560,114786,680841,28,34
187764,329609,210459,807888,29,7
127545,342036,129775,492460,18,10
143203,392596,66384,933513,43,12
48830,765379,13358,986377,48,35
98017,826439,174029,929409,37,36
123159,906015,3324,918762,45,39
481628,938254,30943,992886,48,22
390413,862608,49503,971917,46,23
128576,919735,654936,695473,2,39
778873,837093,59,997106,49,2
842,999357,63611,882916,40,49
474506,587563,402019,875816,23,5
102858,595764,475478,771253,14,24
65128,953538,249430,550683,15,44
10681,932169,53476,928682,43,46
1054,999546,409859,668170,12,49
551793,573107,349126,698178,17,1
113033,858048,127921,902740,38,37
192564,406190,456001,782050,16,10
13358,797915,89012,863241,38,39
68896,604882,113847,897193,39,26
310368,968562,148824,185882,1,32
919275,926561,43724,904418,43,0
37936,782771,138194,931751,39,37
146892,996000,30024,980435,47,42
191730,662850,158797,846389,34,23
172343,300758,115477,946370,41,6
1813,998242,506547,776573,13,49
33827,773472,48652,987473,46,36
20181,942745,175899,430571,12,46
180115,469722,53750,630279,28,14
218433,510541,22966,37420,0,14
479714,573682,747165,971477,11,4
121943,788478,51270,645842,29,33
830981,904528,165556,957843,39,3
323234,617225,185669,766444,29,14
512003,721874,19766,986873,48,10
226737,762936,514825,587522,3,26
99080,859971,248974,977928,36,38
62002,796461,540796,558397,0,36
83528,883669,79639,853374,38,40
29198,918069,333418,951849,30,44
856103,931798,461497,912270,22,3
33900,958712,713361,769186,2,46
618204,833848,4144,870911,43,10
111141,877898,363205,656237,14,38
349238,990172,3873,271004,13,32
271066,818839,809423,870597,3,27
18036,749826,289849,349599,2,36
580782,634321,22549,995514,48,2
288084,501209,344265,813726,23,10
170714,896606,320080,675598,17,36
539620,750281,272823,954154,34,10
82781,951561,740080,913101,8,43
93358,778281,131027,871863,37,34
436423,439420,128932,899886,38,0
10910,785843,326625,975918,32,38
145815,949967,95049,800919,35,40
826171,853026,339355,652853,15,1
153976,286123,103460,268878,8,6
68602,249044,74400,876291,40,9
698415,777993,763563,799024,1,3
317202,639470,2949,986702,49,16
168473,506137,819696,887471,3,16
107613,751108,19667,196133,8,32
578156,805258,548648,826675,13,11
21045,725270,41546,891410,42,35
110931,856068,223675,812579,29,37
723603,779659,113557,861641,37,2
319555,754557,212750,276250,3,21
5462,987974,448139,790073,17,49
181350,620205,81869,114721,1,21
40058,531462,232597,580417,17,24
337868,549116,200816,415392,10,10
161576,916317,72363,578463,25,37
95037,761135,24630,986142,48,33
32236,587068,585661,836246,12,27
464828,713531,257617,901371,32,12
487373,571482,662612,951347,14,4
456857,748671,327079,945450,30,14
650623,859307,190399,240899,2,10
121523,390641,452175,579494,6,13
105644,983927,38012,78532,2,43
265579,473465,801,847051,42,10
150402,750342,124607,288591,8,29
140410,752592,354537,832155,23,30
494685,538958,260491,998345,36,2
276046,442114,184248,765435,29,8
25250,920054,592406,964017,18,44
36368,933242,715310,888518,8,44
327532,880569,88103,915834,41,27
668941,745185,158164,903012,37,3
318272,751924,441,946809,47,21
270893,466888,603216,843926,12,9
564386,983041,564142,866855,15,20
513796,755785,163706,400713,11,12
44551,291547,103864,124279,1,12
37894,971372,472559,884863,20,46
44187,944395,451177,501941,2,45
227064,851192,53649,916426,43,31
152230,969694,282109,518425,11,40
94712,374487,31135,647328,30,13
40852,582808,130794,187271,2,27
543638,994602,213540,892286,33,22
214904,832312,439915,956594,25,30
53124,889322,343877,639493,14,41
90048,476742,462955,582134,5,19
260438,859455,194628,865289,33,29
45043,969208,533593,917046,19,46
110964,875606,151427,704441,27,38
77891,962200,134703,630833,24,44
434604,739261,866570,955466,4,15
165145,840139,255343,284396,1,33
16094,749021,10904,866818,42,36
78129,991303,74505,953946,43,45
584088,974247,96033,441840,17,19
507964,527633,55718,859115,40,0
282570,801805,52019,557593,25,25
559556,660626,154291,767064,30,5
18936,966547,105733,933868,41,47
14870,41818,229581,297978,3,1
214127,694353,262,686632,34,24
54601,811285,8979,950004,47,37
156270,779472,396044,923403,26,31
2972,187375,269224,406002,6,9
