94638,291183,218183,732786,25,9
180394,798814,108402,913111,40,30
425903,481372,579337,632981,2,2
157208,965126,201378,503005,15,40
313157,629281,48203,968731,46,15
111451,717034,347753,879251,26,30
72171,996336,432471,709798,13,46
3862,983023,598428,953637,17,48
491173,883784,548323,845074,14,19
136649,458408,152331,929008,38,16
220506,845115,121312,161740,2,31
518452,814920,152387,172651,1,14
34241,598482,465471,990386,26,28
8057,939730,10887,607761,29,46
256032,947597,183850,981357,39,34
562737,869048,368185,653688,14,15
570241,833194,346583,585273,11,13
704034,912292,864562,998391,6,10
179851,903727,500497,843069,17,36
233323,992043,489935,513674,1,37
214007,551983,442434,629227,9,16
681581,739540,157089,590185,21,2
237026,377982,423308,640044,10,7
333379,779225,315691,966008,32,22
384001,799212,75712,663018,29,20
81261,409243,45762,922820,43,16
17153,981505,311050,955056,32,48
407548,986294,202944,939051,36,28
1122,989651,34940,917887,44,49
60438,301135,56364,851404,39,12
94726,714583,38577,972883,46,30
253772,921153,382019,488667,5,33
43622,803750,603298,887209,14,38
288497,976370,543366,854621,15,34
255845,462375,350162,632385,14,10
527756,935444,51945,589705,26,20
348689,794594,349943,728142,18,22
151679,880383,219925,387916,8,36
748301,886066,203710,563215,17,6
363769,367261,114425,143473,1,0
394127,545619,551435,849457,14,7
70317,970548,199492,703432,25,45
334623,997901,624155,662759,1,33
126007,307221,465795,511889,2,9
128029,221911,631767,899482,13,4
44833,788180,38294,914911,43,37
433027,553811,133674,954885,41,6
229044,856081,205723,807334,30,31
413173,623598,324166,962330,31,10
147997,187606,287616,780793,24,1
24384,626598,22381,996619,48,30
10901,820496,74365,964317,44,40
70893,845827,681921,837157,7,38
87557,137302,140476,841176,35,2
250837,981358,593352,839778,12,36
210156,449227,83873,891158,40,11
348587,744368,377722,979963,30,19
439557,879624,129529,958928,41,22
813641,850419,165045,927696,38,1
11312,927103,845359,852015,0,45
149424,529839,243890,771486,26,19
166811,995964,397995,597205,9,41
2290,920990,10662,585421,28,45
289527,432956,39810,871295,41,7
230272,985166,173000,395587,11,37
465623,898884,90959,675216,29,21
573802,912064,541967,926224,19,16
81105,976154,133233,688030,27,44
270251,731112,106604,970287,43,23
21623,682056,73081,949062,43,33
63325,222399,249484,601219,17,7
7816,971266,10255,798930,39,48
251735,835526,703188,827036,6,29
1513,854440,235128,986509,37,42
20868,693011,230247,995291,38,33
203914,798808,316005,358312,2,29
815925,870652,39838,760331,36,2
196058,656331,101840,869408,38,23
205813,464001,149106,328374,8,12
338141,935929,106729,842692,36,29
596641,958316,464898,795522,16,18
564949,837601,61996,937725,43,13
25820,981562,219079,850400,31,47
92328,908067,302050,485712,9,40
492389,508978,48145,586766,26,0
468173,904171,101349,269900,8,21
210480,740957,434819,653739,10,26
240719,411924,606659,670190,3,8
118980,905666,317772,833414,25,39
19022,938784,102852,820550,35,45
97184,323071,121399,967069,42,11
121877,909991,169472,762696,29,39
381137,736193,634574,917793,14,17
296451,418953,6544,994569,49,6
56108,847787,152909,812566,32,39
760840,825744,131841,581611,22,3
87973,942716,99529,862318,38,42
339925,461131,3746,964394,48,6
481436,893956,731913,942339,10,20
27160,918484,351476,992722,32,44
25893,855639,139426,981562,42,41
79953,684366,59122,113661,2,30
209082,980151,117530,475485,17,38
24371,385450,74167,799516,36,18
486513,988505,771743,818732,2,25
121278,719083,9755,286106,13,29
558853,873996,448283,779580,16,15
33216,517063,210658,972614,38,24
118103,967534,3820,984958,49,42
470184,898643,428138,914499,24,21
51355,924486,292775,968157,33,43
17039,892853,484741,551863,3,43
264668,531803,11750,994704,49,13
1148,236439,570065,912211,17,11
76889,729436,804601,910587,5,32
307492,782054,141440,955981,40,23
234625,990484,6005,992073,49,37
511432,758107,61202,951027,44,12
191749,897160,242758,952142,35,35
86504,974030,394853,641249,12,44
172738,699136,29139,82084,2,26
516051,852406,465861,603502,6,16
119339,767796,7385,331261,16,32
675547,907426,227192,808405,29,11
72735,741152,242085,853472,30,33
139432,590320,268470,857430,29,22
25336,966481,347094,848773,25,47
514490,799212,107876,896075,39,14
215664,341991,495617,997726,25,6
21457,152596,34264,903025,43,6
118760,388018,251783,915360,33,13
56903,274801,925539,999539,3,10
91962,768646,350198,394358,2,33
179830,415666,87737,759021,33,11
483799,806044,61422,292494,11,16
433138,604160,481975,594824,5,8
823669,982016,269303,697151,21,7
9444,868565,427601,479073,2,42
308941,994717,46446,673783,31,34
32770,866271,135491,713044,28,41
37736,265542,395911,587355,9,11
96048,475544,261063,261114,0,18
429956,973331,115184,793696,33,27
117545,879497,185361,770773,29,38
212847,288622,377751,924755,27,3
748532,761101,89737,983930,44,0
109456,504877,292313,988157,34,19
69751,380697,154395,760170,30,15
646632,885586,36647,722521,34,11
83544,641251,128853,721619,29,27
11750,616269,12856,744088,36,30
110237,635777,501143,824832,16,26
726342,793958,354844,771036,20,3
404004,697689,6726,994156,49,14
515775,805349,23165,963012,46,14
135639,960522,86293,968755,44,41
5833,902655,19149,954726,46,44
260508,863362,21081,411297,19,30
59268,956461,114537,450538,16,44
207658,273130,591715,838634,12,3
94830,944521,98074,265898,8,42
265627,800964,196623,458360,13,26
214375,900556,53103,922536,43,34
133868,995719,451119,727028,13,43
240967,606629,284582,693830,20,18
333642,769655,123683,975758,42,21
310201,850906,14978,412630,19,27
299697,881299,889442,904658,0,29
50479,950055,183169,614656,21,44
121804,726383,187120,882499,34,30
180755,715363,789274,828883,1,26
705880,945075,102606,819260,35,11
362024,745643,299301,640209,17,19
83748,944862,151742,726290,28,43
4720,998088,176666,866284,34,49
198423,983299,110075,897490,39,39
692027,693424,297401,655059,17,0
63825,823021,392138,650883,12,37
129916,319191,74574,860308,39,9
28023,54248,325336,627478,15,1
632237,949757,101382,409447,15,15
56855,471696,21894,293009,13,20
46618,737008,432910,502991,3,34
37805,498014,10240,195316,9,23
506753,733687,319313,871142,27,11
100924,458485,160548,865129,35,17
605784,982781,7154,824021,40,18
582150,978243,122189,910551,39,19
318973,900683,22345,764390,37,29
205796,919878,154706,749964,29,35
620809,621150,12749,213843,10,0
87780,625318,74003,973206,44,26
408226,651581,684823,713740,1,12
603397,840404,204050,597684,19,11
569,976936,9903,596834,29,48
33896,359286,77061,796398,35,16
422041,945896,94488,822350,36,26
442868,944426,118475,800318,34,25
259844,771288,35383,883430,42,25
534932,973596,404026,981499,28,21
353273,455471,361607,753245,19,5
63210,735936,68320,962706,44,33
601078,939060,252828,319633,3,16
278903,803584,164151,712047,27,26
205613,997012,206741,939398,36,39
328010,947035,287272,922404,31,30
543961,750973,439494,497510,2,10
188046,825101,188021,716271,26,31
139056,989884,353127,807599,22,42
46723,987512,14976,816423,40,47
46494,998190,12881,958446,47,47
26287,592655,376552,510989,6,28
784490,837712,91402,154508,3,2
21462,996785,280758,751070,23,48
113671,707601,14995,431998,20,29
206451,762420,146160,916532,38,27
124065,200135,70123,921743,42,3
19549,993489,65328,381087,15,48
17499,755143,11511,791194,38,36
735965,941304,89655,507455,20,10
329944,654869,28087,978442,47,16
128752,858223,834601,845665,0,36
727517,837287,887635,965128,3,5
428483,584618,110355,582403,23,7
575615,831682,532997,846963,15,12
42714,371217,44784,950095,45,16
317804,333555,862065,916443,2,0
760122,775439,66873,636091,28,0
289840,447148,123816,723102,29,7
410065,752517,294354,831414,26,17
50527,822921,50432,285774,11,38
695805,977345,371635,790557,20,14
12041,957812,832847,941641,5,47
765360,900651,497667,709242,10,6
466944,700148,72817,956626,44,11
57231,775777,357938,610734,12,35
61361,938495,108600,926194,40,43
35171,877108,163428,795459,31,42
182623,289579,278979,597909,15,5
589901,646660,45295,899601,42,2
216135,466285,105436,625970,26,12
753419,899736,1592,998217,49,7
301943,688870,18152,835912,40,19
24596,491658,548601,946750,19,23
345487,863892,410029,493301,4,25
428683,927192,73460,819742,37,24
28027,950271,286548,807038,26,46
579089,859319,293774,619527,16,14
29015,929802,110733,848836,36,45
416015,470122,510635,802520,14,2
287027,691394,62805,913514,42,20
549630,914533,40044,897598,42,18
102641,838269,59366,866191,40,36
300942,357342,237274,783476,27,2
101747,793083,43208,995140,47,34
264258,797072,5758,669394,33,26
57873,922309,135382,867552,36,43
324230,457221,118251,960709,42,6
449667,840084,120776,181622,3,19
311695,811688,390782,825052,21,24
263905,950470,189945,293194,5,34
475159,987668,70611,998070,46,25
548489,879417,202514,454635,12,16
29014,976708,180418,198270,0,47
232681,610231,134332,598353,23,18
438112,764337,514801,595554,4,16
464415,877647,24701,159364,6,20
187506,396911,488024,938706,22,10
150093,776516,35228,874962,41,31
371594,439829,644620,933582,14,3
314775,786323,25781,761833,36,23
578245,859507,77901,948389,43,14
111384,286891,349667,902014,27,8
217104,875897,39366,82429,2,32
348248,926242,168577,945534,38,28
2032,995542,638091,815279,8,49
262549,902586,144279,806624,33,32
427196,967700,623908,892690,13,27
184517,953420,682481,863104,9,38
317627,458322,87321,942464,42,7
347004,848521,28645,616783,29,25
358099,959886,149365,904912,37,30
151809,989931,63863,746541,34,41
388878,407952,11717,783816,38,0
587805,681437,262595,335111,3,4
700866,957651,42756,990932,47,12
416835,717256,73143,476256,20,15
136812,249522,592702,623101,1,5
623193,945128,396800,895949,24,16
225176,363584,857499,947434,4,6
77611,723882,307760,825139,25,32
305928,840176,116692,969004,42,26
368523,847908,101390,674988,28,23
350836,415789,307440,841517,26,3
171339,815282,75022,840429,38,32
302061,480739,490558,892199,20,8
25312,262856,574695,980411,20,11
172337,365482,8774,887012,43,9
156779,672065,88126,111627,1,25
713671,824604,249320,374177,6,5
205482,842265,633668,766514,6,31
21502,926776,189479,964166,38,45
348475,910966,130013,745071,30,28
933577,937569,152460,986344,41,0
195095,899801,342984,760840,20,35
177728,987804,624653,803467,8,40
82448,986264,145548,934279,39,45
152599,404575,217786,422621,10,12
110940,972853,669727,954504,14,43
97700,956908,284041,855158,28,42
140547,631069,811657,894046,4,24
400994,829848,54103,994100,46,21
113846,778573,51850,961583,45,33
333558,367468,436767,695645,12,1
37541,920403,137540,642205,25,44
18532,783887,5540,54738,2,38
5467,918729,212660,965810,37,45
9026,837031,22362,726015,35,41
27799,433242,12411,784416,38,20
721629,816105,128557,145306,0,4
160532,797324,181405,825713,32,31
123584,317155,125252,896477,38,9
594720,742644,79665,615919,26,7
240782,932995,94073,983358,44,34
482982,848644,298661,346300,2,18
131111,908260,114032,590686,23,38
202879,752093,820259,860541,2,27
149238,905399,387820,919913,26,37
393964,851121,13082,997277,49,22
746219,895693,886258,950836,3,7
277646,906774,479569,757616,13,31
307503,952244,549017,582736,1,32
293584,866734,30135,958493,46,28
41371,967841,24753,360427,16,46
284837,927398,58600,739470,34,32
170088,626876,188941,263600,3,22
6239,931515,169627,892434,36,46
83575,87607,22772,979664,47,0
203594,987583,60185,919227,42,39
138851,790733,760449,830741,3,32
303015,403226,61231,393772,16,5
257220,338108,376256,771835,19,4
310994,961721,341669,876689,26,32
263755,942136,116254,823789,35,33
25632,982919,175334,661976,24,47
8968,126835,58152,585382,26,5
66234,554516,235545,479169,12,24
152822,438381,4885,962442,47,14
401628,979289,109356,320747,10,28
44121,857764,534260,879259,17,40
121513,831054,54033,879709,41,35
31522,285590,953517,960944,0,12
256577,737723,56994,332763,13,24
646878,983968,556871,716521,7,16
249818,882024,284904,871771,29,31
384350,824726,188832,350836,8,22
20219,956183,25585,975953,47,46
823281,974544,594731,644546,2,7
83835,863318,202105,964623,38,38
683078,749923,351117,734023,19,3
151370,838549,5052,999074,49,34
385809,850026,110150,997101,44,23
271712,621858,48178,865933,40,17
29976,987606,651945,972171,16,47
395901,549676,335490,364965,1,7
53361,924380,303373,954214,32,43
2816,990510,192531,909027,35,49
528500,802815,733942,908542,8,13
33771,441302,102517,652480,27,20
312493,994267,275346,942598,33,34
283789,853387,22566,466219,22,28
11815,888571,177632,290213,5,43
291723,417126,115210,551388,21,6
130112,747195,60218,931929,43,30
705618,722647,52576,534013,24,0
23358,534300,618933,722257,5,25
268017,891430,742250,815778,3,31
696903,980574,137804,858925,36,14
833711,881882,191070,989787,39,2
224157,647360,773653,792629,0,21
127461,890469,62784,981940,45,38
610728,699059,4637,984817,49,4
59870,990857,339770,511929,8,46
282929,991066,741579,801251,2,35
76810,696575,738903,837026,4,30
172454,944612,182469,831958,32,38
247362,386978,394392,730231,16,6
263415,996384,401297,713981,15,36
77225,178265,17350,587830,28,5
202021,582434,15625,206981,9,19
336752,982401,387282,772506,19,32
37023,925765,134263,944666,40,44
6203,991612,578539,956754,18,49
203517,692328,349720,825713,23,24
325007,364019,174558,552786,18,1
948919,965073,235169,462787,11,0
130714,174183,260089,579835,15,2
182185,659235,129888,727298,29,23
603995,879575,131598,906045,38,13
50357,968048,313513,530649,10,45
7090,999697,747848,999559,12,49
298314,509511,237373,269838,1,10
118506,908023,291403,985780,34,39
515009,943399,18070,159711,7,21
332529,521280,594384,822635,11,9
35047,925069,9877,915532,45,44
2106,518541,22045,991413,48,25
33322,302379,10252,820579,40,13
50522,910755,5624,710876,35,43
65303,872534,550412,586188,1,40
854216,914425,191949,965363,38,3
275427,972125,135617,976313,42,34
52184,817598,12286,961944,47,38
170181,778851,413457,738386,16,30
243678,942708,97256,390699,14,34
278493,562620,756676,861072,5,14
91466,754419,90062,386561,14,33
7328,947005,117707,612968,24,46
96592,983039,197335,891786,34,44
115555,604149,394309,878560,24,24
275905,700314,672359,759076,4,21
381669,823961,206981,961724,37,22
452574,478320,551989,719463,8,1
216972,532286,511465,567634,2,15
87178,954161,339480,877504,26,43
59282,212358,19520,970441,47,7
265449,422441,803834,897292,4,7
254947,821161,481077,509362,1,28
889,929251,300034,977658,33,46
501280,508831,740578,888280,7,0
175085,512839,225797,745620,25,16
70663,195554,74177,237110,8,6
927217,958802,464355,740813,13,1
453614,710430,310548,581529,13,12
317468,448935,440161,991122,27,6
345862,716823,398942,778693,18,18
488848,657474,389023,518777,6,8
358,973856,174723,878407,35,48
116236,472148,30588,941040,45,17
547249,896960,15851,844127,41,17
315106,814258,8197,207978,9,24
379203,884954,50842,708185,32,25
353349,991332,36651,803618,38,31
113287,714475,129049,911791,39,30
388578,595963,42178,705072,33,10
186428,338132,97984,592347,24,7
336734,895185,513929,605957,4,27
133975,998402,89109,592907,25,43
350742,869365,81872,944317,43,25
252828,752722,34973,981058,47,24
54588,439891,223926,722797,24,19
7404,980297,792280,963104,8,48
791813,920879,175656,455742,14,6
51275,209812,582648,972530,19,7
451780,936587,194002,775604,29,24
388980,711948,3380,999947,49,16
533878,798651,657063,863747,10,13
627114,950634,469205,902547,21,16
33961,55858,59762,695464,31,1
305103,884631,256063,518947,13,28
62605,318686,586725,627362,2,12
57072,722523,12092,636666,31,33
207134,365027,229740,986647,37,7
483853,846284,386394,874893,24,18
352347,613642,35384,926245,44,13
247768,527311,115923,668544,27,13
285686,787130,582178,883757,15,25
249435,900525,47584,991247,47,32
55752,872922,199806,575414,18,40
135560,920742,144703,581167,21,39
340816,799088,56031,528722,23,22
116423,265134,374165,998618,31,7
69898,960017,571572,958852,19,44
131337,583897,145273,717310,28,22
389745,572754,132539,735387,30,9
231430,828951,826358,906730,4,29
684275,727417,45959,860792,40,2
956711,960825,724521,828651,5,0
194493,758507,147768,328397,9,28
34498,823932,202558,516298,15,39
58834,897190,270725,874860,30,41
37642,457360,263778,691603,21,20
69570,846700,132474,695773,28,38
29846,924905,162022,759261,29,44
383928,998318,156815,280810,6,30
436528,978331,725764,800693,3,27
71399,914174,121488,994285,43,42
63820,993118,60704,673231,30,46
112990,909861,277996,308397,1,39
30941,994853,266878,820017,27,48
80966,977706,112186,201277,4,44
23801,985412,410578,452403,2,48
251504,602223,228528,484752,12,17
437748,647858,462288,997683,26,10
196702,319363,704989,747692,2,6
234934,990816,241417,875664,31,37
1925,836007,428284,903389,23,41
56174,852838,3703,992914,49,39
359616,952088,26280,935205,45,29
219162,996812,104236,192062,4,38
564785,863626,28829,690345,33,14
15311,981537,383859,907050,26,48
114191,769357,371666,668504,14,32
96064,284121,304219,982332,33,9
807523,974291,655179,867822,10,8
98477,478423,349099,938930,29,18
724802,879979,115827,935721,40,7
240842,438204,157240,907447,37,9
756344,776146,51761,741502,34,0
117704,316085,248184,501586,12,9
443744,969213,588522,812408,11,26
239394,893530,28675,112819,4,32
27096,563040,140194,596103,22,26
379829,876774,20352,983990,48,24
33070,977870,59456,774829,35,47
30449,934764,129275,616657,24,45
224478,829621,371909,581233,10,30
72782,206443,27210,926502,44,6
163051,442096,119536,947744,41,13
140362,973097,33528,791588,37,41
608960,772030,929666,947008,0,8
747518,928847,338578,618893,14,9
309658,687253,134874,296017,8,18
62387,784407,617655,743444,6,36
16619,875406,259235,876308,30,42
730350,744284,188822,996880,40,0
536273,758499,357551,997620,32,11
444502,799395,6757,960549,47,17
212298,774476,120620,870405,37,28
1134,999924,180221,945612,38,49
522184,856022,99369,912338,40,16
665253,802484,337915,926890,29,6
230848,398599,6540,996896,49,8
232160,313031,292501,391056,4,4
55906,917863,55032,399953,17,43
24337,965343,72983,984630,45,47
23538,970437,326115,938326,30,47
370352,548145,152206,581616,21,8
297999,582415,389236,685026,14,14
96552,322776,158407,636938,23,11
242496,743496,621616,748051,6,25
469127,791287,180829,538452,17,16
117767,626906,534127,746564,10,25
61954,150686,235842,713916,23,4
137163,648003,396575,618729,11,25
133627,790185,68775,530136,23,32
491485,897512,63704,986168,46,20
164057,498384,567505,747033,8,16
362845,699971,102019,828786,36,16
729136,846970,366131,788460,21,5
474520,491438,396803,785575,19,0
44750,414378,410803,801637,19,18
542639,658995,43881,967016,46,5
563712,904522,106088,993131,44,17
80874,803547,305189,831860,26,36
751023,938981,41695,855747,40,9
492076,753658,51305,844434,39,13
93967,974444,30000,433041,20,44
225888,987483,10748,33849,1,38
223653,435784,354210,895719,27,10
263313,574763,78126,886084,40,15
303984,344234,502684,878231,18,2
23860,865775,277695,973029,34,42
303497,990961,102875,820743,35,34
503538,920312,484774,673526,9,20
362022,539034,396813,428822,1,8
301884,924264,10421,985522,48,31
23762,996893,495591,932084,21,48
750600,980710,24407,319830,14,11
205550,964986,735333,895428,8,37
249410,915138,36155,771471,36,33
53065,981206,74185,588729,25,46
784576,818132,19678,962343,47,1
391,746452,194266,711322,25,37
430900,903116,100458,937863,41,23
283591,673756,297133,972303,33,19
654336,842490,64566,967589,45,9
239379,475992,22110,857610,41,11
556353,999063,718314,923710,10,22
117063,662226,39304,945279,45,27
175988,352267,84558,373086,14,8
137423,863568,350592,690018,16,36
126429,309689,141784,210289,3,9
158375,712956,1772,876173,43,27
121071,179193,116742,710807,29,2
36948,940439,207227,543070,16,45
78912,983645,389180,460163,3,45
349339,906661,130888,306082,8,27
115458,810325,97219,897488,40,34
32733,958419,55394,882188,41,46
31584,755519,142921,935328,39,36
59310,777159,406736,980406,28,35
413000,863337,704492,729401,1,22
19831,953428,160039,965495,40,46
429495,993119,4838,998948,49,28
213987,840234,28925,57658,1,31
73603,823299,779139,962932,9,37
89720,870840,285616,988289,35,39
117901,660493,126807,736822,30,27
444901,884311,426600,838284,20,21
355094,698826,31355,596124,28,17
360658,781256,686049,713202,1,21
571235,637662,133179,957163,41,3
224340,743881,366004,744779,18,25
21519,605210,141855,687592,27,29
210814,894279,526005,991782,23,34
340696,654477,70505,562351,24,15
133612,937231,108089,587067,23,40
16460,152960,663359,931765,13,6
152010,630240,86599,375427,14,23
98027,892631,296254,665636,18,39
138341,791918,47923,777814,36,32
202855,755047,218575,904318,34,27
135441,676305,528375,969752,22,27
136521,983656,71499,999578,46,42
309715,933761,183436,589686,20,31
205649,971889,193970,796889,30,38
513701,673588,446061,858274,20,7
277197,975073,94928,492018,19,34
669462,730110,36418,972809,46,3
1657,994727,249246,895590,32,49
110568,984234,107438,959114,42,43
229908,620536,67808,936034,43,19
74955,991661,350187,571410,11,45
39660,979371,118247,494364,18,46
180658,813910,336427,770117,21,31
715249,955202,316921,568537,12,11
359713,997432,620724,842144,11,31
19605,976806,735752,904297,8,47
312174,968443,380387,746036,18,32
47560,987153,538975,723530,9,46
24934,891564,405331,996313,29,43
487894,829495,327591,600429,13,17
193788,650089,409303,896749,24,22
369406,957840,123945,931112,40,29
51121,502828,482740,706894,11,22
382621,427769,110031,345561,11,2
165760,989915,409362,677813,13,41
376643,793692,447014,746165,14,20
755077,981802,227971,563309,16,11
576033,644576,15206,989740,48,3
360457,735603,493095,846487,17,18
407152,566202,229895,488273,12,7
127831,557657,183474,878358,34,21
391284,652936,470402,952764,24,13
189501,457764,136089,645506,25,13
460312,927200,891606,980688,4,23
69044,329039,98896,838093,36,12
624525,998956,274751,985573,35,18
242601,862496,92309,644802,27,30
14195,988475,752751,882683,6,48
242609,594362,15267,985872,48,17
91366,216449,174644,705526,26,6
385254,883371,149101,474159,16,24
262372,835328,345275,784862,21,28
613404,972410,532908,562395,1,17
305481,609325,466399,740406,13,15
1621,999105,875100,942661,3,49
435595,796936,322021,971770,32,18
25859,590576,214641,266003,2,28
4245,994573,633254,962685,16,49
267750,673458,78835,733052,32,20
129283,132826,258138,848316,29,0
190317,913495,15344,926772,45,36
50867,831212,175899,227381,2,39
228777,827214,318690,397328,3,29
24582,952264,291396,994761,35,46
222466,862259,48366,950291,45,31
216170,932288,140104,987528,42,35
583612,674112,343626,512050,8,4
286578,301462,82394,277975,9,0
304441,756243,746088,829294,4,22
64885,814645,603935,623228,0,37
764215,796872,782027,803043,1,1
14916,733090,260907,594240,16,35
185090,978466,24977,993884,48,39
628922,735817,64208,960444,44,5
120543,938012,9384,784281,38,40
857095,923051,332766,600475,13,3
446388,630286,17293,960099,47,9
640748,908857,12181,934811,46,13
81675,132277,364169,836906,23,2
28889,972084,113686,370907,12,47
114416,508504,597,994068,49,19
198674,801789,106883,282671,8,30
80524,201111,208126,678062,23,6
331270,470541,154985,786873,31,6
285769,702812,37813,923317,44,20
458608,849214,126727,869988,37,19
231890,402517,495914,989541,24,8
210347,917690,31429,802093,38,35
474007,974499,96224,996937,45,25
241037,563863,291624,895155,30,16
67679,595223,76695,940825,43,26
335864,907204,32094,858349,41,28
190541,673270,25749,960358,46,24
102913,983722,178454,893942,35,44
250930,995843,229035,773323,27,37
653743,968614,569715,673708,5,15
85129,324500,583236,688060,5,11
174370,857541,273229,962345,34,34
187388,956960,94820,458904,18,38
39592,67036,163038,943592,39,1
717241,918844,54182,932754,43,10
142348,925562,110376,291035,9,39
239390,671477,661119,965571,15,21
439009,805735,66784,937691,43,18
4492,602534,587102,901909,15,29
43539,880569,32199,870107,41,41
485959,602232,79427,719450,32,5
340477,873193,149159,537726,19,26
220147,709246,286711,995895,35,24
36558,709970,498423,760120,13,33
163474,894379,238683,529437,14,36
405681,918204,438508,934262,24,25
372240,812911,40527,857712,40,22
436430,836428,13864,858983,42,19
422447,518602,173635,904304,36,4
81445,963038,241726,702724,23,44
143137,571214,468947,525366,2,21
572864,845251,43793,566995,26,13
264156,993905,882876,953085,3,36
142712,874837,348871,937707,29,36
310833,847626,114419,761252,32,26
54252,771090,151038,282122,6,35
77991,258223,105833,998492,44,9
171,992934,358192,959970,30,49
60569,918388,16969,855501,41,42
93334,750526,174508,889379,35,32
33294,556090,418945,853423,21,26
157735,475502,669908,830815,8,15
153670,563334,20257,973522,47,20
784368,933132,135237,927944,39,7
91148,172488,443024,742867,14,4
40392,774528,59602,105706,2,36
212969,606823,16733,973610,47,19
449047,791726,167455,246115,3,17
81886,907167,18819,808211,39,41
109947,822182,448757,794063,17,35
208060,808894,201729,861829,33,30
202814,973699,15114,849262,41,38
467101,655712,559,346023,17,9
253247,913907,143851,819782,33,33
284485,762284,391374,837679,22,23
684812,943629,92488,760588,33,12
249907,929011,372121,794130,21,33
199636,317038,306219,813095,25,5
144845,833399,487374,697703,10,34
554938,742817,150107,694214,27,9
57069,990591,317332,943539,31,46
145700,673262,94383,916209,41,26
731543,834050,24902,991306,48,5
96138,408598,136818,996632,42,15
112640,835614,324433,939468,30,36
52475,497442,25595,932833,45,22
41949,875450,238495,632017,19,41
457931,753687,235089,744473,25,14
117602,462045,8106,998786,49,17
381851,646219,20989,990531,48,13
74428,902252,385245,876773,24,41
373194,619907,60614,921643,43,12
165446,345024,2193,602175,29,8
252560,410110,228885,897259,33,7
587352,746327,170979,772761,30,7
14054,901109,826831,973972,7,44
20599,906132,95164,954566,42,44
347572,656501,255862,894561,31,15
241501,766174,18191,722531,35,26
528185,735949,155544,919094,38,10
523619,931776,327736,845561,25,20
233484,280851,66935,960963,44,2
87618,830837,796,357754,17,37
179048,425301,224900,699065,23,12
75816,612467,764,631207,31,26
17355,927655,322833,869722,27,45
83274,937143,685576,930209,12,42
52312,933622,282089,418545,6,44
21218,747671,56998,729228,33,36
70286,932967,137804,343834,10,43
118919,565935,122592,850490,36,22
56515,962285,143030,678983,26,45
77111,894589,94006,738932,32,40
327696,799695,675792,881988,10,23
70141,916328,567686,886351,15,42
6444,131998,155197,842771,34,6
27468,210807,36056,572151,26,9
109761,764508,24297,836056,40,32
303910,974365,662399,896459,11,33
251278,622143,351417,627380,13,18
638460,913445,90100,739132,32,13
79455,975344,393121,632534,11,44
452586,766422,215217,877878,33,15
173998,590398,451869,925425,23,20
35418,995799,70304,337269,13,48
142282,776193,466242,630492,8,31
457262,513188,2103,979479,48,2
461075,649861,468271,807933,16,9
325117,980436,342174,517163,8,32
139823,914829,78997,756846,33,38
22182,434477,22868,843556,41,20
17855,763836,134286,702247,28,37
209588,739707,104168,913749,40,26
323179,967388,742201,990709,12,32
255848,974022,96180,888468,39,35
55077,456197,24787,927549,45,20
864512,936236,133551,447093,15,3
20895,995212,283184,292996,0,48
74048,874132,115745,328561,10,40
504559,750277,88545,520018,21,12
224744,528725,120864,692654,28,15
32944,224254,138939,716419,28,9
56394,949686,466833,628580,8,44
58787,478152,2848,998859,49,20
189085,706647,404023,949248,27,25
568409,931599,554241,864853,15,18
612092,864429,720204,903697,9,12
720091,789631,352175,686790,16,3
288749,419707,13695,745852,36,6
52310,966260,632701,883835,12,45
281655,767650,92760,317556,11,24
108291,882746,440430,748367,15,38
210397,918053,514660,906543,19,35
22171,675359,85186,724944,31,32
51013,763623,247937,968076,36,35
231332,748794,101613,986138,44,25
167956,629202,61127,692243,31,23
1753,997699,21903,992076,48,49
154796,949245,631341,857414,11,39
34841,69994,64196,985288,46,1
296829,415513,147825,947740,39,5
239917,802656,43076,523097,24,28
11880,895180,772619,968064,9,44
214051,217623,490012,741588,12,0
60631,393842,282188,847924,28,16
31352,986387,320417,612276,14,47
4028,987994,756333,781842,1,49
162710,881637,717224,940523,11,35
70214,287175,79416,306933,11,10
700213,998169,90766,867371,38,14
260857,465700,177999,556564,18,10
168417,994532,364751,815720,22,41
259595,920006,416760,910276,24,33
98282,684036,290824,520598,11,29
237700,834592,142317,622066,23,29
211250,986431,310968,635673,16,38
326318,906791,191004,895172,35,29
46509,975580,55071,510908,22,46
54355,993050,210611,455023,12,46
304928,684173,178392,743834,28,18
24706,999583,107991,591690,24,48
263548,862787,189059,972306,39,29
29449,931911,401514,582172,9,45
141382,427269,2666,977340,48,14
121779,598381,444105,713551,13,23
182562,848566,433208,797074,18,33
21703,947038,33720,382286,17,46
5210,980957,680154,864380,9,48
102414,863864,1873,988421,49,38
111296,974413,294,996618,49,43
44129,52065,154995,885152,36,0
183079,877235,124563,660993,26,34
8167,995836,612700,718297,5,49
85027,611888,461234,527896,3,26
329041,788337,120183,892096,38,22
142493,438939,71711,650547,28,14
92482,891591,412101,681452,13,39
129549,871008,3922,976576,48,37
146519,304273,167885,848137,34,7
146849,998610,469489,740596,13,42
257,739251,89304,777546,34,36
145382,724143,16200,403845,19,28
18539,881251,556790,949610,19,43
132952,640509,223960,750310,26,25
504731,774632,650496,767759,5,13
4874,982788,107474,401519,14,48
411107,831910,633889,744157,5,21
256674,648605,212041,673542,23,19
276854,390286,294934,669847,18,5
510188,855171,199211,335173,6,17
2523,898756,13922,636712,31,44
695648,981558,367125,813096,22,14
266661,553264,14086,831536,40,14
87761,998663,780563,916022,6,45
101854,868194,167625,896071,36,38
160994,721644,81551,712141,31,28
177486,816301,180533,635077,22,31
65624,213297,91507,972589,44,7
64869,817956,270245,767068,24,37
310886,963500,27857,904026,43,32
851247,989557,141325,912296,38,6
48401,896026,878784,996757,5,42
714782,737386,63278,164360,5,1
589912,626192,195101,584839,19,1
134775,730492,489777,809960,16,29
115401,414496,420188,510577,4,14
505840,548398,394946,398634,0,2
41410,972744,209116,778782,28,46
647659,797265,25018,944177,45,7
215100,936133,162552,988104,41,36
3513,983857,167910,743538,28,49
144818,775680,390879,963930,28,31
134859,565859,45788,713444,33,21
125965,167730,338646,832059,24,2
3311,936447,888949,969649,4,46
41272,851733,159279,858338,34,40
29778,868185,122687,375542,12,41
207790,334475,50699,962909,45,6
498694,608844,245023,934164,34,5
503278,958741,860743,963582,5,22
126960,879693,80529,967480,44,37
43791,899350,2379,534889,26,42
198178,250390,223434,426234,10,2
72034,939985,65476,927983,43,43
154403,461378,136002,667256,26,15
151880,896653,98941,811744,35,37
176923,465033,316890,545276,11,14
601778,929658,44687,793083,37,16
487847,534370,564805,707095,7,2
7863,398915,57521,948905,44,19
378115,963562,131059,907954,38,29
64212,913384,138893,427273,14,42
307756,568724,260009,862812,30,13
146954,773710,68910,951014,44,31
267903,979101,147549,453416,15,35
977662,982476,124486,501093,18,0
391520,772848,445464,572817,6,19
585945,971901,300405,544806,12,19
322910,900971,346627,911562,28,28
411224,894941,104985,924484,40,24
57502,952384,117609,717631,30,44
32958,819913,245158,495446,12,39
54480,680876,589095,596603,0,31
94021,883263,522377,679988,7,39
124153,352812,84949,392047,15,11
395186,966620,237051,919156,34,28
64443,716288,105036,510627,20,32
32794,809186,155020,644653,24,38
293400,715310,67668,938818,43,21
30710,927174,120727,429898,15,44
296371,835032,317689,791913,23,26
675710,864825,181123,650401,23,9
125933,996895,7632,769787,38,43
144608,192894,289020,813278,26,2
556067,956157,295578,634646,16,20
13217,774011,205140,341990,6,38
343203,861305,102232,177346,3,25
14792,998708,36321,938387,45,49
125618,831632,53546,420303,18,35
94274,568765,462178,485736,1,23
215292,427919,7135,908105,45,10
336628,833226,111412,732856,31,24
121773,973876,246853,650804,20,42
52801,582178,311989,561523,12,26
77650,986739,68858,983213,45,45
132464,892972,94998,955241,43,38
284550,937763,579859,929207,17,32
260873,929722,5649,997400,49,33
46461,302727,132095,963928,41,12
711450,852565,138252,695620,27,7
121309,241919,70968,436589,18,6
187212,921804,34022,750400,35,36
382521,870844,59617,471582,20,24
16330,594802,30640,199232,8,28
153859,883868,28789,883303,42,36
921422,998161,160863,834797,33,3
1386,59812,23718,350401,16,2
164274,931002,220666,237352,0,38
5780,104297,364292,773004,20,4
759224,964197,35650,930247,44,10
276567,608567,485357,802803,15,16
536334,972262,380215,616664,11,21
678981,859438,933515,966860,1,9
327282,624053,106674,765872,32,14
49328,957857,3096,970021,48,45
41231,985336,21458,620676,29,47
515139,534991,66639,779631,35,0
98893,849743,89821,768289,33,37
37323,567021,409822,989773,28,26
105389,831439,458944,859532,20,36
74934,981876,2940,999531,49,45
54507,230983,128441,956021,41,8
103303,941196,18653,952226,46,41
231120,286616,748517,872936,6,2
118886,900596,105441,664214,27,39
63501,792700,112892,586441,23,36
23626,415014,529434,921328,19,19
254421,712607,11966,959452,47,22
641791,705906,42630,544378,25,3
131502,282595,487528,759990,13,7
141747,420464,88321,422455,16,13
425996,591900,42464,992048,47,8
61963,980403,254401,725268,23,45
201739,741037,180349,702499,26,26
162874,712876,35685,969403,46,27
321306,651741,266624,855581,29,16
439297,787311,67839,304786,11,17
170712,532705,29189,955586,46,18
287377,777797,788950,943745,7,24
853553,976991,118820,903230,39,6
4054,112889,7069,677786,33,5
319516,522914,374472,377650,0,10
284259,483273,192883,688775,24,9
542660,938473,7949,586486,28,19
94034,176052,164935,926031,38,4
840352,926741,652541,834788,9,4
79786,966745,88402,973363,44,44
326702,835860,246664,529773,14,25
335072,337281,420352,858330,21,0
82426,995813,246817,559285,15,45
505129,868791,362671,881908,25,18
30368,995089,93336,871892,38,48
868336,972912,31457,990944,47,5
39799,912992,139503,925655,39,43
89781,939631,66368,623965,27,42
179478,232176,69175,938574,43,2
83045,551765,693887,922344,11,23
98665,827838,4828,981144,48,36
56228,141132,2355,310951,15,4
492924,575635,660001,875955,10,4
153920,378577,615686,890188,13,11
278150,448921,303321,823163,25,8
137440,905991,179431,998383,40,38
30519,513714,164043,958955,39,24
48591,985006,196665,499252,15,46
139740,375578,174483,907594,36,11
390790,641006,422823,920526,24,12
15184,814502,17830,190361,8,39
669817,833519,54154,835241,39,8
270535,982232,341672,406096,3,35
134205,721972,430023,910081,24,29
144832,597757,211118,670929,22,22
532643,935151,25453,993557,48,20
708081,981854,17126,872733,42,13
94813,837625,245868,887249,32,37
70764,664788,638482,829273,9,29
35445,791628,17441,865482,42,37
501752,951118,21057,656352,31,22
125095,528999,227500,799298,28,20
220514,541737,52436,987672,46,16
11858,828970,206146,870319,33,40
123671,141767,883547,945517,3,0
348465,629405,46732,739125,34,14
268406,532846,126900,526981,20,13
173530,980203,232436,833701,30,40
77969,921325,992921,996739,0,42
36423,990397,194459,610427,20,47
30488,952449,770490,801036,1,46
432721,784873,197843,599098,20,17
25170,973723,17146,706917,34,47
92383,130414,124750,332842,10,1
146479,933484,648814,649135,0,39
41955,981110,123669,970928,42,46
40044,990459,401164,423931,1,47
191772,616464,700662,962296,13,21
237590,710248,365591,441129,3,23
207706,697930,23862,636620,30,24
113689,716746,47405,991045,47,30
295336,775799,257238,922182,33,24
63177,930184,94279,134082,1,43
179127,837554,577375,594983,0,32
880072,981386,31554,862197,41,5
849045,905847,82991,119693,1,2
12515,903484,459098,992282,26,44
52902,431206,89678,126665,1,18
420848,639324,453948,939586,24,10
179855,505346,57315,917216,42,16
306695,560805,182997,801602,30,12
67191,780897,31294,693881,33,35
57520,912181,98027,998280,45,42
871582,944864,243789,298255,2,3
722065,884568,129020,897262,38,8
64870,941310,337152,468257,6,43
893881,920876,33535,746709,35,1
558820,576914,611613,627038,0,0
26456,961712,179739,932843,37,46
418172,755940,60528,88488,1,16
196127,756291,459088,973557,25,28
297798,957930,305259,506825,10,33
130853,856304,47052,692258,32,36
97593,765530,88494,589860,25,33
152272,667710,57484,864225,40,25
431838,486808,418668,928327,25,2
348720,995277,303000,436143,6,32
455772,464842,468009,635359,8,0
524947,790264,73291,83950,0,13
348389,903656,38625,468176,21,27
22696,681472,124855,953222,41,32
126980,985620,315027,974319,32,42
335099,365733,110917,972892,43,1
804267,909739,59135,695211,31,5
67447,968565,15469,697625,34,45
417943,968192,33870,578597,27,27
372795,680755,294703,517746,11,15
20417,952704,776951,794153,0,46
546691,703564,509712,646419,6,7
196529,976563,174762,849247,33,39
109363,980580,174919,369193,9,43
602404,857024,93717,662633,28,12
17978,571389,660826,867932,10,27
11602,999414,169261,981438,40,49
328870,682158,503573,659835,7,17
93130,677768,74000,948533,43,29
478731,814278,168751,962557,39,16
522239,947897,93113,929644,41,21
43470,871968,454181,802146,17,41
526639,690445,111276,843943,36,8
85585,911263,82981,985536,45,41
59288,805332,231627,642746,20,37
94043,588872,174020,514438,17,24
402997,869241,5123,986313,49,23
92896,556396,619587,665084,2,23
244477,929452,792171,929824,6,34
298315,837332,54638,334884,14,26
253032,537844,106862,990635,44,14
412332,954600,26596,975264,47,27
8103,372128,390052,817498,21,18
195742,791624,76976,703448,31,29
221962,579364,45504,823485,38,17
27565,998177,76301,929453,42,48
20517,922848,220953,876068,32,45
22804,503150,431315,559957,6,24
10219,814423,216323,955582,36,40
588823,813482,274338,852566,28,11
243410,562418,420483,930887,25,15
340975,718226,148232,911079,38,18
475908,720004,44877,949353,45,12
642960,927087,8175,914103,45,14
193816,939540,25313,722874,34,37
525156,800058,870685,911951,2,13
29978,577247,75481,641691,28,27
23851,899134,128015,366400,11,43
35737,995586,304550,754825,22,47
42309,991707,196736,967398,38,47
53713,449992,333132,843402,25,19
476115,817546,876465,923362,2,17
64182,992967,30403,817328,39,46
177446,973349,558766,651275,4,39
70726,988829,97334,555149,22,45
24308,444483,3589,801707,39,21
132805,228603,50423,848733,39,4
251633,662755,113867,978116,43,20
11658,778914,409255,795835,19,38
537070,984782,96139,972994,43,22
591787,676524,10290,984364,48,4
447482,474922,243412,601779,17,1
836406,888814,70169,843614,38,2
41947,879154,460414,891516,21,41
597523,957012,33170,669668,31,17
103414,675996,118782,591063,23,28
474727,674968,77038,326380,12,10
835594,982091,437857,879684,22,7
544198,743296,184418,269932,4,9
592243,694977,216955,368539,7,5
12840,989394,158483,888660,36,48
284265,470613,121407,955922,41,9
23830,49584,178850,709515,26,1
319738,417846,9993,825323,40,4
276606,996730,427,996311,49,36
506743,773569,272351,955309,34,13
209855,904026,54173,990919,46,34
284384,838504,111,989403,49,27
27159,971963,672022,886365,10,47
25905,999818,17194,882876,43,48
316492,382400,178262,995230,40,3
52631,774173,244482,789467,27,36
695062,825240,36622,776984,37,6
66703,957804,148462,881176,36,44
141907,441276,310920,707711,19,14
555226,980186,23543,237162,10,21
314274,988978,625901,770403,7,33
349139,863551,720305,871324,7,25
314777,381972,143723,751695,30,3
129720,992845,20762,965950,47,43
209691,894436,317135,368508,2,34
222,997614,445387,785716,17,49
10046,964904,6587,765653,37,47
475772,579782,761180,779252,0,5
136017,408380,19653,590908,28,13
741888,958909,617288,960317,17,10
14725,952265,27701,801705,38,46
318855,514035,45329,55737,0,9
233881,959157,369512,390109,1,36
224314,326176,149353,891593,37,5
767456,791088,170605,988148,40,1
311669,848508,220270,999709,38,26
51625,939245,712955,767580,2,44
89168,923939,394842,438268,2,41
31334,480156,136599,740894,30,22
36512,62759,336067,347427,0,1
358053,976219,87714,664538,28,30
92851,981364,757547,795615,1,44
154579,837400,277348,891722,30,34
257416,269616,334140,621847,14,0
45474,203502,67074,806144,36,7
242572,994524,366242,407407,2,37
198685,620102,472987,538023,3,21
485065,931019,2168,932132,46,22
2380,995965,288240,960827,33,49
45463,995847,253253,978237,36,47
54559,688555,150414,485259,16,31
400214,867154,423132,726802,15,23
260104,402329,11016,940223,46,7
93922,883984,180138,954761,38,39
602472,952139,155676,536646,19,17
190129,708442,356297,970245,30,25
167644,961438,59081,818380,37,39
37563,317041,432083,704760,13,13
115037,928862,19539,987076,48,40
2540,65339,283897,522658,11,3
48895,555280,27090,982470,47,25
184922,698387,390137,817401,21,25
189734,606459,640355,894249,12,20
369317,848510,122395,773138,32,23
134610,644558,132655,650436,25,25
675929,901656,292952,460959,8,11
3806,953587,483757,832068,17,47
598713,968898,350424,983726,31,18
178631,993873,17269,998259,49,40
600159,775022,275757,496843,11,8
471249,700673,549124,610329,3,11
935913,961440,99819,746149,32,1
32868,999484,32440,939591,45,48
59254,997238,437572,861176,21,46
460457,515904,270859,548721,13,2
846494,959791,688919,903718,10,5
3321,993814,590169,609293,0,49
80654,739151,13614,662655,32,32
235902,426339,384584,545832,8,9
54061,973705,342733,934307,29,45
557140,675744,281993,701375,20,5
706319,801887,174749,800777,31,4
146696,634859,13712,904225,44,24
278880,989886,552496,717888,8,35
215512,596470,89411,850130,38,19
142593,250182,55908,555360,24,5
762593,892041,725084,742159,0,6
34686,532202,63261,588686,26,24
109636,918180,2059,552277,27,40
232522,973872,173071,916249,37,37
193805,628954,20906,933518,45,21
336813,753652,427093,870335,22,20
143081,970371,437420,585536,7,41
250249,424919,45038,292296,12,8
252370,888236,15642,653584,31,31
88920,645215,232005,956128,36,27
184095,487257,52026,802000,37,15
66088,711709,60425,949955,44,32
220581,894013,195799,552628,17,33
38428,385054,329000,756495,21,17
387585,766578,24053,981322,47,18
156993,748362,83923,514060,21,29
258932,715294,690896,813573,6,22
815024,900053,440888,888138,22,4
337713,693770,173221,904471,36,17
310728,985269,45727,975131,46,33
121694,899006,137111,395242,12,38
272846,829306,110888,817202,35,27
353105,912715,419688,642284,11,27
3008,994549,402299,911261,25,49
316072,753189,199860,914924,35,21
37366,612619,323180,682778,17,28
910115,971408,13076,875997,43,3
314905,742725,523322,851707,16,21
557686,645754,275436,633018,17,4
796283,834859,362549,827957,23,1
18483,952743,75539,624533,27,46
71490,792226,201218,422024,11,36
276272,979703,212200,726091,25,35
357207,643394,204047,735674,26,14
39855,985727,156367,457939,15,47
267677,502349,168057,382575,10,11
109185,577194,245876,987649,37,23
91596,609323,1103,199300,9,25
665550,851899,9462,946640,46,9
116597,528872,54418,413290,17,20
232080,984107,256477,556236,14,37
94472,789307,76423,526456,22,34
273073,739309,392299,757342,18,23
328692,957138,433668,719889,14,31
238972,740891,176146,804994,31,25
83017,789709,128181,743791,30,35
138367,996701,69423,880361,40,42
35744,986356,884139,934679,2,47
439176,538361,409040,438872,1,4
90240,956074,481720,892072,20,43
27783,128248,266550,810441,27,5
59720,500813,386528,898371,25,22
139279,731775,12907,998764,49,29
14638,961632,174215,356346,9,47
354325,448495,235028,844321,30,4
362065,603779,108543,354731,12,12
302526,945808,93332,947927,42,32
505942,879660,52278,308991,12,18
96923,945242,559268,776007,10,42
149201,581446,259452,877231,30,21
326000,505263,45105,917559,43,8
127628,790041,410592,865638,22,33
250026,551167,178298,824807,32,15
450898,467757,901967,996551,4,0
150563,955384,89355,502229,20,40
27825,966705,490172,558124,3,46
456836,478308,259964,303260,2,1
957923,971974,220943,764555,27,0
285322,774709,73964,993174,45,24
356941,738520,183220,730584,27,19
615446,997137,479319,783692,15,19
28336,991016,7027,997149,49,48
135351,969217,126181,892108,38,41
91623,862181,31725,924415,44,38
153216,630191,379813,516176,6,23
351881,515561,473981,928986,22,8
206255,782571,83319,724411,32,28
354073,461220,115576,847231,36,5
489580,575326,88540,963742,43,4
196684,245402,309732,970651,33,2
157063,720417,539370,948283,20,28
865434,954286,76728,618505,27,4
472034,885691,94014,185739,4,20
39069,155087,164086,275526,5,5
599669,799397,240737,550130,15,9
71180,782312,3924,999402,49,35
518304,876389,254114,837035,29,17
52410,747869,392865,667109,13,34
401899,786153,351167,578399,11,19
155507,832659,428774,618447,9,33
3496,998395,373048,588028,10,49
183520,972164,260446,752475,24,39
740939,979946,281001,771856,24,11
597353,716682,423679,596551,8,5
184597,993789,422034,652502,11,40
184048,573849,368286,699062,16,19
402810,525085,347429,793747,22,6
137755,799064,29277,39911,0,33
118941,929670,640007,708625,3,40
450688,922652,243671,492476,12,23
387127,849413,330196,769489,21,23
169756,520498,207882,952414,37,17
393033,921506,22063,706724,34,26
189913,759361,51531,837193,39,28
663955,702894,148662,999901,42,1
70794,699043,297689,786271,24,31
21146,854258,128648,425095,14,41
772666,860160,114875,627696,25,4
73987,894041,18729,574633,27,41
768201,921867,483816,985928,25,7
16776,751663,425943,820558,19,36
276885,753937,48622,729451,34,23
290261,872974,373224,765604,19,29
248421,925086,71760,815523,37,33
316509,694228,14078,989062,48,18
499229,904017,280044,996532,35,20
568764,742291,100398,141426,2,8
744064,815279,274221,973867,34,3
317319,659602,351176,962413,30,17
546111,831184,373028,928329,27,14
603203,642063,291419,571504,14,1
233528,924429,12225,835727,41,34
1954,694501,120840,158761,1,34
352354,627545,616165,644398,1,13
131062,947597,675339,929223,12,40
753412,847467,23570,875938,42,4
469158,493251,207468,719942,25,1
287128,728440,561395,912499,17,22
12704,272374,373131,694307,16,12
424544,791141,445426,989852,27,18
216601,818226,61023,69137,0,30
214305,940832,207558,644632,21,36
456969,939516,128635,431773,15,24
179138,995675,5764,844035,41,40
241237,800907,407966,589964,9,27
69719,919010,195368,897645,35,42
171750,909923,420663,631841,10,36
57128,61580,45336,899273,42,0
179342,892374,56691,535778,23,35
496899,623098,100566,766707,33,6
425514,771691,222516,678000,22,17
858,979012,67806,444855,18,48
657753,941682,355431,705056,17,14
168099,732048,55519,861701,40,28
50004,937361,577073,858146,14,44
173265,685451,169378,877901,35,25
149470,983592,582980,759482,8,41
178908,846818,156308,954076,39,33
77557,391326,273850,532294,12,15
187668,791474,279723,735335,22,30
242932,949329,596608,860405,13,35
65193,348129,33787,784594,37,14
25094,354009,43113,936055,44,16
299044,987880,4218,972928,48,34
74308,542526,3473,963087,47,23
17495,922479,149907,952666,40,45
85730,960656,201102,678770,23,43
793293,985153,23391,409678,19,9
66498,750959,295643,631041,16,34
165459,758975,124082,700820,28,29
49474,987689,14935,924540,45,46
601602,997739,171369,605861,21,19
70011,477573,66315,697090,31,20
80319,821684,74480,905666,41,37
392473,994894,144769,981175,41,30
68505,643960,120832,964853,42,28
367565,780363,194846,926820,36,20
158553,932033,22173,992327,48,38
8124,844348,731659,770154,1,41
71014,626468,113746,968448,42,27
55049,139898,6435,953190,47,4
2647,870186,53898,940377,44,43
153130,962862,357084,740807,19,40
10269,984482,186489,856780,33,48
59308,140955,159479,685170,26,4
292713,987604,268177,282060,0,34
251583,733077,9929,999696,49,24
955138,985748,202616,345676,7,1
172042,209276,79957,979970,45,1
58981,752590,35827,260099,11,34
8479,979755,465799,698372,11,48
627125,819893,229734,595778,18,9
366022,964391,180505,785456,30,29
47147,266387,224514,694031,23,10
159241,926804,285186,832189,27,38
35001,876205,392170,718429,16,42
6022,735632,24101,911009,44,36
3704,598080,150924,835045,34,29
481160,670736,26107,715543,34,9
6684,990962,169510,303454,6,49
237781,908994,119848,929362,40,33
489956,793320,23991,992440,48,15
648594,803679,471106,665901,9,7
210366,822505,298766,715556,20,30
287717,914309,245233,929374,34,31
297985,907335,745,985461,49,30
211556,374624,38229,710170,33,8
85200,539940,231191,480408,12,22
42168,945100,852507,911778,2,45
213861,619049,216309,956745,37,20
250025,306304,346627,926427,28,2
622085,866450,40386,593245,27,12
91851,944492,286976,636319,17,42
323547,870450,160321,674759,25,27
105616,888081,41431,937554,44,39
386870,828498,644595,943734,14,22
70444,809544,387480,951580,28,36
16789,928621,383409,548537,8,45
129617,926728,27674,905202,43,39
307082,380171,92176,879325,39,3
479137,749212,216748,649702,21,13
103914,773108,79546,652529,28,33
245145,892415,621,798498,39,32
243707,833561,135395,985916,42,29
18493,589690,127999,841612,35,28
567949,985007,146982,213694,3,20
230292,733470,269902,849845,28,25
14818,873643,440249,504279,3,42
105520,395553,318428,629191,15,14
525894,884282,154977,838630,34,17
379285,629995,169940,924418,37,12
566477,776658,395943,485518,4,10
549027,747356,71639,697999,31,9
674190,864102,160606,885630,36,9
245713,914576,645068,822195,8,33
2423,986028,243932,739488,24,49
165109,987964,639201,712896,3,41
596506,997795,318277,341192,1,20
362752,640073,5525,156181,7,13
196063,683647,527726,895002,18,24
44017,675396,423922,969876,27,31
260041,755208,18874,865260,42,24
461447,604467,774372,941661,8,7
621049,825839,79637,583027,25,10
171537,644480,66906,727490,33,23
184906,291836,82007,892748,40,5
64620,921906,623395,657934,1,42
130740,335031,224464,874614,32,10
45086,830504,50275,978095,46,39
17793,855434,36831,685844,32,41
53215,833025,268590,798402,26,38
59218,989491,3408,987296,49,46
349295,677937,360891,700661,16,16
28676,581297,92711,850760,37,27
328641,888485,324054,654395,16,27
168592,730007,34383,359504,16,28
468551,552728,197235,520864,16,4
47301,859963,79340,922031,42,40
316124,594754,1604,960464,47,13
366590,801042,1421,995707,49,21
657769,959771,487715,672724,9,15
796850,891565,434,719085,35,4
4869,941038,259274,648151,19,46
240410,730292,818007,850438,1,24
518978,829088,223529,907849,34,15
480428,500962,98464,171562,3,1
188247,796675,100579,980811,44,30
210389,962948,14834,915719,45,37
171925,477073,58309,888554,41,15
125850,958749,196218,607422,20,41
14211,988551,852620,878313,1,48
110005,192870,552969,930342,18,4
397506,615970,341375,671913,16,10
324071,962089,13499,880040,43,31
276980,640804,3472,909535,45,18
271186,526658,180275,995460,40,12
202920,630286,119097,493004,18,21
16031,697601,13842,916188,45,34
633240,703804,425239,904444,23,3
225293,870631,62044,628046,28,32
811890,958975,411340,984315,28,7
147383,622252,410549,737867,16,23
53514,484673,285311,679681,19,21
440592,873665,12687,962542,47,21
448089,771686,9479,972861,48,16
508297,808807,582482,947026,18,15
113108,957470,16399,439250,21,42
126109,836910,104542,973872,43,35
518671,969592,378904,422346,2,22
66726,108061,371458,560655,9,2
171710,290658,29579,385192,17,5
625097,908024,153649,856345,35,14
335257,944333,415876,637709,11,30
37268,931597,51711,840730,39,44
3491,819341,503528,519480,0,40
81887,968181,11,999164,49,44
12491,984906,24218,597674,28,48
41397,197923,67517,726577,32,7
374745,700434,177644,856741,33,16
318205,745396,537505,787541,12,21
48018,855666,119179,245892,6,40
353601,762231,137646,934831,39,20
531984,672152,111005,348236,11,7
227436,768846,411719,663947,12,27
614955,916404,176364,884831,35,15
774779,953405,60434,908859,42,8
332716,803763,9112,410706,20,23
330281,582974,17223,984878,48,12
72920,955391,365514,852167,24,44
87406,975164,14260,988855,48,44
221185,948676,159792,645319,24,36
19627,967067,7345,994636,49,47
77984,308136,4828,774132,38,11
466809,799763,46871,581477,26,16
95184,725050,263081,645666,19,31
198035,992532,210785,732077,26,39
12914,969760,270121,795179,26,47
615201,954879,162985,537111,18,16
180179,802731,3348,950199,47,31
194170,997110,33695,517078,24,40
11010,300628,326621,372664,2,14
46459,915821,291546,779200,24,43
451910,753873,394652,843081,22,15
391576,710879,199769,752267,27,15
73537,978521,480316,778825,14,45
172199,184417,170585,849217,33,0
329348,917739,207872,741942,26,29
237590,392418,97963,863533,38,7
27085,996976,44592,984875,47,48
335089,981572,98243,588741,24,32
254956,555505,75195,836097,38,15
415265,559602,14435,343753,16,7
481760,866844,880050,932539,2,19
221742,267024,138887,758798,30,2
280012,808693,8759,797289,39,26
284326,884538,153576,927067,38,30
38033,960377,436986,480462,2,46
390420,761981,775969,982406,10,18
39361,873872,813798,832827,0,41
501817,504468,586795,907614,16,0
26603,702341,506,975187,48,33
282383,589299,75728,941394,43,15
342943,942509,282869,640161,17,29
244651,626145,30815,963750,46,19
479385,659332,75389,765064,34,8
167060,946828,16772,799713,39,38
40585,914287,5259,981412,48,43
359196,396745,460161,685398,11,1
74862,590874,81227,803663,36,25
732,999276,28626,980757,47,49
205199,550281,53041,922652,43,17
885348,954224,170492,667659,24,3
37338,970986,371472,587267,10,46
363131,834334,366037,925202,27,23
576084,863087,114542,696787,29,14
376434,976651,100619,958325,42,30
395863,829818,101316,872953,38,21
90385,935814,10875,499099,24,42
149797,906335,167095,969568,40,37
127314,696327,262094,272302,0,28
464874,822805,7274,679370,33,17
121798,793126,295239,363754,3,33
6317,999987,3311,924152,46,49
491418,770634,578232,940735,18,13
297020,357622,57086,963227,45,3
765829,849056,869642,990709,6,4
96906,632928,278221,637197,17,26
50636,598704,118003,931009,40,27
254262,790190,41655,970858,46,26
569145,674999,174392,944577,38,5
271970,369499,67191,739286,33,4
165559,860450,582266,931047,17,34
139264,861759,480658,935806,22,36
221820,942605,34965,991815,47,36
410780,763278,78885,387651,15,17
387118,644019,46624,669646,31,12
176456,889142,111836,398832,14,35
125765,843846,77988,822874,37,35
68149,935378,8539,913578,45,43
80474,965129,143381,905190,38,44
592618,928239,264443,683826,20,16
160059,678635,426,993175,49,25
236387,852757,28466,449251,21,30
15563,685721,830449,929879,4,33
38357,864809,257365,934674,33,41
10680,86470,466783,532271,3,3
149579,425849,241479,684733,22,13
98197,653060,223335,577175,17,27
24530,841342,31731,545628,25,40
637666,702127,401164,605105,10,3
68865,930270,277277,881124,30,43
176243,338500,355624,519730,8,8
377646,621529,394777,736747,17,12
34630,996399,128680,765644,31,48
193201,708086,65400,828968,38,25
9190,994077,5431,202819,9,49
88233,593294,378484,645007,13,25
111853,416440,20428,810760,39,15
131668,824780,234671,795225,28,34
128355,995515,480089,906243,21,43
505295,961089,161779,853720,34,22
412778,760655,151573,706695,27,17
529321,849877,558834,848888,14,16
56383,767419,202148,744363,27,35
591444,994721,115436,932656,40,20
707472,981836,447727,700450,12,13
716794,877827,371056,978856,30,8
119288,804833,176048,954464,38,34
146700,551514,190619,244719,2,20
190200,207702,32601,893457,43,0
52141,275229,903011,922074,0,11
337386,500910,395626,594757,9,8
79505,997767,126120,282567,7,45
75399,818253,610703,752416,7,37
261797,355892,74451,995142,46,4
495914,754473,680662,750030,3,12
106049,982785,19569,259627,12,43
107647,187792,155077,984016,41,4
308735,328750,39267,776381,36,1
466254,752445,128302,977005,42,14
19174,987719,488826,582729,4,48
75505,276329,53102,989864,46,10
246247,556513,856199,928696,3,15
17165,952758,510824,645395,6,46
607636,795035,529086,739508,10,9
453550,938329,228013,876899,32,24
207541,652521,146723,930324,39,22
739177,841986,522138,972044,22,5
301855,997175,404178,921603,25,34
401233,446478,411994,519743,5,2
772024,935891,99594,906586,40,8
159489,925135,153193,858785,35,38
1578,939977,505977,726716,11,46
482381,635951,86437,794362,35,7
172816,237313,406276,748777,17,3
332206,950691,380373,621119,12,30
232945,940559,12905,990075,48,35
442502,464532,48511,660716,30,1
84736,212003,209851,445994,11,6
668694,768601,577364,815765,11,4
177221,238986,913255,942226,1,3
118885,576175,227845,648940,21,22
509960,929663,17184,628795,30,20
237603,949583,415859,914320,24,35
823990,898932,20113,906189,44,3
156662,442040,302434,799325,24,14
137924,269061,521701,903499,19,6
173305,816783,164862,306918,7,32
793239,917571,39411,985335,47,6
5175,963419,31191,921104,44,47
937550,950185,331011,606666,13,0
2686,996242,45631,793364,37,49
14441,51737,163889,850543,34,1
26314,845695,208472,796405,29,40
258999,345289,25565,922158,44,4
118579,907625,481856,770216,14,39
302220,658279,509355,970986,23,17
391817,433702,9277,947734,46,2
394903,916424,418184,519107,5,26
520995,763439,184364,468551,14,12
573873,811906,148959,605113,22,11
368277,696962,233696,439847,10,16
63348,545144,718839,898335,8,24
23660,735718,37586,984286,47,35
598512,787575,135165,979074,42,9
75554,556562,363631,882107,25,24
49171,710309,63365,921868,42,33
575700,990942,531756,709345,8,20
28690,665695,91222,896542,40,31
272672,870467,293864,458285,8,29
174780,720227,198868,730950,26,27
166593,880632,4223,815272,40,35
513783,590175,230521,876539,32,3
78164,954233,375621,824745,22,43
18191,573145,562779,936537,18,27
119830,935279,58285,624718,28,40
101043,534470,469689,654936,9,21
10458,321468,16973,998762,49,15
435949,933547,531659,739472,10,24
45079,994958,289011,516729,11,47
124976,927193,149802,961155,40,40
107981,988733,23901,978754,47,44
323306,329146,240544,756618,25,0
89629,946104,246293,714927,23,42
38603,897941,94979,481253,19,42
106655,791997,148114,523736,18,34
85405,880483,316535,932736,30,39
202489,634815,324899,949614,31,21
5964,996274,335503,379565,2,49
380017,802924,57847,787654,36,21
38628,607112,15664,918622,45,28
76863,792171,8148,941843,46,35
3668,994363,221897,756699,26,49
74937,999933,50867,982778,46,46
93655,858779,291592,808729,25,38
435449,565375,508540,761438,12,6
52762,838693,316498,709942,19,39
13326,941740,80566,360780,14,46
71119,723377,316030,588839,13,32
485001,995307,231179,686514,22,25
155679,856181,439696,458265,0,35
251373,812166,75054,671756,29,28
21326,976186,163096,960102,39,47
422531,926527,157928,826859,33,25
3051,948727,70781,543508,23,47
506880,840620,88705,916349,41,16
366074,468335,101904,811053,35,5
349155,925188,293211,956878,33,28
10683,972936,40517,925225,44,48
438483,964050,277148,639045,18,26
3263,715942,217244,855270,31,35
410536,951028,18544,988395,48,27
341892,809237,110654,710877,30,23
145826,398678,240225,887175,32,12
30202,659389,47526,712307,33,31
38557,883259,245656,914326,33,42
63499,969366,264243,284992,1,45
408467,911154,129200,915572,39,25
258,461000,350237,871530,26,23
21278,720000,220687,960958,37,34
260188,882363,396811,874062,23,31
233211,715496,713056,784434,3,24
500605,601373,143053,433459,14,5
264931,266029,532060,842997,15,0
128679,990449,582330,626654,2,43
18735,480228,478666,827897,17,23
100932,968962,59795,153892,4,43
228968,553618,81611,545446,23,16
372540,662973,266892,516665,12,14
125982,922897,568362,641159,3,39
850512,855957,22793,991659,48,0
201026,427040,456519,502094,2,11
293750,963218,212532,753955,27,33
114234,931070,287134,552557,13,40
645437,648851,440143,573839,6,0
154523,526668,149873,826614,33,18
280661,518716,463655,698009,11,11
39475,981208,83880,962280,43,47
214110,798183,113845,369828,12,29
710441,955834,220832,818186,29,12
132260,799116,42674,996432,47,33
266764,868281,90352,993283,45,30
667339,802606,47758,547519,24,6
552566,756891,167056,977254,40,10
383688,668603,321682,504219,9,14
628496,823537,364381,795298,21,9
345796,565811,87201,707440,31,11
98568,402165,105952,842585,36,15
234212,369648,127738,829985,35,6
244206,889474,273331,509091,11,32
27345,790598,821426,887391,3,38
515132,637889,663067,797654,6,6
727559,750808,191492,613240,21,1
633761,934676,669082,674582,0,15
261446,626404,824776,965614,7,18
641008,668500,29091,596380,28,1
55291,607264,557526,571194,0,27
123935,704430,167811,821341,32,29
113572,459514,42726,977745,46,17
47569,979978,15266,713117,34,46
221743,731217,341610,598003,12,25
82833,716406,136148,387312,12,31
189743,826660,571315,753393,9,31
6179,550647,830570,963472,6,27
58995,849499,64866,876570,40,39
99336,810737,309596,336787,1,35
446468,891107,26906,34006,0,22
427899,982928,530947,931303,20,27
515769,939842,108031,608469,25,21
132408,966820,5223,999935,49,41
656725,982743,279463,540774,13,16
276437,637750,616095,851870,11,18
380121,614557,263930,866047,30,11
205206,525644,360989,420512,2,16
137157,981918,170252,963330,39,42
863519,876171,1551,998105,49,0
6317,129122,37519,969026,46,6
12828,997746,224644,617828,19,49
86236,291929,396556,540768,7,10
140647,348873,6899,992822,49,10
340349,614235,180999,805068,31,13
13066,648002,87465,875277,39,31
601011,976528,3475,989424,49,18
62456,652947,64696,90031,1,29
801675,973519,366884,896807,26,8
211432,945145,707464,967897,13,36
656154,909352,212338,972939,38,12
746206,854055,86194,547053,23,5
232391,979069,123440,228222,5,37
559657,940469,951988,976492,1,19
186964,765040,121679,671020,27,28
92814,950596,386394,577339,9,42
315000,498366,40370,454058,20,9
237009,989542,132156,524838,19,37
427427,762620,59664,716964,32,16
62908,492872,107205,915488,40,21
221640,876067,58119,970534,45,32
184510,936027,612002,887033,13,37
437419,861999,12369,764199,37,21
71224,626426,650160,934566,14,27
625652,843975,99246,813958,35,10
577699,621027,328603,577097,12,2
608617,652630,267062,905329,31,2
29278,903245,153099,896331,37,43
193272,764368,182891,548326,18,28
22178,593725,30809,914301,44,28
291502,874951,42708,996580,47,29
867989,923050,331642,678372,17,2
44474,523864,335129,354921,0,23
101075,991838,87113,528067,22,44
195733,640660,4876,710815,35,22
9027,366496,87303,250871,8,17
13796,717181,40643,697172,32,35
240432,720506,441134,829994,19,24
834925,927827,278610,773143,24,4
399400,831631,170398,715487,27,21
3441,976279,567855,966618,19,48
30898,945881,172578,996740,41,45
10299,766182,198335,958663,38,37
110579,381528,277620,624614,17,13
115911,932618,105025,259691,7,40
20766,988251,736716,880181,7,48
53876,691397,48954,982986,46,31
165310,863055,611012,856618,12,34
231448,746278,366140,837163,23,25
85287,985241,708922,986188,13,44
60097,880490,335108,843238,25,41
82230,779637,325442,872861,27,34
441338,843285,179239,663046,24,20
476135,917414,58943,448210,19,22
56493,867709,45846,947499,45,40
77333,881087,731409,791239,2,40
386783,940984,262532,897154,31,27
590957,604739,66293,539037,23,0
124569,940290,36334,361606,16,40
147075,990027,792319,884177,4,42
124824,580696,752832,950531,9,22
95304,847183,36750,959204,46,37
314475,449578,158182,720615,28,6
101145,372251,150279,735602,29,13
92860,924596,128426,361691,11,41
829389,874583,758016,925468,8,2
72913,827382,332960,804178,23,37
179890,265279,391458,431474,2,4
452018,683411,315687,840932,26,11
52305,622710,345788,604752,12,28
565479,777197,782712,981658,9,10
292323,551145,352316,579199,11,12
21339,826081,93644,972475,43,40
136728,823488,454088,633455,8,34
38603,846166,32171,654300,31,40
61633,843564,174188,641404,23,39
185360,890281,781153,966123,9,35
272255,821122,581653,725975,7,27
219749,853715,473133,839648,18,31
118017,951042,226286,948817,36,41
101210,735343,572312,883490,15,31
77401,612216,108630,721587,30,26
296588,558096,222751,609772,19,13
201,826574,17640,983284,48,41
116985,559439,485723,825544,16,22
129485,928103,173407,808476,31,39
205363,718877,706871,712832,0,25
256484,971082,42102,953436,45,35
15609,901201,60660,737797,33,44
374519,676445,5763,954679,47,15
109517,685831,274544,340897,3,28
748467,814845,62438,232731,8,3
494416,791513,782447,842650,3,14
30281,855993,7528,884804,43,41
100347,279767,88628,991756,45,8
296697,323859,211432,545473,16,1
348033,583144,22625,109540,4,11
547067,926597,84603,871504,39,18
90312,149479,25595,971068,47,2
254252,654066,342620,968019,31,19
91413,580567,202379,886706,34,24
200758,288865,349134,603723,12,4
118215,847804,62596,995756,46,36
488834,676825,7993,988045,49,9
134119,634053,283053,330872,2,24
9563,257784,21728,143228,6,12
209462,570211,306919,374511,3,18
757427,801069,167932,855141,34,2
15262,983123,754382,957595,10,48
159060,454986,490558,696635,10,14
761852,874505,253702,295630,2,5
19499,835248,630978,920941,14,40
389490,843709,12525,678833,33,22
20035,697574,241749,576497,16,33
917693,973654,197813,954586,37,2
79673,984361,81220,977968,44,45
25009,799639,116155,751989,31,38
71311,931999,19708,573458,27,43
215244,398323,1218,971365,48,9
44178,990469,621317,696170,3,47
243139,825901,80129,980100,44,29
247608,861832,22405,662807,32,30
15305,355844,411596,505646,4,17
122129,201946,93570,800147,35,3
46346,791755,144657,728191,29,37
58638,941845,70606,904215,41,44
48455,898928,128002,630597,25,42
2041,591016,271660,552481,14,29
426352,988602,9371,977942,48,28
533481,997021,41058,973537,46,23
74751,818885,721535,817757,4,37
184262,802399,391104,880422,24,30
688919,992884,430866,468972,1,15
218715,227585,295689,740738,22,0
7207,903745,4671,355473,17,44
110999,993803,402345,519295,5,44
27612,926921,240482,301551,3,44
31049,396618,55294,581531,26,18
127524,567539,150503,703405,27,22
465469,558811,302492,881462,28,4
596055,625367,246512,429619,9,1
321400,808236,494560,777629,14,24
118514,280355,36916,754631,35,8
302990,539241,4454,999183,49,11
9709,991767,69965,948248,43,49
839733,843429,61155,991298,46,0
52340,670886,307572,333051,1,30
190701,861189,485620,727269,12,33
273085,550663,262181,731907,23,13
739191,992216,71929,763448,34,12
142339,279688,174234,194561,1,6
283188,494518,468492,582230,5,10
177289,287661,205633,479366,13,5
33123,373883,424910,922165,24,17
90142,923986,254191,382903,6,41
205512,747379,384975,875921,24,27
417061,692909,173610,878864,35,13
23557,994509,25684,986560,48,48
12356,986961,352151,676175,16,48
616914,960132,508962,872133,18,17
640698,721121,115551,868136,37,4
206753,304701,227054,886986,32,4
38912,725034,43315,641554,29,34
188087,208841,18424,682783,33,1
435725,539147,49677,910132,43,5
259535,739351,239139,734446,24,23
151435,565359,313429,979474,33,20
321665,818320,144892,867680,36,24
593880,997895,416741,649680,11,20
30382,972696,209931,877695,33,47
114084,872932,530437,858073,16,37
347104,838213,607255,712717,5,24
150178,677228,369740,537967,8,26
66956,968998,479255,571128,4,45
442326,637139,153369,860099,35,9
8818,932046,66382,958615,44,46
144328,715652,218485,452008,11,28
279448,674377,514834,523722,0,19
607695,732118,852642,928923,3,6
63314,568980,386634,712811,16,25
96317,735209,572251,681012,5,31
438112,958481,3826,491338,24,26
65342,753858,234201,719274,24,34
377305,442078,342778,916013,28,3
1637,998760,360079,839272,23,49
109060,897746,13142,958489,47,39
667492,703605,838831,938356,4,1
213937,400689,351040,991701,32,9
34927,961459,415019,886563,23,46
497526,816511,31184,120653,4,15
306178,869073,112099,979370,43,28
256535,942943,269787,698128,21,34
29508,969075,309484,965552,32,46
75369,672065,260459,765413,25,29
407683,582041,7890,947665,46,8
75305,768062,45446,772681,36,34
66643,956624,72779,948714,43,44
194414,851211,206411,961732,37,32
31726,987767,51881,445436,19,47
126951,918953,36446,161080,6,39
28330,806249,128437,976617,42,38
265157,955867,111987,207323,4,34
247430,880022,171204,681480,25,31
20595,684911,67127,893907,41,33
41790,786954,539283,752171,10,37
101938,998610,390251,408743,0,44
620652,735850,138231,993630,42,5
232979,586690,625544,643358,0,17
270221,641081,174494,789524,30,18
66940,148867,296037,445598,7,4
10190,723275,16421,708881,34,35
267047,870065,361038,705074,17,30
220413,655748,312647,852396,26,21
97571,386925,216493,824034,30,14
59087,972264,39616,993529,47,45
393204,785946,256533,975830,35,19
172155,772497,796044,867987,3,30
200166,840670,176832,794294,30,32
22975,984117,75770,883527,40,48
77134,995953,251845,607821,17,45
64507,436047,837400,952084,5,18
197407,405090,371436,938569,28,10
237507,513620,61169,365704,15,13
533678,637730,473640,703673,11,5
732571,898910,248719,892177,32,8
347537,996325,42508,965649,46,32
573705,657850,11820,711559,34,4
177936,764780,537017,750692,10,29
500444,808575,367227,846097,23,15
88686,191840,75070,986980,45,5
397637,859877,14384,862490,42,23
25831,980221,36825,962301,46,47
168620,947787,12718,936894,46,38
272523,864777,11033,981285,48,29
629988,870008,156492,865704,35,12
34810,759752,184990,928463,37,36
130024,459904,394016,937026,27,16
257191,602644,201848,991526,39,17
7778,534809,340871,927193,29,26
41619,998371,510822,948876,21,47
31353,971121,637750,738832,5,46
236727,889847,748154,957607,10,32
4614,120042,32082,620042,29,5
287103,962611,79178,762125,34,33
5146,999176,126825,956273,41,49
115790,340515,40985,917769,43,11
4210,985669,492557,915421,21,49
466847,729571,32723,215839,9,13
3671,996200,15841,999936,49,49
8426,642838,33725,737747,35,31
101238,569305,12456,986322,48,23
372211,964953,28669,704542,33,29
34969,809090,441191,650827,10,38
88759,996697,229307,898079,33,45
74635,639919,31571,978959,47,28
241642,619950,103661,941027,41,18
13136,483112,490259,966048,23,23
85643,689250,140404,659935,25,30
7865,911195,440276,851748,20,45
237932,617216,859471,947789,4,18
459386,942184,311129,851658,27,24
163442,382686,144503,838000,34,10
271322,397178,88773,732962,32,6
202548,752554,134064,791734,32,27
274737,722888,28965,999284,48,22
115545,887842,344217,763892,20,38
510096,740888,69001,989851,46,11
230774,752862,416298,555079,6,26
388815,845344,123580,264798,7,22
150799,537723,4980,971800,48,19
53248,844605,84359,653260,28,39
4510,972118,142991,397155,12,48
595297,631061,173426,915911,37,1
366734,600702,296329,727456,21,11
166482,753827,45457,967792,46,29
123655,857998,7793,747380,36,36
114629,956962,104221,688203,29,42
339356,980458,6411,976960,48,32
267037,479689,244491,992969,37,10
213833,589312,44971,925414,44,18
223393,477737,142647,983997,42,12
3740,967750,259260,953642,34,48
121347,523477,251009,946147,34,20
312120,352362,187647,574754,19,2
50641,909803,25095,993777,48,42
25423,900999,32392,726805,34,43
172106,701746,2924,971241,48,26
61095,419712,260566,475262,10,17
69042,839065,294372,977987,34,38
798247,841402,60282,883558,41,2
52749,966276,49647,912710,43,45
90580,591483,301996,651369,17,25
351076,708703,165142,499925,16,17
551147,986833,429616,777869,17,21
300028,456923,109370,979100,43,7
157387,455398,258622,537141,13,14
261469,803620,303424,783183,23,27
732948,775396,37754,946258,45,2
655841,688864,29677,993188,48,1
408908,890057,51563,929638,43,24
165483,626144,150312,861337,35,23
411764,971872,454284,558975,5,28
125081,984072,423419,561337,6,42
52453,474955,22782,984199,48,21
494500,707297,149244,876535,36,10
113802,947853,268657,601404,16,41
350566,571777,868719,890201,1,11
306932,373849,316497,506419,9,3
149204,760666,213086,682428,23,30
51308,906766,142026,362867,11,42
147790,974983,230741,763527,26,41
218,999105,279500,561007,14,49
59585,994401,32142,898171,43,46
49945,796488,74060,512524,21,37
581455,902806,109819,798549,34,16
486465,885502,78492,672032,29,19
280418,660864,82187,917145,41,19
492090,936326,419509,949672,26,22
27465,944952,142960,983219,42,45
404724,583861,230569,690995,23,8
91498,963651,77530,408025,16,43
136333,405537,66011,975329,45,13
1089,995946,107651,889523,39,49
341168,769696,102970,399156,14,21
77402,906369,7275,106131,4,41
673911,906951,10695,956591,47,11
254620,981937,24498,895394,43,36
92754,754596,435143,971894,26,33
24778,965247,558386,833132,13,47
155545,941609,4301,335481,16,39
431296,966724,2905,999389,49,26
117007,926619,285562,811465,26,40
532200,900164,261685,954157,34,18
168973,928898,528650,970402,22,37
265692,577401,324169,748348,21,15
728841,792041,338358,698957,18,3
104059,927982,30166,664398,31,41
193443,511702,7714,925620,45,15
542941,943662,880944,886453,0,20
8652,965939,327989,868168,27,47
5534,82898,12496,972038,47,3
61398,863182,153698,859465,35,40
292862,945039,9697,559645,27,32
22285,198901,622651,943380,16,8
1468,989992,641275,872908,11,49
122604,920211,80120,996694,45,39
439126,544297,478389,729687,12,5
78075,944648,347003,511960,8,43
102017,849297,693606,756877,3,37
19904,993100,370537,982456,30,48
456115,925861,482982,647152,8,23
4487,999149,301969,848993,27,49
99744,927582,165919,984629,40,41
421040,954761,90,19483,0,26
431679,638255,20361,972428,47,10
40009,651502,242525,525597,14,30
385577,561707,85832,656104,28,8
332823,717269,157263,358445,10,19
58950,727069,452876,762083,15,33
133708,978843,4054,961589,47,42
355784,579384,421693,941515,25,11
97331,736956,145522,987277,42,31
16346,979300,50644,453615,20,48
210102,762198,919319,941890,1,27
226054,970381,311513,447819,6,37
367319,415364,18791,998807,49,2
349371,983414,342059,694682,17,31
9395,928714,592981,988506,19,45
73554,685910,173788,886912,35,30
19703,80801,22585,654033,31,3
1191,987444,74454,932756,42,49
102224,853124,155993,880218,36,37
94125,130677,87982,675528,29,1
11366,916556,62834,994882,46,45
582403,961407,613102,898862,14,18
568004,640288,383810,543380,7,3
672274,923104,453794,963136,25,12
679360,976853,70127,498365,21,14
64792,918767,190257,558327,18,42
375135,638232,103527,827167,36,13
346075,483220,39418,854697,40,6
179270,642540,357254,875427,25,23
12208,614684,370306,737268,18,30
548987,992922,524829,791602,13,22
236796,431996,169769,289332,5,9
348623,982677,7989,992093,49,31
88397,992215,6034,442537,21,45
254710,989779,655254,800754,7,36
732062,757287,698236,824762,6,1
598233,794902,130401,586783,22,9
281126,725627,6258,904891,44,22
95125,615980,14217,532780,25,26
546370,568111,190586,746253,27,1
49067,722019,364789,827423,23,33
57072,264935,167610,963703,39,10
555541,728815,27347,108606,4,8
25244,936216,104250,705470,30,45
109961,399775,272257,741111,23,14
3007,570296,383524,665963,14,28
259907,867883,767381,921132,7,30
132802,998442,297997,301947,0,43
367833,959652,28090,400768,18,29
84492,806212,191790,707879,25,36
306759,812175,50859,448656,19,25
106840,377085,184889,482105,14,13
799375,854120,47454,506733,22,2
385960,780446,52446,788072,36,19
22294,987558,840214,913394,3,48
207159,747133,17003,757288,37,26
644283,923594,99603,847374,37,13
333829,767177,70018,544595,23,21
430908,443639,531614,949447,20,0
144681,867937,874047,956786,4,36
231924,833274,477418,581111,5,30
446766,658279,380376,551760,8,10
151598,965100,42993,501337,22,40
66964,675963,182200,455623,13,30
344110,643050,299429,921131,31,14
425405,527665,333344,939074,30,5
29604,976334,40645,607913,28,47
29646,991609,316998,817003,25,48
111332,828458,90126,305996,10,35
569461,956301,724855,826253,5,19
168732,929228,45264,804101,37,38
23703,993029,197882,957565,37,48
97118,622937,43212,952053,45,26
17811,86623,4603,997199,49,3
392708,558946,16330,994458,48,8
62511,850578,632854,979024,17,39
162637,984964,583084,800761,10,41
5974,989134,106500,733465,31,49
1914,713386,163217,606800,22,35
469429,932671,85524,997818,45,23
164122,788642,2991,730506,36,31
334640,885549,124671,916967,39,27
416090,621079,143701,988632,42,10
139421,623542,145899,724289,28,24
329472,403742,5180,764544,37,3
555154,944613,797692,966291,8,19
288910,541417,1741,997741,49,12
53020,699944,370420,964346,29,32
133879,448543,63624,423169,17,15
436043,823165,27245,946583,45,19
303963,758924,140719,992679,42,22
75142,431884,79391,597783,25,17
32588,33923,309407,955452,32,0
250661,490047,27283,943154,45,11
161055,919167,11583,955497,47,37
84066,609646,42284,995477,47,26
681516,749591,73879,794336,36,3
24831,827308,68129,996299,46,40
106387,223418,1098,996927,49,5
773994,818310,315961,962079,32,2
451054,810631,406150,763876,17,17
183623,948471,547940,661037,5,38
284641,495253,156386,585319,21,10
101696,872524,104802,366970,13,38
3046,999824,70674,807391,36,49
21615,962658,595840,732796,6,47
181053,471235,17458,32028,0,14
502274,594501,140668,562506,21,4
535491,934757,269981,686977,20,19
544977,545528,34004,948998,45,0
393261,640259,598367,683608,4,12
735225,989326,502188,889166,19,12
452050,937388,266250,714032,22,24
438507,777948,585130,589090,0,16
50007,941210,261359,827162,28,44
382644,988466,257883,845168,29,30
246880,455899,45160,868385,41,10
237643,424973,658344,937767,13,9
52387,999424,118956,961619,42,47
900,926615,415518,557386,7,46
559574,879054,73622,460476,19,15
417723,587780,61885,942990,44,8
49286,73342,144309,980880,41,1
412183,702652,619342,792882,8,14
120748,965792,36519,887246,42,42
103444,107115,39848,671737,31,0
22571,952023,3110,977626,48,46
143738,798716,269,989046,49,32
166562,345370,172968,924876,37,8
432432,746685,489837,623106,6,15
24386,687744,580332,966214,19,33
43394,683336,752506,910067,7,31
500834,676692,472734,832628,17,8
663777,920606,20341,952036,46,12
228816,984901,265947,868233,30,37
290711,595802,84479,974220,44,15
473302,492321,231641,839218,30,0
613235,840071,122570,918407,39,11
34299,994204,242263,603377,18,47
80329,165660,54418,963717,45,4
222097,574914,459013,655198,9,17
352823,750826,601023,965149,18,19
3141,14632,52862,845924,39,0
713083,905935,113445,704717,29,9
118203,889761,543411,705222,8,38
89955,893998,207895,989738,39,40
215433,485102,95071,163744,3,13
67113,931435,52586,209330,7,43
86551,763612,253605,895312,32,33
22819,366919,61593,909686,42,17
235865,748033,588173,760901,8,25
80122,304772,1889,969362,48,11
124105,610572,609179,622558,0,24
405222,621630,597474,988290,19,10
287420,905758,621504,938642,15,30
57816,698062,302229,499272,9,32
95773,528981,360539,793707,21,21
187013,898212,458048,879403,21,35
242300,934646,169427,573555,20,34
921887,946385,1000,987938,49,1
203578,948204,185731,981379,39,37
752860,938810,129807,276895,7,9
491858,728055,49943,803214,37,11
3352,870824,106725,738739,31,43
1557,808633,43605,986363,47,40
173573,853670,516187,710474,9,34
804435,869049,179612,186190,0,3
35903,824576,87806,535629,22,39
98631,699188,76800,266906,9,30
12887,759679,37560,356583,15,37
680795,963891,102693,934554,41,14
564254,885156,482229,597288,5,16
540535,684388,239336,242689,0,7
733976,745639,183742,929554,37,0
467307,927839,45615,827455,39,23
30843,917768,759915,967232,10,44
449095,653917,123,976304,48,10
8779,845530,411800,787420,18,41
14687,961211,140430,792482,32,47
46969,681613,577074,784037,10,31
419455,463113,53490,133523,4,2
166050,871022,20981,550473,26,35
63623,164051,553767,752199,9,5
176094,903391,102712,726379,31,36
547835,716545,305861,932496,31,8
4235,857617,109621,848748,36,42
280316,692557,235452,633162,19,20
130028,978545,37912,919806,44,42
215,945680,20777,994735,48,47
44342,620894,406635,717634,15,28
25633,915902,300104,668931,18,44
119892,338211,289962,894466,30,10
285736,893922,12566,628278,30,30
489732,981519,166310,994105,41,24
830401,992492,489248,876873,19,8
186712,837577,220830,643550,21,32
22918,799615,267165,689318,21,38
3723,922404,609852,970632,18,45
117143,443156,526233,968559,22,16
84039,491724,516384,625353,5,20
114846,855624,477695,837813,18,37
57966,954401,40417,793880,37,44
2844,979130,10708,949064,46,48
473001,655657,230320,417701,9,9
285234,923881,222347,979345,37,31
424344,568167,19118,982042,48,7
35097,171756,246458,852898,30,6
106678,632701,159818,577316,20,26
36228,951121,285305,905342,31,45
80700,909032,37471,995446,47,41
752294,888209,458379,766621,15,6
83878,951971,4861,939694,46,43
415715,857129,571182,871656,15,22
564626,624625,488409,572778,4,3
88882,302499,491753,704935,10,10
195948,897609,323705,411816,4,35
544167,897861,94460,752747,32,17
306746,377024,515111,953740,21,3
537260,844844,375084,961399,29,15
43350,855277,417109,838696,21,40
104988,874670,471821,929322,22,38
891293,923203,217093,675499,22,1
13657,819729,114887,866639,37,40
220239,650191,189425,845321,32,21
36059,986192,133740,969220,41,47
5333,995469,34613,449389,20,49
723526,943105,134482,395478,13,10
366541,656260,228254,593542,18,14
548561,969024,59426,947145,44,21
87182,902647,584080,668552,4,40
936532,971705,13896,896661,44,1
734698,970473,607894,749039,7,11
136715,271600,154093,342558,9,6
271128,803528,680893,871547,9,26
136205,407524,499423,627125,6,13
69941,441924,27773,149142,6,18
1366,364594,242864,983279,37,18
186872,751276,800520,945046,7,28
359902,647778,176116,308224,6,14
270438,854272,15356,600139,29,29
499550,744539,66585,517974,22,12
132285,683548,8498,831410,41,27
74591,905150,130994,725022,29,41
201812,886526,62661,713366,32,34
242727,936661,447636,603180,7,34
88537,806461,77465,961621,44,35
663803,734650,360783,946810,29,3
386011,565030,712026,983218,13,8
87497,647612,836690,930973,4,28
70282,792091,593665,961377,18,36
15780,956074,404038,558508,7,47
16191,532155,109517,859481,37,25
760123,867660,6341,96732,4,5
42776,371381,177330,811649,31,16
369414,729677,419813,869564,22,18
26551,822506,781382,990295,10,39
33994,827118,797118,899215,5,39
0,995843,228602,811451,29,49
146367,506963,569130,757633,9,18
187395,579467,73818,725656,32,19
228137,623062,466208,744110,13,19
30518,909102,90342,921799,41,43
493316,799774,39739,252639,10,15
134490,679326,101723,990805,44,27
488699,889816,151918,471024,15,20
382639,469091,180886,778212,29,4
87879,325025,573415,942092,18,11
433603,720820,842351,986268,7,14
94332,614043,110318,931598,41,25
147863,996457,118459,276793,7,42
41009,960757,345651,460753,5,45
230469,651794,5106,125534,6,21
7130,984115,35483,874635,41,48
20690,722950,365204,470464,5,35
62778,851541,67704,907108,41,39
251682,848302,83149,920833,41,29
56898,728572,121045,712114,29,33
30330,896585,16508,388589,18,43
47060,476308,91400,535437,22,21
287400,953842,138546,552415,20,33
385429,916927,579317,675903,4,26
593916,725980,721116,832787,5,6
90534,483872,496586,639246,7,19
391875,788035,111852,563277,22,19
485,999931,178731,438797,13,49
63935,645764,344795,804523,22,29
45178,765402,614578,814431,9,36
350322,610475,482734,575185,4,13
135721,594629,393597,805898,20,22
40089,437826,672265,752324,4,19
700617,927773,778902,912137,6,11
216614,842127,403212,489359,4,31
657447,788485,487844,890215,20,6
16688,999013,189492,281417,4,49
241786,500195,150465,257751,5,12
434340,494774,604666,717329,5,3
153394,411685,673724,833392,7,12
77896,984268,446410,724768,13,45
781375,850903,633932,759689,6,3
242914,791763,80916,392423,15,27
271165,978133,249822,400222,7,35
203486,363675,566063,927648,18,8
401878,542617,608167,972819,18,7
28348,979771,556640,652830,4,47
98457,517178,126196,505974,18,20
61395,722945,193895,317252,6,33
153,998815,534340,683440,7,49
88466,237095,588753,889636,15,7
708692,957125,382019,744150,18,12
605397,818847,391678,990418,29,10
278250,460385,636121,770234,6,9
33871,998584,98568,545547,22,48
13110,553471,848911,964819,5,27
356651,509810,227667,384817,7,7
440010,617438,62518,208558,7,8
72302,912232,630072,742658,5,41
938,999147,545460,859283,15,49
59548,564500,466060,883942,20,25
31715,846991,875430,989485,5,40
95993,742165,276800,730314,22,32
66199,929375,596171,902818,15,43
53083,986810,242637,657462,20,46
597592,955086,653808,765891,5,17
559740,878487,747709,888145,7,15
94696,118118,65667,479842,20,1
86551,504866,411849,830484,20,20
173069,303917,628860,785615,7,6
27858,812805,240041,655550,20,39
393291,652821,502530,907697,20,12
287046,343376,503957,916067,20,2
326549,847921,673769,823240,7,26
23551,681886,672257,987909,15,32
414128,816979,457414,600201,7,20
497262,966368,618945,763335,7,23
9448,989954,277809,725641,22,49
252392,839687,103753,263399,7,29
521534,683871,440355,744166,15,8
545013,625303,242129,353092,5,4
325361,911826,600505,712975,5,29
411198,936392,502171,820204,15,26
182603,648816,389812,504350,5,23
69569,798569,703470,811078,5,36
37771,864369,402547,709065,15,41
12240,989666,849047,963862,5,48
572446,789048,512909,825787,15,10
6729,155293,609165,710900,5,7
