4688,964185,31918,921160,44,47
343263,938522,350989,718143,18,29
121869,904593,17476,317478,15,39
319218,727785,185300,638474,22,20
764593,795172,645648,749165,5,1
168343,380249,174149,667756,24,10
221608,825218,40608,372000,16,30
169642,954717,85554,983192,44,39
381018,971590,37003,986174,47,29
747600,909342,33320,990265,47,8
643562,734663,149125,829847,34,4
205504,982092,60806,559114,24,38
59771,998127,441429,631324,9,46
578904,791275,319353,471424,7,10
109728,652826,105005,853107,37,27
214620,910483,11958,466365,22,34
129811,938453,726501,863490,6,40
320382,369147,213189,504818,14,2
38988,892918,737447,974478,11,42
366442,983835,88795,924341,41,30
126275,504059,84265,914460,41,18
41427,825260,439935,806995,18,39
687589,814017,118247,861805,37,6
409904,505821,452194,667844,10,4
323324,907479,87886,756457,33,29
203022,402574,205983,786340,29,9
41148,366949,558211,965657,20,16
115077,558018,561011,676044,5,22
323415,427842,541068,995447,22,5
199755,856199,154134,772034,30,32
87857,749490,16351,872044,42,33
143682,609698,141524,762833,31,23
128814,715186,5025,944780,46,29
270457,307690,169959,994610,41,1
109658,445401,164641,597131,21,16
311054,892309,167243,644498,23,29
96901,885684,559553,752122,9,39
251797,316850,384183,522698,6,3
294473,935605,533803,860174,16,32
652763,772172,2213,998042,49,5
442127,974264,246705,493320,12,26
388105,711269,68305,944881,43,16
68060,781326,69714,809446,36,35
90582,715645,179002,781451,30,31
724844,982751,282310,371945,4,12
219358,728363,307853,458769,7,25
54443,892625,64148,745987,34,41
485561,596501,74745,316983,12,5
656880,897308,405011,628035,11,12
3018,999971,206142,305068,4,49
12888,833751,75057,582576,25,41
440414,497915,479959,973742,24,2
104937,962346,47597,404436,17,42
413453,723866,68223,118488,2,15
263032,723879,6113,581628,28,23
207938,809265,330413,863202,26,30
66322,116098,542988,798352,12,2
241795,589211,245413,692032,22,17
89191,822847,204121,674599,23,36
211478,947833,447782,977606,26,36
308670,386911,478873,920508,22,3
462553,475540,126343,933990,40,0
14028,262578,55063,461816,20,12
235696,572017,20257,995101,48,16
692169,991308,87264,982729,44,14
845803,875219,79359,931600,42,1
30501,766876,257247,678061,21,36
247142,965988,527863,949748,21,35
488792,987354,330501,952731,31,24
157429,783299,43382,811974,38,31
505547,887226,8703,999429,49,19
181046,375097,261052,874005,30,9
124719,618426,264455,946772,34,24
94538,567498,243528,661496,20,23
31500,956060,117102,686052,28,46
9286,936167,139097,362031,11,46
552239,769139,136329,846936,35,10
581244,731775,11684,685553,33,7
207317,703125,486626,750749,13,24
656462,870669,431467,874406,22,10
363749,688504,541189,808853,13,16
336180,418716,41763,765005,36,4
42840,912269,728570,922277,9,43
25688,797870,153579,380206,11,38
53979,918295,727411,938098,10,43
371792,623615,257773,806692,27,12
91933,471317,800645,972003,8,18
300167,974911,427116,616098,9,33
4448,849692,391837,982660,29,42
139027,584101,209722,901464,34,22
23770,312056,94762,757381,33,14
147075,893480,70873,925726,42,37
102392,661906,310943,928511,30,27
70892,148138,29115,954632,46,3
62694,904474,302558,800482,24,42
98358,586697,131590,144187,0,24
737698,944505,254847,616067,18,10
220620,523165,31192,876213,42,15
53401,818498,165788,726343,28,38
352815,819461,391929,725122,16,23
145713,962724,15203,942822,46,40
61657,913168,265808,920212,32,42
102294,455366,313419,794828,24,17
327814,877520,149040,916982,38,27
235532,787389,53242,767343,35,27
252237,920216,487263,533911,2,33
192805,781404,22401,984065,48,29
424916,871561,351144,424954,3,22
336983,860143,38232,947784,45,26
439,685844,129553,657945,26,34
1228,998154,561120,621626,3,49
232334,438386,817043,924205,5,10
152396,891116,345011,360044,0,36
468020,699686,9414,856206,42,11
571644,813502,18914,66494,2,12
3207,773373,225701,770709,27,38
57934,997797,2501,655766,32,46
73847,632186,26204,938864,45,27
242395,900223,48483,94222,2,32
513605,995451,21727,984869,48,24
414032,421500,349003,437868,4,0
225101,582796,39265,173581,6,17
501566,674902,459915,502785,2,8
20610,998285,245554,971800,36,48
278752,571595,946118,996608,2,14
47171,977770,10064,975440,48,46
98497,170848,66646,798426,36,3
207187,694565,266870,975015,35,24
461989,663486,9,999504,49,10
63503,252026,176896,754636,28,9
123727,683218,434009,803537,18,27
47832,977687,20686,454295,21,46
319300,506711,286330,594392,15,9
605660,818753,484523,766682,14,10
801407,951025,89741,375924,14,7
146988,549465,410042,710103,15,20
234575,855476,306322,682192,18,31
921002,998958,36561,883062,42,3
220615,657911,1390,997054,49,21
224088,851982,441227,856187,20,31
513410,633738,348443,682580,16,6
737,955804,231319,680689,22,47
242451,679558,85572,839785,37,21
92257,897955,89171,832796,37,40
471998,924605,15674,554158,26,22
198604,942416,1598,941409,46,37
295328,631765,161073,818826,32,16
716985,874187,279688,517488,11,7
33495,801229,86874,548774,23,38
115920,938035,152330,200966,2,41
333883,689423,370245,595629,11,17
319762,940773,152405,506850,17,31
587026,937744,942576,960807,0,17
310020,951348,394004,773919,18,32
448413,766931,527001,721967,9,15
256665,817973,197902,988338,39,28
413387,593693,103628,477808,18,9
13497,965931,750078,965592,10,47
135130,267696,160850,780235,30,6
192841,725078,148709,465317,15,26
9933,985782,235704,951979,35,48
375839,553481,17735,943883,46,8
15334,790488,456068,559451,5,38
480643,760312,11344,389089,18,13
168550,700884,187125,575463,19,26
19434,997947,60979,981537,46,48
110944,959914,211838,395337,9,42
373555,993922,26708,969815,47,31
138784,626691,494372,981381,24,24
408519,873829,233465,914695,34,23
101060,811220,200446,969112,38,35
505409,626853,154652,252638,4,6
463292,575668,234311,872162,31,5
146089,249392,220382,959352,36,5
64000,847056,452982,803533,17,39
469635,965095,701487,872666,8,24
21476,994315,30126,981610,47,48
33517,965768,147137,957201,40,46
432595,850969,524539,894591,18,20
129231,947861,18196,819241,40,40
152639,987507,371651,816357,22,41
53151,417177,611368,611735,0,18
153811,397650,479210,486177,0,12
408871,636319,535490,859864,16,11
95687,661745,708969,997022,14,28
52145,988767,477968,849222,18,46
278608,977326,447031,696769,12,34
213041,854620,128555,984944,42,32
20276,381867,170353,243982,3,18
482259,912798,179549,981144,40,21
167320,668016,85925,814290,36,25
156207,821491,13634,948163,46,33
145938,995149,528000,892522,18,42
108896,778847,270290,685626,20,33
17001,854999,413797,900172,24,41
38631,967303,54567,996907,47,46
279371,856803,57697,965434,45,28
78869,937069,135831,143661,0,42
98371,976758,148876,668190,25,43
331881,925191,288554,867553,28,29
211528,931379,63624,734891,33,35
44671,739288,666390,804508,6,34
638342,951666,194360,678179,24,15
578521,750133,50059,260560,10,8
229854,931722,209757,601150,19,35
45915,340376,31350,821528,39,14
510214,924128,40595,861201,41,20
248605,702385,469468,521998,2,22
14291,999802,299159,997142,34,49
706964,969507,7005,765653,37,13
77591,932984,359769,440418,4,42
49336,56344,216299,725130,25,0
175107,782498,450863,799004,17,30
90368,129956,176211,834990,32,1
163951,851930,178243,833281,32,34
533143,635362,439718,968530,26,5
235496,560182,61604,344723,14,16
103905,980740,336389,644583,15,43
654223,778500,34287,953302,45,6
162783,467065,520419,826108,15,15
5350,992226,107723,879385,38,49
185201,590785,135735,712564,28,20
11686,401754,336107,852036,25,19
230978,996205,265481,569089,15,38
174392,349731,3851,990525,49,8
58940,869035,833804,942847,5,40
162744,975676,905489,932443,1,40
96809,196939,390211,505127,5,5
152604,544403,109218,338275,11,19
934565,944813,244402,928543,34,0
201411,451822,31416,989657,47,12
396994,425106,440901,908941,23,1
290340,428650,201460,478698,13,6
294852,933059,68108,741284,33,31
21951,975365,281379,414303,6,47
212018,651813,128212,777072,32,21
824253,854776,261330,792013,26,1
877937,936240,587035,824061,11,2
983290,988171,471291,804532,16,0
145023,798821,275926,451306,8,32
38408,909415,537044,914061,18,43
840173,934113,175766,478592,15,4
138708,325040,22651,981131,47,9
192497,911415,383602,676431,14,35
25656,699956,275239,982840,35,33
118987,619560,106842,886056,38,25
142824,966033,51367,997458,47,41
235971,790227,313618,970328,32,27
703255,820492,49465,533581,24,5
67503,355347,108309,217202,5,14
532463,599172,478601,939121,23,3
287927,719294,101872,964186,43,21
192493,923017,130224,784188,32,36
277127,460594,7348,743096,36,9
364628,796353,130989,815653,34,21
669,992954,568196,704864,6,49
565461,630899,374259,617391,12,3
167572,994262,155666,970510,40,41
20779,748106,335414,920447,29,36
525460,905995,177329,560099,19,19
97141,817104,352891,398047,2,35
841658,886459,424,605614,30,2
29730,994593,13230,895699,44,48
910005,996263,143851,515635,18,4
513534,749058,39059,986097,47,11
18443,335243,711905,952379,12,15
297229,493430,9347,970544,48,9
52036,830496,166853,872760,35,38
153832,496658,245506,966571,36,17
56826,909557,715688,792272,3,42
2067,998627,348738,621914,13,49
401507,783701,176967,943744,38,19
601985,700301,334256,966290,31,4
136009,942316,380286,660572,14,40
246654,508348,126368,515009,19,13
273905,934348,107603,908704,40,33
146732,167850,336920,947276,30,1
4440,904481,166073,903635,36,45
804627,850854,240570,780672,27,2
206408,778701,472206,873392,20,28
343313,541138,386374,936334,27,9
21101,607574,145932,852961,35,29
183887,522407,102402,910694,40,16
158975,950468,319756,998326,33,39
342269,507852,60154,691903,31,8
245764,900117,22060,950304,46,32
3001,877367,319638,647902,16,43
216559,577225,351403,651840,15,18
341728,933370,706429,773525,3,29
173014,629443,4177,997580,49,22
399925,621309,125158,876351,37,11
275524,840467,572192,891679,15,28
33332,997862,62468,462644,20,48
625538,653995,276209,905777,31,1
17503,816885,141681,591356,22,39
190340,228520,896314,936240,1,1
385250,886205,75802,422815,17,25
20703,713395,13914,369013,17,34
54278,594434,153448,825533,33,27
216529,464358,407862,939091,26,12
164243,612977,1615,773440,38,22
306259,499394,207101,950692,37,9
507990,592232,531399,795201,13,4
96662,862626,199289,613926,20,38
381809,898555,250379,708260,22,25
217202,843903,258715,560464,15,31
16593,505700,22853,314888,14,24
908270,985556,15569,997603,49,3
710336,934062,825438,857999,1,11
120287,424758,482849,844272,18,15
127084,742229,654972,664740,0,30
242244,350478,186764,242328,2,5
191854,569027,669476,967774,14,18
73539,833825,272292,364474,4,38
263630,733406,526655,712176,9,23
31884,520741,372365,777361,20,24
113320,793176,180375,489399,15,33
129582,990768,124240,519989,19,43
703825,822704,441343,819764,18,5
341287,990863,375451,878637,25,32
74703,342499,13488,931115,45,13
423823,883779,397685,577915,9,22
40538,877756,28420,897714,43,41
173960,434645,354729,804658,22,13
80193,257343,575547,699153,6,8
101161,103229,12152,951143,46,0
313564,771852,90896,820292,36,22
300430,999914,101709,473215,18,34
37384,329592,912741,937969,1,14
52425,431954,453992,775403,16,18
146425,989456,90917,818466,36,42
238247,368449,530006,933017,20,6
201132,477183,55283,978563,46,13
690866,865770,197148,306073,5,8
110629,772288,19861,992608,48,33
246978,871070,73594,886813,40,31
132368,515969,410509,628327,10,19
159301,940654,820738,972042,7,39
221082,986210,763742,980468,10,38
66393,780433,337787,931278,29,35
130664,792440,682990,944928,13,33
174104,916215,362090,742141,19,37
99286,501253,289247,544035,12,20
19805,740767,88457,288272,9,36
22335,891160,155059,846901,34,43
35963,999732,496598,498678,0,48
410397,719381,457929,916908,22,15
134727,758712,108995,905795,39,31
586874,709774,14520,185294,8,6
558025,558186,357517,895507,26,0
287033,872922,180820,377888,9,29
57021,986441,163485,884659,36,46
191942,685127,201501,854855,32,24
458541,519685,593675,919864,16,3
16159,961996,17247,981329,48,47
90993,935915,125057,676508,27,42
457314,458207,75686,955438,43,0
401408,719347,686658,973302,14,15
289470,938524,517911,987549,23,32
819316,989769,502639,911962,20,8
74211,911969,427564,492557,3,41
59437,617107,104855,790750,34,27
94808,975777,496422,953837,22,44
230423,403897,134211,996686,43,8
420831,577927,627026,685021,2,7
158018,759378,193867,860996,33,30
388648,689108,103894,215940,5,15
105942,183758,184080,351359,8,3
108987,227240,62576,495329,21,5
145760,996779,42424,254095,10,42
676455,823678,73380,718565,32,7
261440,872010,358301,958092,29,30
310892,929465,318122,725646,20,30
185025,661504,781499,903501,6,23
96714,771102,632759,661711,1,33
128024,528575,11702,973119,48,20
3715,45867,670773,724105,2,2
55818,928662,4896,996575,49,43
397995,972493,218590,952906,36,28
830094,928545,120010,223544,5,4
572405,864370,102768,866219,38,14
221342,970143,622602,968912,17,37
79524,825567,2199,982876,49,37
353894,984778,320579,969745,32,31
81215,152414,380119,745578,18,3
359291,954337,270699,281931,0,29
64396,412270,178691,552489,18,17
381833,716504,19623,950983,46,16
17147,886110,269295,982364,35,43
850945,976645,108416,924980,40,6
122394,383804,549126,790034,12,13
454951,471165,871288,929536,2,0
808992,833499,693958,759773,3,1
1798,996603,743243,981389,11,49
12014,976660,841912,942523,5,48
183572,949533,77560,999416,46,38
138106,317148,159561,869977,35,8
206347,854117,253425,906176,32,32
273848,799702,50065,997007,47,26
565978,773510,94908,475392,19,10
16149,899770,370933,568159,9,44
520649,781373,149924,970044,41,13
21759,903987,33111,971504,46,44
92817,990389,43429,847129,40,44
160272,567437,206859,630829,21,20
200697,724211,74171,717218,32,26
144650,832587,208346,534706,16,34
477080,971258,276619,485743,10,24
623425,927081,239171,874903,31,15
2378,985330,197122,667909,23,49
294124,587674,22973,927674,45,14
246990,816996,195696,412726,10,28
649937,953618,142362,523727,19,15
3572,313229,583700,936798,17,15
76993,931983,8294,925271,45,42
26783,943687,415821,964903,27,45
18019,30911,19254,581599,28,0
261526,686879,453406,861621,20,21
625157,666819,29350,863604,41,2
178051,882905,376119,682476,15,35
286455,522881,62576,982343,45,11
142217,565749,643155,937787,14,21
54895,715339,276904,455914,8,33
92868,167991,270599,620687,17,3
258269,557025,25127,984794,47,14
493036,996693,664851,974225,15,25
665296,925904,666056,956205,14,13
153806,965802,5088,997104,49,40
376817,518032,303653,612872,15,7
51686,444659,450970,762844,15,19
82473,968528,347745,953730,30,44
146152,717654,425451,978722,27,28
11867,378331,88688,607585,25,18
442972,560504,263461,827110,28,5
687170,809733,57893,640422,29,6
23926,992317,348808,551142,10,48
48277,991760,345599,610980,13,47
348025,874875,507683,857880,17,26
12694,937197,546612,989833,22,46
80500,919934,568685,751583,9,41
8163,994972,9172,933356,46,49
88668,843077,560972,706743,7,37
189437,404768,27263,969640,47,10
705211,715994,349327,737931,19,0
288590,401323,53134,671236,30,5
314331,402750,187122,526241,16,4
361483,519329,300565,887900,29,7
190543,817191,862488,868138,0,31
167091,926417,642272,759950,5,37
592915,984285,348964,678358,16,19
262415,720360,26021,991547,48,22
19715,976423,69505,260802,9,47
783713,981294,274218,785766,25,9
266987,548099,452900,696991,12,14
418823,799968,596961,666001,3,19
152050,266469,40296,817525,38,5
135418,699242,208468,679241,23,28
52584,959987,180369,962245,39,45
27843,937704,371068,731168,18,45
102642,945096,53788,295416,12,42
169633,893086,138154,527667,19,36
809746,998716,786410,955771,8,9
537493,792907,277032,857177,29,12
281120,517126,663906,746855,4,11
81937,757954,24270,550865,26,33
217940,248536,667007,874885,10,1
99005,479219,57041,955978,44,19
92777,595539,373819,693964,16,25
9516,942366,278180,355686,3,46
689950,712723,269104,500996,11,1
49209,955148,38334,602800,28,45
54775,202508,175361,963291,39,7
860,991611,354617,783556,21,49
393644,897804,130377,953115,41,25
235120,935303,469470,988724,25,35
142756,704534,487445,709316,11,28
427934,963502,71005,516091,22,26
16365,975403,188332,882051,34,47
129794,384807,278565,622535,17,12
356927,462190,34233,989924,47,5
14961,321018,574863,653826,3,15
41249,866628,127014,380871,12,41
71616,292085,459749,515789,2,11
85431,991292,6446,934147,46,45
317505,322865,8674,899451,44,0
82486,702383,261492,772085,25,30
62943,387806,101185,483862,19,16
701130,778096,330486,824151,24,3
37787,997414,15423,798679,39,47
54566,839770,163058,387327,11,39
803175,996408,57563,483287,21,9
372796,814742,647820,880079,11,22
64837,110070,181815,535594,17,2
108348,369123,190331,907323,35,13
47227,936698,5238,960411,47,44
50418,985664,456393,590949,6,46
33957,813335,3209,870956,43,38
159292,698058,276072,615000,16,26
139853,500522,92137,893405,40,18
113195,788035,91702,814074,36,33
344932,914085,198256,330609,6,28
441455,619103,822648,967127,7,8
8193,989342,504070,746086,12,49
424443,943276,85855,675766,29,25
182190,913425,329530,952564,31,36
63077,194518,590017,654019,3,6
527522,654552,299427,531435,11,6
536434,792312,592770,927307,16,12
372462,702950,4506,997109,49,16
279240,789362,69752,543750,23,25
234192,746743,978924,989837,0,25
430682,630755,514541,747564,11,10
192927,532954,183645,844877,33,17
61850,813425,629882,840894,10,37
27560,905616,185569,764576,28,43
406428,855421,603386,780245,8,22
210770,600193,418018,964469,27,19
159530,508309,306352,771551,23,17
171390,454860,322634,756372,21,14
73634,948281,91485,715794,31,43
562421,737500,117972,447281,16,8
390424,674936,263644,901711,31,14
340008,934510,557056,955764,19,29
365956,952841,554577,791514,11,29
1263,994625,174445,278703,5,49
549230,990330,627091,763069,6,22
18881,181582,564589,735359,8,8
625419,631675,606565,968361,18,0
81136,861253,585631,684874,4,39
296198,996212,742552,960486,10,35
480654,529707,328681,987688,32,2
15484,273218,372920,452725,3,12
141485,863463,93673,994637,45,36
163219,905701,600963,896785,14,37
694191,883486,671304,790904,5,9
184902,744086,158951,396228,11,27
446642,555619,204939,363806,7,5
11378,952339,176841,952544,38,47
76330,743083,574061,683790,5,33
297990,580611,9888,972795,48,14
548387,780272,45053,810738,38,11
359561,938630,415623,919676,25,28
63363,971381,84988,670402,29,45
113777,306139,3630,995961,49,9
303964,977570,202461,361765,7,33
457121,534754,128315,743852,30,3
394560,494729,324576,530354,10,5
68593,449234,449995,875338,21,19
7359,946643,187160,656768,23,46
251777,902624,539624,634784,4,32
20573,929442,61888,837698,38,45
3891,968296,289302,592750,15,48
120543,974712,37274,670402,31,42
36728,719406,133029,989759,42,34
162,279134,382742,879567,24,13
179023,810326,342798,578782,11,31
80503,258700,170601,821263,32,8
297807,990978,1258,972235,48,34
329756,891302,339921,372891,1,28
9399,894163,104437,744524,32,44
748227,839010,336582,908221,28,4
190652,619092,185141,808178,31,21
17244,910229,611799,763323,7,44
757814,813143,135752,668130,26,2
8820,714431,34037,987969,47,35
51625,921563,105374,918141,40,43
300194,947377,260322,645749,19,32
260884,820745,321672,643270,16,27
296960,459865,723573,913501,9,8
289702,804884,124635,526435,20,25
1356,915566,75013,978429,45,45
279,995122,22216,835408,40,49
253019,919144,99798,685462,29,33
337737,701993,13714,974989,48,18
200326,357834,152422,864415,35,7
69480,925841,550899,691885,7,42
277008,689129,213891,686093,23,20
414109,558684,626253,972935,17,7
7874,990529,189841,546914,17,49
634567,842615,423940,642909,10,10
182088,981990,191199,955341,38,39
55095,136545,37662,960434,46,4
211628,268499,329474,921341,29,2
396617,873868,50574,422034,18,23
195876,816126,436148,623125,9,31
101058,667468,99286,427209,16,28
151468,991587,246210,411419,8,42
727937,888345,532963,881240,17,8
98002,963298,922296,969297,2,43
288888,997204,354474,995691,32,35
230106,953560,272565,484637,10,36
39068,969794,481940,964971,24,46
211009,914465,10616,916141,45,35
191288,530491,739455,862752,6,16
223801,303548,526903,562373,1,3
520855,862719,96285,802369,35,17
6662,112072,5879,288745,14,5
9575,967499,48749,925386,43,47
219368,660363,15098,683259,33,22
107397,653587,466975,481971,0,27
621444,717217,148617,927869,38,4
22801,908558,58874,195008,6,44
361968,540039,414252,902130,24,8
2301,272052,592845,793078,10,13
348123,781547,77107,78312,0,21
4472,988097,235149,851278,30,49
57465,921425,27673,898594,43,43
97858,800254,528204,539610,0,35
139297,495565,296522,823321,26,17
48633,864176,424973,487487,3,40
151974,946385,158899,978041,40,39
33932,509366,501228,531014,1,23
85192,845296,533250,731161,9,38
918088,931673,552973,707622,7,0
90702,871625,151829,872241,36,39
541000,719178,123644,729748,30,8
798725,942675,39622,767189,36,7
376849,577350,641248,882366,12,10
52009,867783,55298,758006,35,40
354524,836793,382353,853162,23,24
462091,671067,203631,738028,26,10
193523,435062,35859,952520,45,12
306177,497914,3889,832241,41,9
267377,331633,171791,554579,19,3
56831,519351,101469,756124,32,23
445982,966774,330054,741191,20,26
544040,546397,374470,984633,30,0
17835,548335,100819,999063,44,26
254053,282144,86567,130308,2,1
94633,107363,157056,938443,39,0
124096,667719,2884,992677,49,27
256481,572779,19893,748954,36,15
324615,998430,263930,641219,18,33
272746,862730,223185,480144,12,29
411853,751426,298051,854214,27,16
34587,477355,255457,813461,27,22
76427,390536,470726,673230,10,15
167740,972107,761878,926780,8,40
232769,663980,77859,283674,10,21
1952,977475,282392,813525,26,48
13868,590194,226333,244906,0,28
52407,353442,571941,850559,13,15
287333,808971,840858,879399,1,26
171697,184373,81220,908445,41,0
34902,868003,192974,927804,36,41
623612,856401,34168,963773,46,11
792216,887131,21105,817728,39,4
279192,720184,72133,999978,46,22
161780,700872,115567,963665,42,26
7766,970800,180112,438113,12,48
45842,977527,105651,782783,33,46
129544,163473,143005,318041,8,1
121930,355856,184026,614059,21,11
275468,573556,41170,908220,43,14
398625,874401,314733,928362,30,23
182118,932887,336,809702,40,37
330653,842721,161229,968216,40,25
169487,986457,611068,703939,4,40
569790,626328,782031,966882,9,2
91704,874767,344106,956595,30,39
151888,382729,231710,836510,30,11
71446,985433,690781,910460,10,45
2119,982167,76399,797436,36,49
297452,896996,116503,847836,36,29
292490,687313,68182,752197,34,19
453005,744821,398864,546036,7,14
223792,417192,381277,623719,12,9
72760,426903,342667,687224,17,17
279352,913436,206690,244889,1,31
25950,839420,18040,740583,36,40
38816,982961,19498,826881,40,47
372838,751688,38025,407791,18,18
144747,404548,439849,717700,13,12
330809,459739,712006,952850,12,6
233170,845369,340575,837245,24,30
342182,957281,171546,813904,32,30
117967,649272,119125,876157,37,26
98109,696088,1271,998941,49,29
143846,894419,729641,925610,9,37
413172,419785,120190,870936,37,0
13352,986646,28294,198309,8,48
191482,910872,7289,863636,42,35
211657,809192,293518,381373,4,29
198798,864305,425582,852764,21,33
9317,950861,137327,689222,27,47
211509,765768,76354,481405,20,27
359804,515109,262521,886231,31,7
616929,911800,399891,581580,9,14
155737,896631,148131,898962,37,37
704983,843408,284299,848190,28,6
594808,888271,166071,740496,28,14
743322,892215,5887,934249,46,7
2120,287609,86844,596828,25,14
98847,693288,157633,842056,34,29
565272,778165,30591,612733,29,10
197181,483321,20369,957335,46,14
22297,914553,93777,715741,31,44
366697,529751,245502,718013,23,8
49566,846515,152675,163882,0,39
212427,458369,427655,711310,14,12
610075,830330,257253,402531,7,11
249638,336319,51519,729380,33,4
4269,419384,156960,855799,34,20
291468,778902,859808,961223,5,24
172071,704453,220065,905588,34,26
116643,472832,222456,771479,27,17
193227,815790,110410,842773,36,31
380910,966815,524932,676687,7,29
185588,993956,4557,778003,38,40
302921,389114,130524,716817,29,4
12726,977437,765871,960769,9,48
251831,631164,299287,763768,23,18
232976,751949,267111,657169,19,25
415483,752927,191097,344355,7,16
6186,64099,4689,995876,49,2
31357,894675,340023,488153,7,43
92773,180304,151277,665610,25,4
412553,824018,133159,885659,37,20
171456,729603,130799,919972,39,27
203840,845098,45862,676266,31,32
710302,809404,35114,835423,40,4
458631,894188,25629,636093,30,21
134833,717353,51513,927244,43,29
145039,523271,171865,291942,6,18
105849,802740,337324,617826,14,34
569987,870832,73273,503598,21,15
347422,957713,0,579708,28,30
49713,991086,42277,196309,7,47
209152,325590,296456,425117,6,5
387712,691170,39434,590694,27,15
217536,378863,57639,484345,21,8
115757,894034,5012,438649,21,38
228956,571394,632645,830030,9,17
61104,909460,401284,845490,22,42
81536,990580,728144,965853,11,45
235998,687385,1178,783390,39,22
40597,651097,7147,926896,45,30
95133,999674,62344,767020,35,45
22201,456015,413502,926756,25,21
49984,748993,42092,555510,25,34
12685,935021,223621,973881,37,46
39177,224207,132863,609217,23,9
41429,876731,61068,995981,46,41
159869,642607,65770,681789,30,24
366716,859988,163592,968059,40,24
3607,38263,170508,770124,29,1
692398,825584,28982,899307,43,6
295191,920149,481345,947917,23,31
139919,789231,361732,702853,17,32
73400,547113,14028,725238,35,23
16755,51503,157480,652189,24,1
44418,931852,507705,792004,14,44
415342,707811,81772,343922,13,14
109235,919535,596471,851960,12,40
154249,680588,113999,236814,6,26
128273,759928,356939,569502,10,31
531183,926861,573428,942155,18,19
69746,896356,288288,948419,33,41
556646,761248,269299,989881,36,10
736054,896370,142243,958939,40,8
129245,902918,175277,176633,0,38
12153,894619,94412,793272,34,44
751562,975253,492802,850681,17,11
82363,119750,70482,481232,20,1
31775,981481,240,997805,49,47
27592,993569,385959,965927,28,48
94582,980984,169991,878839,35,44
260792,358481,253628,957993,35,4
533252,698355,151379,245809,4,8
2088,991279,211190,377876,8,49
493761,804376,805238,957982,7,15
211820,664616,39606,404949,18,22
509601,818187,462997,923669,23,15
6309,924587,94247,213233,5,45
207504,299343,352628,550097,9,4
101179,622166,86983,589302,25,26
63636,438808,67368,746394,33,18
246530,777123,506964,881041,18,26
808472,909219,31592,998415,48,5
228845,770476,828539,884384,2,27
476321,930629,438991,850799,20,22
286985,963469,68506,526111,22,33
113163,984551,613727,893313,13,43
76481,972707,478120,744923,13,44
78573,928550,565546,892513,16,42
4619,959463,157571,800484,32,47
8951,969286,121801,880466,37,48
8093,994528,23844,695132,33,49
257717,724616,4489,969878,48,23
345421,898066,10274,986883,48,27
374554,758140,246502,988694,37,19
278705,755241,445420,736498,14,23
529834,584043,508773,617599,5,2
11216,835147,179217,895560,35,41
166969,916374,797020,797411,0,37
99160,804828,371419,439069,3,35
10395,932027,75318,932331,42,46
59706,955188,19714,997151,48,44
34367,969997,43060,954893,45,46
101575,860333,85750,761671,33,37
234941,720843,209494,742980,26,24
46283,798340,511351,592663,4,37
37402,900777,64665,561678,24,43
434157,938175,210491,258430,2,25
425992,576386,688973,842008,7,7
611883,873061,40617,771633,36,13
318398,812163,372388,889409,25,24
46692,981038,587602,639611,2,46
58670,962620,24758,473251,22,45
53811,252725,541122,807057,13,9
54960,908948,30379,990677,48,42
462048,872166,630270,979285,17,20
836539,861463,516476,859774,17,1
10571,994152,131788,843150,35,49
173450,907025,368242,886762,25,36
363144,685633,150547,616054,23,16
4050,666271,232289,529198,14,33
20729,589258,191935,955775,38,28
545458,665850,323161,943269,31,6
591386,821767,26094,987183,48,11
110550,962438,37139,967344,46,42
22015,974223,92220,677101,29,47
53247,983654,327192,585251,12,46
342772,409191,532947,551737,0,3
27553,966192,222078,750474,26,46
97977,551153,105863,965568,42,22
722126,969295,157360,849670,34,12
354635,617106,794252,853080,2,13
26178,945045,490049,899032,20,45
65828,894188,399684,517901,5,41
200157,565715,398661,990841,29,18
593574,932801,272568,848013,28,16
229200,841006,2048,792886,39,30
527786,955967,164604,300194,6,21
89617,802394,491884,853347,18,35
489965,574533,126300,992789,43,4
351544,594199,415251,539914,6,12
20600,978397,705245,930508,11,47
414521,983807,279094,372698,4,28
125811,726814,785472,929764,7,30
246097,323429,610219,920765,15,3
544114,785890,41274,906660,43,12
184853,291944,626540,901108,13,5
201370,958245,132505,695651,28,37
61265,762306,468111,616398,7,35
2585,337975,100167,794892,34,16
193886,898655,359039,464681,5,35
348945,548426,195029,406961,10,9
72844,320373,69500,961692,44,12
294313,390705,273036,291457,0,4
377667,822198,238702,512104,13,22
127803,765979,815763,988448,8,31
140959,722663,292951,401969,5,29
256201,996147,6893,951248,47,36
518125,530835,483912,496301,0,0
72520,618816,643579,916083,13,27
703099,914119,8973,137022,6,10
125836,947527,695099,827036,6,41
681110,963017,773697,992883,10,14
355795,825667,158321,405445,12,23
194115,789389,352888,757012,20,29
518357,946486,254629,299669,2,21
77782,606612,35433,760785,36,26
562291,658160,237873,848817,30,4
657920,990592,78437,936413,42,16
23816,210889,57504,976484,45,9
97637,770650,567918,955321,19,33
117791,748511,97976,223000,6,31
140151,181003,354577,983435,31,2
332686,400948,228040,856531,31,3
231116,999731,583509,635561,2,38
27021,910342,22789,32161,0,44
126740,948363,61088,959259,44,41
226269,640524,311884,800921,24,20
100384,967702,215995,814551,29,43
76451,835660,59600,979594,45,37
277371,684462,648202,769492,6,20
77288,952231,70171,828503,37,43
54757,944024,289220,678193,19,44
52286,291922,413680,668751,12,11
276128,300367,329821,842977,25,1
115488,269409,715516,732036,0,7
512946,769086,90035,815847,36,12
823602,905480,844028,920754,3,4
169787,719527,570165,828035,12,27
306090,354592,81161,793264,35,2
108548,540612,307319,537072,11,21
551279,851589,283623,684242,20,15
298893,863172,391346,828790,21,28
339020,534982,64888,604233,26,9
107518,578509,26305,966962,47,23
148760,905086,57272,699631,32,37
264395,915954,16222,909337,44,32
573219,710780,101781,556855,22,6
611796,649392,585454,974528,19,1
232165,748895,530753,631769,5,25
552844,948345,259313,852324,29,19
201520,933671,243180,304959,3,36
6783,942901,238286,339709,5,46
96937,998286,814883,889476,3,45
586412,857628,255190,755836,25,13
19519,898990,296405,914457,30,43
26487,729656,264530,490713,11,35
288759,531289,95172,944834,42,12
118172,813721,90199,963755,43,34
587071,725307,150,966042,48,6
199922,655383,42959,991970,47,22
214762,215916,632833,931399,14,0
75168,967545,153430,829492,33,44
105386,862391,222033,548809,16,37
44188,718572,70021,940767,43,33
12493,52180,110650,981234,43,1
218426,858543,412721,629512,10,32
315998,934308,1520,993378,49,30
280292,578862,182275,927855,37,14
344013,809210,393575,662904,13,23
303774,503094,319791,505530,9,9
4148,468760,270189,428729,7,23
241371,632959,55864,909268,42,19
153245,880358,196031,334088,6,36
364818,378912,2044,995928,49,0
22826,973354,24088,130477,5,47
724665,961768,612963,780156,8,11
215286,463113,133023,968567,41,12
95008,572919,37378,624505,29,23
456045,783871,233203,287178,2,16
755895,862496,412975,796490,19,5
41009,535159,264530,661998,19,24
11931,910263,505091,881829,18,44
31478,155705,407880,754828,17,6
59389,977932,127957,975019,42,45
227589,874569,91146,864237,38,32
126491,958890,268460,582550,15,41
448101,608164,269295,830202,28,8
321319,951214,176164,887986,35,31
35878,565447,79102,541809,23,26
81227,426906,496974,704764,10,17
503135,789912,396658,691019,14,14
129932,772881,56235,886303,41,32
177755,884514,159526,702418,27,35
57825,776425,22532,949741,46,35
833767,986182,101884,785055,34,7
489387,728760,30229,627178,29,11
759979,959995,75906,962810,44,10
265063,452463,455066,749938,14,9
666185,863930,173677,943197,38,9
134600,969751,199000,950457,37,41
431815,654917,2050,457356,22,11
357751,514875,479756,666556,9,7
34435,985715,246768,728385,24,47
12861,823300,137159,494588,17,40
201380,840925,17343,935311,45,31
303982,414532,369978,566925,9,5
243174,846116,2689,743019,37,30
350778,826680,836060,885155,2,23
575031,856552,76943,815811,36,14
76250,921999,309188,361596,2,42
196099,856579,82319,979933,44,33
489505,858467,38847,186463,7,18
857209,969358,194632,752383,27,5
7045,962215,261073,610872,17,47
119677,759214,365843,619435,12,31
150,751843,656970,931585,13,37
66496,542461,176065,936411,38,23
413608,641453,659720,979545,15,11
103067,542749,41058,883139,42,21
416730,919808,106178,189516,4,25
291737,362438,121931,686136,28,3
188266,695058,24922,995653,48,25
156992,880627,401918,803297,20,36
320337,698791,24462,233198,10,18
40331,895548,20802,902803,44,42
16318,759297,481203,860395,18,37
297613,979640,148496,968075,40,34
102147,574935,147515,537108,19,23
39867,992564,41123,335513,14,47
91159,656336,165923,752175,29,28
783264,975096,568925,797089,11,9
340889,963366,920606,961557,2,31
975105,976224,571604,873878,15,0
56553,501430,282668,997760,35,22
68414,811454,887938,938613,2,37
587566,826374,114194,992722,43,11
21248,754495,208871,514239,15,36
143545,496573,675535,920329,12,17
624898,645698,414941,666474,12,1
70942,993990,705754,709075,0,46
100312,859527,230247,912946,34,37
92932,983945,72163,798074,36,44
11571,982421,354154,687669,16,48
771291,913230,272478,827086,27,7
88972,595327,252608,740850,24,25
108589,912214,642602,849373,10,40
40940,944650,96819,439826,17,45
175823,984627,19482,997499,48,40
136443,240780,156398,911178,37,5
405923,968335,587949,731926,7,28
777196,936599,27135,977928,47,7
330070,334033,858257,896264,1,0
131580,753676,25014,999159,48,31
413193,910454,120386,687299,28,24
7831,751204,13929,976192,48,37
735541,817550,215355,345177,6,4
42328,902866,15251,862991,42,43
143267,796889,15,483291,24,32
489404,762201,186630,963454,38,13
41983,914581,71302,244278,8,43
497473,549705,757610,821994,3,2
37356,457787,38544,957817,45,21
84289,895824,31522,941048,45,40
296645,736207,283104,807277,26,21
98950,255949,52609,440395,19,7
513833,975685,102945,204729,5,23
74472,907525,345417,906046,28,41
191134,931362,66052,804354,36,37
328537,582903,161590,588554,21,12
387970,799673,177609,682479,25,20
62740,418241,75634,970630,44,17
22652,331065,161342,777753,30,15
69386,443479,11008,923382,45,18
75747,983664,168415,420341,12,45
166535,813026,247769,825598,28,32
15430,958199,626160,880833,12,47
506541,948657,29776,639659,30,22
593907,832793,349819,745750,19,11
11920,955247,70910,989786,45,47
49384,429377,247977,902421,32,18
227444,912768,15135,936577,46,34
229198,884546,504209,774875,13,32
89575,903609,16642,157084,7,40
45613,835645,99692,613631,25,39
121397,891719,71178,150789,3,38
144395,689834,123338,979592,42,27
487676,743842,40336,824957,39,12
138724,480713,414798,824833,20,17
109821,605528,1482,760659,37,24
414739,979402,301058,547895,12,28
27037,906350,125533,955924,41,43
1601,60855,168802,608117,21,2
69477,864921,579868,824469,12,39
450971,667865,718276,727658,0,10
220160,916231,23409,337359,15,34
328955,715506,5514,925822,46,19
125189,955674,617254,654466,1,41
493942,996393,215581,777596,28,25
257755,341530,817456,992621,8,4
63225,962101,443781,686722,12,44
321903,381649,447576,865271,20,2
12052,945950,26307,178611,7,46
57405,533327,458027,897335,21,23
130390,919832,271037,796191,26,39
11851,972967,257597,812029,27,48
41275,687671,34502,984385,47,32
82545,326235,635905,841262,10,12
48683,871116,8278,997004,49,41
352734,567766,19905,998731,48,10
556190,719186,440294,813191,18,8
162156,744768,40579,468246,21,29
485768,928468,98399,718832,31,22
176987,264827,5041,496801,24,4
885554,920825,125038,306387,9,1
511418,609811,96481,947822,42,4
113684,723652,32944,453208,21,30
20088,290952,68071,880504,40,13
200657,360508,516393,576904,3,7
60159,833211,246,999907,49,38
100072,852956,160092,768998,30,37
711016,793658,19938,919425,44,4
219719,896087,95143,878938,39,33
102791,375131,49270,460620,20,13
399929,972638,13040,617447,30,28
135393,944746,207667,826438,30,40
337871,606442,420705,777939,17,13
446559,759591,697239,698159,0,15
135160,567420,244130,503250,12,21
127925,912652,609856,891084,14,39
245029,368827,610668,714768,5,6
566772,988518,134240,586101,22,21
77608,570003,211009,551172,17,24
127304,517131,98670,965338,43,19
53104,923306,101093,990771,44,43
13480,761971,212881,339006,6,37
153304,889967,184571,975695,39,36
256241,535723,29548,974064,47,13
129857,209606,537938,633970,4,3
294612,654588,581275,899453,15,17
298794,937766,350139,781881,21,31
400965,920321,268082,635258,18,25
288216,897254,29672,917402,44,30
159568,597938,273295,755710,24,21
55437,480503,190584,898949,35,21
502356,933475,53520,976568,46,21
247246,546910,106489,936846,41,14
13530,423535,334441,867577,26,20
2557,968872,331742,808338,23,48
24135,917093,462064,509052,2,44
587877,876216,26419,725227,34,14
243999,598725,299149,944317,32,17
709190,838295,220285,702778,24,6
1734,862808,118228,179279,3,43
379733,532081,18806,880230,43,7
78255,401193,222576,926407,35,16
287076,806039,974,987197,49,25
650435,947218,92335,503798,20,14
277429,776473,327076,766335,21,24
58444,506417,539945,835248,14,22
68613,952465,331840,667075,16,44
32316,977930,561369,982279,21,47
39579,514331,20225,953761,46,23
856182,965749,34806,869152,41,5
198734,253719,18762,963769,47,2
442982,994657,51941,790095,36,27
855704,971289,268812,278179,0,5
94910,877272,70232,336774,13,39
188519,407640,309868,854006,27,10
376685,698228,555897,558425,0,16
237989,913397,50375,613237,28,33
603615,986553,69712,700950,31,19
358739,495837,10990,962365,47,6
58827,978045,319061,945361,31,45
803536,805130,560410,737825,8,0
455301,940826,497284,694670,9,24
103630,566477,769816,970430,10,23
266875,961934,95602,511379,20,34
548181,928984,715553,890235,8,19
234045,557205,40023,957087,45,16
289174,729398,523111,960513,21,22
74170,999347,401092,811822,20,46
185049,566311,162673,646248,24,19
301482,692650,393400,495736,5,19
179975,901122,75204,635446,28,36
758851,805439,9404,969679,48,2
118336,692538,301946,838739,26,28
376913,764034,410338,666627,12,19
3703,466212,490457,847514,17,23
222009,399806,43723,872959,41,8
382148,858813,3923,999526,49,23
370203,690028,264820,436045,8,15
94508,673109,57328,173899,5,28
139189,940384,257063,953632,34,40
582135,680254,137727,976506,41,4
56886,886362,648315,943465,14,41
46332,579496,385834,596805,10,26
857250,966532,87691,881327,39,5
10605,993314,95342,967166,43,49
8575,981139,377623,611276,11,48
8788,603613,203123,979128,38,29
375587,910352,205512,776311,28,26
28677,769307,270301,582590,15,37
101748,361150,143380,885580,37,12
141652,988168,602043,736918,6,42
388907,900511,662922,960056,14,25
462175,735588,281259,427748,7,13
224623,675166,238161,583653,17,22
93435,352715,94747,865281,38,12
392646,458645,717311,932323,10,3
58519,974005,454820,601401,7,45
768507,972553,490458,929487,21,10
22510,230037,75104,982600,45,10
18931,901469,143665,994650,42,44
224706,650225,67065,640733,28,21
51293,947955,524471,696150,8,44
599083,709051,220260,870951,32,5
767551,808000,95975,890146,39,2
674114,882483,22920,962403,46,10
615998,690119,216026,628260,20,3
249547,757165,299194,900991,30,25
145886,284589,874706,876200,0,6
85389,786844,423862,757363,16,35
113137,976758,25890,453403,21,43
110174,848899,307366,989233,34,36
200163,385678,634140,679824,2,9
128603,728697,568910,652256,4,30
9811,61445,10955,901449,44,2
139593,873468,71113,318079,12,36
381309,509960,460829,961015,25,6
44311,992779,44635,880066,41,47
152798,956080,131925,638403,25,40
184949,976192,611717,937900,16,39
154058,434553,48397,864607,40,14
62318,949884,149329,979836,41,44
6667,894015,23516,888272,43,44
175687,343222,438589,715426,13,8
398391,835594,4565,314397,15,21
60058,965957,254078,537783,14,45
1209,920518,126579,464370,16,45
114467,736859,77029,923575,42,31
960794,978417,115337,854819,36,0
313989,593683,53416,912516,42,13
264650,838151,41610,744254,35,28
138365,951190,52215,873657,41,40
15530,980461,96771,968793,43,48
40255,862298,32864,681236,32,41
23993,962367,442285,704137,13,46
330782,984408,122011,799117,33,32
668565,725277,344382,718943,18,2
65332,785985,181260,296622,5,36
11371,329033,91781,996800,45,15
22818,862072,33978,261609,11,41
318564,521829,852077,893007,2,10
192827,878297,200369,697973,24,34
143890,417095,4196,997102,49,13
324229,937580,644702,893543,12,30
605553,832820,105745,611419,25,11
23393,879772,113383,819280,35,42
59428,799615,170130,941858,38,37
267968,787210,243074,663547,21,25
5832,302050,300408,433639,6,14
159866,947849,293354,919969,31,39
247132,955943,2164,994660,49,35
713325,792184,362042,866386,25,3
43887,370581,129726,239898,5,16
86335,874220,30971,962857,46,39
337242,580538,512397,763458,12,12
154727,451215,9088,990194,49,14
173222,179063,255561,715293,22,0
22227,984588,577554,961694,19,48
372370,828959,435280,759048,16,22
327484,764988,377090,532546,7,21
330384,563452,266673,820387,27,11
3634,971686,144585,269306,6,48
245194,594287,146714,992638,42,17
211749,767081,417829,911401,24,27
56259,923965,82714,190903,5,43
141408,848622,5863,830662,41,35
361960,833561,360812,889826,26,23
33037,996558,92710,170597,3,48
236485,353212,251865,574900,16,5
68536,880662,204758,647163,22,40
348954,451899,519091,833323,15,5
636764,656655,91753,353292,13,0
71128,911000,844425,845924,0,41
42602,470011,325586,923297,29,21
424819,427628,171432,881739,35,0
307035,980820,265571,877542,30,33
1053,960022,118465,862564,37,47
464428,543535,53468,930612,43,3
6238,981087,100318,866530,38,48
168324,561833,318631,880990,28,19
6746,998528,473012,662431,9,49
26635,997333,344279,439595,4,48
79761,729733,90609,881291,39,32
72877,976936,97243,110025,0,45
871404,892598,262833,804532,27,1
124884,468618,167680,975456,40,17
615567,915828,170194,686678,25,15
107318,867565,199743,640068,22,38
13515,802224,632589,807537,8,39
558771,895570,471260,919476,22,16
164416,710458,41938,345419,15,27
213404,902228,171300,712969,27,34
122153,501798,178219,948959,38,18
191785,781117,58163,715352,32,29
277491,579835,120061,872240,37,15
59318,774012,220425,784443,28,35
12825,945388,58641,996503,46,46
327294,932576,216497,984891,38,30
63222,729033,990665,992448,0,33
31316,661083,814507,881996,3,31
15392,484715,98707,581172,24,23
48806,945558,390097,952772,28,44
37280,565786,189343,309134,5,26
14471,24282,115151,475124,17,0
200297,423292,555929,930654,18,11
577435,935216,384900,434862,2,17
342541,830261,11732,999155,49,24
4727,885619,507730,813318,15,44
106007,800529,453710,834074,19,34
175977,835863,626311,760372,6,32
151772,966358,20414,415330,19,40
282178,988201,260751,513691,12,35
41445,920206,8387,541085,26,43
16120,971948,741632,835459,4,47
478234,879820,251145,972630,36,20
117752,479021,149469,706823,27,18
399436,844764,877932,962006,4,22
79432,184188,28830,891576,43,5
131867,972389,719171,835940,5,42
627,989889,89336,606415,25,49
92280,714808,507065,949198,22,31
391653,867318,136899,149436,0,23
280730,374923,57,999176,49,4
92964,912883,39484,921165,44,40
18140,889331,243489,488163,12,43
661242,794775,461846,672001,10,6
41999,659583,74488,950575,43,30
731402,808717,105752,907139,40,3
484242,785890,497,961107,48,15
284887,660660,282815,856113,28,18
347112,703002,11404,995159,49,17
277512,646355,120177,872343,37,18
94930,890937,389370,872799,24,39
13972,140724,31596,708197,33,6
440848,831310,763892,899351,6,19
374926,954007,288982,849042,28,28
134767,234143,414421,824311,20,4
29801,800737,46652,876452,41,38
840034,917938,35530,677430,32,3
141771,992880,216232,649779,21,42
83071,362593,265067,388981,6,13
210861,438975,123596,198706,3,11
168648,703076,294132,714504,21,26
53294,969512,11824,993708,49,45
409309,945571,236545,250599,0,26
326580,902242,203422,846390,32,28
197918,694633,710453,957758,12,24
12893,797798,229447,947663,35,39
495534,754215,225180,395819,8,12
331036,852195,156678,966935,40,26
7831,907733,9065,488156,23,44
52639,791739,5592,490884,24,36
137829,624643,44602,990502,47,24
584642,965737,35380,938313,45,19
233361,759693,6049,940881,46,26
21256,996018,9515,367244,17,48
189563,954733,64102,805818,37,38
163723,759332,15624,542261,26,29
380622,930603,427600,493616,3,27
74620,387907,262860,972171,35,15
235003,962735,182381,557200,18,36
325406,486648,478233,545606,3,8
139324,920561,172171,743281,28,39
73617,992355,357668,625979,13,45
497160,857528,5743,932538,46,18
123440,895093,124866,656948,26,38
173997,917125,42933,760567,35,37
83839,200736,130481,973107,42,5
113800,870991,216891,845864,31,37
97945,550024,115115,855642,37,22
50325,650351,11891,962915,47,30
234387,967343,47647,211379,8,36
9457,861060,85857,962324,43,42
81037,799470,56330,803711,37,35
27498,831738,160905,956737,39,40
333902,743229,219154,815519,29,20
244639,540798,281728,653673,18,14
5419,222923,86781,957983,43,10
42986,950062,343638,949547,30,45
199048,830378,117632,750344,31,31
61626,966432,130775,615389,24,45
542016,981560,221377,698589,23,21
217535,977673,595756,865953,13,38
346575,776816,101852,655590,27,21
486182,858661,253431,523267,13,18
83433,860386,190758,315424,6,38
240897,810714,778670,836708,2,28
269989,843081,43541,211056,8,28
82675,478805,187099,857057,33,19
677554,846355,7866,895671,44,8
22417,999993,114934,605756,24,48
458563,795311,368104,999540,31,16
416640,483430,464441,509984,2,3
87140,971610,720,997314,49,44
2648,955854,21686,977989,47,47
424953,547110,75391,801282,36,6
229718,927525,103492,797158,34,34
145898,420368,354680,896130,27,13
422849,786182,1596,991890,49,18
216714,258414,200634,351091,7,2
158327,796100,9230,998254,49,31
684093,850820,635832,879999,12,8
94921,770593,34450,984640,47,33
51579,712797,767528,897841,6,33
18031,776787,512343,762771,12,37
215328,902067,439658,906646,23,34
8305,989578,257937,275141,0,49
328932,355772,301921,587641,14,1
101405,153723,61082,997369,46,2
352406,605520,95264,802186,35,12
622002,803850,82486,937977,42,9
10720,999446,334885,834170,24,49
517989,682428,23521,990890,48,8
6618,996319,70711,970312,44,49
90436,754572,477426,697052,10,33
125445,794586,51737,829287,38,33
202345,981066,79881,587910,25,38
192804,691872,509068,815408,15,24
318233,982091,134912,648355,25,33
68109,962741,3787,496059,24,44
4365,953189,335027,404874,3,47
30166,745102,28766,445731,20,35
53544,915365,567044,917244,17,43
130887,999682,190215,972783,39,43
137333,272055,573143,943197,18,6
273224,790045,144788,988969,42,25
208587,842371,89209,572795,24,31
332016,653601,411010,495973,4,16
59539,989968,402951,909809,25,46
222551,342223,185933,659362,23,5
160903,639467,238718,988511,37,23
466098,521451,388333,510891,6,2
71849,745411,814509,880631,3,33
88298,558955,3355,918805,45,23
290267,777445,753506,834539,4,24
624604,878688,10815,995598,49,12
468017,975182,210001,952382,37,25
758000,984296,125796,252773,6,11
214722,999960,310427,530192,10,39
781958,816261,2880,277641,13,1
26140,989720,10309,864481,42,48
58769,885831,796953,894761,4,41
326150,703575,135213,547024,20,18
580018,942192,211102,929394,35,18
268929,802919,116734,313191,9,26
811190,949632,212835,265452,2,6
125758,316781,62340,559262,24,9
613688,673436,258641,837180,28,2
133078,696224,349811,847039,24,28
3653,954932,435722,855627,20,47
99754,499301,363471,965641,30,19
196767,871442,535397,882836,17,33
85161,850458,117217,967724,42,38
12159,252561,766658,870701,5,12
450138,861559,143478,752321,30,20
117207,895066,359830,688270,16,38
3015,993188,117865,644672,26,49
84363,918518,461445,790545,16,41
659686,695369,255817,827793,28,1
123559,516325,123186,473164,17,19
108649,437673,20826,744973,36,16
1787,990344,664188,811646,7,49
25072,991159,201543,899048,34,48
1356,426663,218399,564479,17,21
168325,936547,523391,771697,12,38
149184,654981,27302,822255,39,25
87343,923534,60846,919142,42,41
34159,862173,274909,708710,21,41
646119,836382,358802,444831,4,9
321494,868141,150194,982667,41,27
114195,990270,641042,880653,11,43
5559,875476,57369,967004,45,43
123166,666447,491257,621196,6,27
4455,999604,210505,792873,29,49
803220,848842,24211,939261,45,2
257598,421984,768500,777653,0,8
70447,305116,118654,950409,41,11
121007,791327,83814,707102,31,33
876235,915885,138959,467907,16,1
316375,590435,559531,825339,13,13
167280,873077,585988,668402,4,35
46035,919372,508273,800990,14,43
437855,993673,20653,451511,21,27
273779,998890,320645,653100,16,36
49954,964908,835063,958032,6,45
275948,483204,414616,929930,25,10
207621,303795,359188,818080,22,4
374831,653189,148540,608930,23,13
368950,775335,255523,307165,2,20
115186,873530,187263,725398,26,37
146355,887187,21612,461230,21,37
100484,804886,96585,957612,43,35
396389,622013,247259,723070,23,11
56322,775735,419363,909201,24,35
74958,694934,117379,735375,30,30
201447,763659,172884,522134,17,28
864128,913431,132482,395267,13,2
729666,979402,369639,522273,7,12
129388,614804,18592,948179,46,24
170511,808766,436033,768207,16,31
37670,764295,667897,966390,14,36
204634,491657,164102,711130,27,14
576048,830713,307942,825614,25,12
133223,994712,478245,884385,20,43
393826,785525,105880,920203,40,19
35067,981947,323838,785311,23,47
13531,563355,282882,788093,25,27
143242,600226,45684,955653,45,22
375352,561996,86134,739344,32,9
16771,898114,21173,120695,4,44
115094,774759,54441,464955,20,32
20665,666805,219645,228735,0,32
292652,954062,70178,402508,16,33
64823,567517,298473,429180,6,25
87184,826947,231664,954725,36,36
92266,813984,113591,380904,13,36
42835,869952,13246,932787,45,41
14199,992568,360595,998936,31,48
529388,999545,52203,715836,33,23
229777,948629,62377,880850,40,35
618886,714851,220457,309497,4,4
134079,703113,146157,988348,42,28
425166,938384,219857,930056,35,25
76636,676272,503041,796431,14,29
65753,982718,92812,564256,23,45
188456,668530,59174,965606,45,24
8744,988830,49792,892909,42,49
34001,931047,378311,494138,5,44
78909,937499,298254,586036,14,42
57836,447492,171439,174664,0,19
31747,754257,64467,996501,46,36
83816,730891,38078,899965,43,32
204914,579174,625407,866291,12,18
586044,976775,933253,971576,1,19
101058,688785,96712,842099,37,29
125441,349362,282282,386361,5,11
22823,98418,217575,915767,34,3
53294,491714,20334,858156,41,21
280732,846915,225346,589074,18,28
3157,995621,478653,937353,22,49
368490,682331,43096,612976,28,15
42836,168042,25163,808811,39,6
66101,891524,386410,907037,26,41
230031,963432,109009,987813,43,36
47601,461338,137904,911405,38,20
24994,873761,35440,894175,42,42
55804,806132,26778,895677,43,37
188682,344930,106433,937656,41,7
117117,691489,112977,861842,37,28
127311,557047,659,961120,48,21
44126,785596,16000,838291,41,37
447549,589532,688958,787306,4,7
282511,894848,439664,750424,15,30
224064,966103,437364,996476,27,37
429407,521533,264909,696342,21,4
1116,852362,32703,977332,47,42
185213,388404,63588,911703,42,10
138563,465505,17692,215442,9,16
204660,934100,257817,861330,30,36
91442,975776,352247,790723,21,44
88592,737085,488107,777114,14,32
58811,980790,134890,728503,29,46
96192,960459,115834,255525,6,43
511402,911480,57019,770974,35,20
342044,442792,40562,979249,46,5
663264,984323,253999,736707,24,16
60900,919389,250830,940704,34,42
556330,967389,985345,998755,0,20
148401,609797,181040,920740,36,23
451726,824532,105074,604700,24,18
434721,892951,298753,612117,15,22
7341,934010,188162,985498,39,46
160544,938755,3591,961088,47,38
113152,949481,267533,647949,19,41
491747,798521,26400,968324,47,15
62016,970517,40235,939162,44,45
32963,914386,473018,504988,1,44
607434,710428,331205,749219,20,5
91769,174871,201322,944412,37,4
206501,279260,477986,713686,11,3
264722,796312,247960,742981,24,26
248036,686538,13198,130875,5,21
199945,848414,187756,996945,40,32
225154,418006,734714,745814,0,9
488774,687687,305403,437200,6,9
29239,999893,836061,870393,1,48
505465,915230,37581,841352,40,20
228718,388389,215992,962581,37,7
300908,626389,284425,896847,30,16
290121,563552,254427,321142,3,13
22,998067,89694,644552,27,49
385459,980400,773947,899388,6,29
118309,749132,81846,362193,14,31
346358,371770,72406,883786,40,1
9778,962603,333449,506743,8,47
99402,716216,220601,955981,36,30
104948,373298,479634,818357,16,13
119573,836346,787771,911323,6,35
358785,469596,18973,927233,45,5
673750,680203,42282,523957,24,0
24482,952848,306246,607419,15,46
464015,612043,432292,710958,13,7
14806,906030,247758,999983,37,44
36320,720022,161301,911200,37,34
4592,993870,237689,861942,31,49
24165,987619,592,997383,49,48
193855,968697,127309,765895,31,38
283258,892215,546006,937025,19,30
6161,895700,204272,965532,38,44
1670,989069,135765,974821,41,49
254076,771504,424558,647300,11,25
237455,930921,860736,903225,2,34
27207,576849,177960,472121,14,27
304734,458945,78077,617085,26,7
704537,869636,459159,777490,15,8
462527,858084,21741,848839,41,19
23119,620040,417553,743567,16,29
139306,920297,393806,527112,6,39
130929,379819,326919,954503,31,12
357362,838601,60741,950279,44,24
276119,827735,475406,931279,22,27
75529,145333,493480,790617,14,3
145168,522293,8951,964581,47,18
60853,908892,3399,992366,49,42
351473,495087,794283,995534,10,7
495619,907967,79054,925169,42,20
117581,750948,167108,717477,27,31
396689,607438,12784,760421,37,10
778079,814043,8601,804837,39,1
213266,977560,166607,825276,32,38
458865,871285,43000,456917,20,20
13116,959313,77547,937354,42,47
51844,156888,37189,117292,4,5
104960,920793,94714,417341,16,40
626247,966768,599084,930300,16,17
147202,971058,70611,248006,8,41
138589,288155,123670,536645,20,7
126006,334315,62883,725664,33,10
816103,998010,22780,896971,43,9
310292,950388,582750,835984,12,32
279910,839531,91828,963728,43,27
174840,889693,16786,655292,31,35
601029,896054,131776,972434,42,14
274144,651092,184626,566278,19,18
184391,405508,476066,892557,20,11
799373,983805,45640,727468,34,9
76833,386817,10828,534853,26,15
40964,996119,289736,652437,18,47
196687,743944,235445,393324,7,27
3884,972854,564403,936327,18,48
76254,970126,426722,784570,17,44
533426,949988,5645,910170,45,20
1314,755093,60647,658771,29,37
323069,589241,777338,864215,4,13
652137,725691,7769,986207,48,3
76586,674258,80953,993255,45,29
529282,575871,667784,968283,15,2
403583,606571,157809,974930,40,10
37211,576502,348965,975200,31,26
92565,867327,273371,569265,14,38
128099,810737,176456,888049,35,34
779093,803038,473,998266,49,1
261541,377025,722977,747149,1,5
84091,407134,549614,804577,12,16
3553,40033,1211,933949,46,1
8065,991229,173316,508841,16,49
503367,568308,415178,956236,27,3
55725,822987,752323,903264,7,38
100745,441195,326808,946062,30,17
191020,337270,112690,579193,23,7
154107,925960,512603,890022,18,38
790059,919032,20309,952537,46,6
404630,965727,1692,988107,49,28
351029,402525,159862,331225,8,2
148892,935569,92054,992408,45,39
405297,779002,55312,931108,43,18
151601,974009,338806,947770,30,41
154417,517473,254936,938653,34,18
6726,963225,249841,865383,30,47
227031,856261,454328,551570,4,31
197442,754654,86989,649035,28,27
49898,266546,172758,259352,4,10
61437,342241,71307,790689,35,14
78315,235710,584029,719142,6,7
86145,98004,855063,980588,6,0
445634,916644,449191,510568,3,23
60108,898535,67956,895994,41,41
540944,910318,451424,976446,26,18
225209,978912,178505,637592,22,37
172720,981564,62366,62415,0,40
498695,643096,266363,298662,1,7
122288,942545,608868,758376,7,41
269728,654040,494117,759281,13,19
80049,382298,16853,999450,49,15
89168,955829,248314,890333,32,43
152760,945001,12553,805704,39,39
176524,783005,184501,986012,40,30
560784,683194,150682,693309,27,6
96862,963649,182447,728611,27,43
88327,867426,80936,764191,34,38
416822,611323,37135,431718,19,9
304664,881693,58203,987091,46,28
14821,834722,7725,500235,24,40
184722,883727,184381,344934,8,34
233106,981180,314591,718217,20,37
116559,325388,211923,781534,28,10
426637,503790,277093,716747,21,3
847084,982317,49219,761548,35,6
197152,731414,866585,948856,4,26
300384,451577,135346,250336,5,7
311754,966284,233167,953576,36,32
34647,992416,38425,763834,36,47
535356,562381,241649,245429,0,1
89616,645374,612153,809855,9,27
13875,999370,110674,759327,32,49
209542,351306,43095,895183,42,7
46583,950397,231362,989968,37,45
25336,464893,583520,781340,9,21
57941,770614,269624,731882,23,35
318240,853596,8808,972652,48,26
451414,876870,30402,802351,38,21
420171,910007,507284,952192,22,24
447961,534033,324291,618280,14,4
92182,666620,97900,985006,44,28
13975,698244,713182,944472,11,34
225168,256909,388040,819332,21,1
14376,987554,531427,815680,14,48
329664,437053,183196,987625,40,5
6012,723359,195098,901406,35,35
25249,929350,125618,930256,40,45
357160,696807,482760,862396,18,16
222236,842520,56770,929916,43,31
15775,997210,682534,965694,14,49
67527,401846,86491,437909,17,16
459784,858254,20567,985931,48,19
323187,737087,447321,681460,11,20
6360,478486,142122,452838,15,23
214022,491814,331894,893557,28,13
105287,982167,68091,728809,33,43
214402,809249,617653,655453,1,29
27005,747937,340073,786770,22,36
189750,562031,523723,873525,17,18
2765,978409,128404,954873,41,48
197093,596394,499681,914119,20,19
20493,998439,777968,922883,7,48
432223,919782,459991,596038,6,24
218556,779868,689240,968614,13,28
78455,688168,370670,446830,3,30
41449,551300,30740,943808,45,25
331245,922194,158114,787088,31,29
47219,771038,185916,932808,37,36
363026,971381,144393,345474,10,30
494078,881240,252187,954911,35,19
49738,718042,134468,971598,41,33
538138,715559,104502,892647,39,8
138,616845,314162,452522,6,30
608144,905562,134459,631749,24,14
312795,450570,323244,607763,14,6
141374,750096,148885,601019,22,30
597542,739371,343336,945522,30,7
473702,839140,228371,952129,36,18
347471,876333,171809,884227,35,26
105002,896136,76003,833700,37,39
134640,250865,57710,748994,34,5
13810,727567,93440,979405,44,35
254681,384592,65016,750039,34,6
99571,914007,24322,894269,43,40
29725,903456,63300,77888,0,43
119507,965264,154916,947507,39,42
299083,682301,25490,224450,9,19
19776,445271,94636,172624,3,21
720510,956991,140117,632231,24,11
6226,985799,1409,977424,48,48
99816,242030,17697,983321,48,7
344141,504538,75053,975608,45,8
617454,836357,185229,973669,39,10
148106,200828,74105,915111,42,2
7747,947669,59754,398591,16,46
181120,812397,54902,814376,37,31
169453,205195,28470,947197,45,1
371391,830432,601926,639459,1,22
310926,869836,29470,988526,47,27
337086,993625,175042,328590,7,32
513313,674921,259205,554525,14,8
426489,532859,313608,479219,8,5
162024,692927,60806,929795,43,26
146358,955020,8118,862245,42,40
78671,985477,451960,989663,26,45
203010,361723,344893,922431,28,7
367277,473496,383411,884591,25,5
109804,669111,372652,905825,26,27
80696,877468,270721,671892,20,39
350907,427045,315195,431793,5,3
60618,516210,288999,540725,12,22
460724,722704,94912,710649,30,13
678234,696748,268437,347225,3,0
27622,485769,88995,586588,24,22
58122,732390,307480,785329,23,33
309748,812517,167122,424480,12,25
564565,890180,2701,895312,44,16
319519,659643,37086,958633,46,17
161669,494639,89054,322754,11,16
261022,469586,131575,297357,8,10
575045,876440,29659,114646,4,15
133413,796291,698819,941352,12,33
357449,952826,206008,692195,24,29
90102,492044,235987,794891,27,20
3358,981436,454,270072,13,48
121458,962742,287130,696629,20,42
257236,926483,602363,696172,4,33
534085,972941,327838,759994,21,21
94291,865317,239671,822660,29,38
159101,387356,748905,762274,0,11
73436,862348,63060,917273,42,39
197360,416644,94012,916850,41,10
13140,884192,49550,986452,46,43
265897,870448,152972,520992,18,30
167022,857571,179949,902049,36,34
131004,625807,197795,783853,29,24
78128,981112,90396,782891,34,45
148535,899785,89614,575854,24,37
192400,508305,134051,781124,32,15
137085,876883,92211,941952,42,36
262962,400628,542200,848238,15,6
352294,731831,21212,908956,44,18
394050,794190,2406,958053,47,20
308182,998933,2132,993240,49,34
161121,946692,5867,986963,49,39
74338,822468,227796,698461,23,37
135075,265140,290032,718635,21,6
277650,776182,409632,486219,3,24
48433,975947,8,995307,49,46
141172,428233,52553,72488,0,14
201403,757151,87387,439877,17,27
599221,665427,707682,904604,9,3
847828,984611,37656,166826,6,6
78329,415648,193511,777683,29,16
140843,634698,523700,852605,16,24
440581,794377,45006,912668,43,17
112772,428181,67155,958025,44,15
229341,978320,15901,903426,44,37
5467,991346,171246,540200,18,49
444071,446426,17425,976003,47,0
3146,453332,50853,941395,44,22
157748,687204,63340,600554,26,26
100931,916944,96844,632572,26,40
554810,614756,8045,739087,36,2
377725,639988,28480,559130,26,13
427781,907172,148055,988552,42,23
539136,804886,72206,657330,29,13
625262,828706,10255,618338,30,10
668714,696584,98384,232337,6,1
672639,827735,73694,583996,25,7
94940,782985,847036,997089,7,34
609518,646441,126378,830439,35,1
575494,592479,64659,182696,5,0
140260,929348,5599,72566,3,39
120225,570376,473292,870370,19,22
4839,812179,335490,877625,27,40
601499,990954,457888,617825,7,19
559914,714461,153283,970287,40,7
655588,753644,646257,885318,11,4
240076,478024,291301,863999,28,11
811,334235,250842,995117,37,16
634571,910337,474517,583390,5,13
72231,329495,19046,639024,30,12
565487,708032,512018,683233,8,7
791124,950825,708727,962039,12,7
20917,838515,240220,614557,18,40
298029,813728,46844,241508,9,25
67508,315591,507815,994423,24,12
176847,339475,509537,744381,11,8
83920,745962,3924,988410,49,33
288074,361635,65726,979882,45,3
585992,922712,148909,970935,41,16
48214,951161,496491,888846,19,45
692813,992791,39247,483265,22,14
140660,809267,474768,955681,24,33
54754,977177,236456,321858,4,46
215215,990045,245593,976988,36,38
86659,965546,85396,817887,36,43
135369,384792,152630,716059,28,12
163069,998554,328942,693516,18,41
47466,953253,3424,966937,48,45
403074,600176,16972,680651,33,9
435858,843739,359866,452125,4,20
105011,977287,201386,659342,22,43
67814,911015,251312,924032,33,42
6531,908152,379571,891011,25,45
806847,933002,410562,597314,9,6
114109,845140,157676,859020,35,36
351130,758072,27984,954805,46,20
310163,463430,234930,725657,24,7
281735,424441,4932,986414,49,7
226985,753889,9308,990840,49,26
272047,647609,367545,465306,4,18
229334,597509,347284,792293,22,18
809424,837318,654688,752445,4,1
221914,254943,488324,789426,15,1
370850,862061,50629,783392,36,24
638952,922668,528339,619013,4,14
66504,950167,445507,997304,27,44
384447,986234,69159,350252,14,30
538717,592248,818117,836035,0,2
595085,874452,545334,727719,9,13
25504,672767,231387,679021,22,32
54380,986337,493525,791461,14,46
3641,994739,73011,374668,15,49
284780,673025,187177,908789,36,19
462794,644104,519276,866148,17,9
98476,225885,111998,960997,42,6
8883,610694,200025,742785,27,30
389218,541012,295867,617726,16,7
99299,793692,317129,516655,9,34
472579,630307,37227,952983,45,7
599625,950414,350327,923861,28,17
29470,992778,31443,644855,30,48
1831,298748,277943,629868,17,14
21805,963913,450469,782487,16,47
886312,933052,165755,942781,38,2
377220,877038,58994,928885,43,24
87030,869632,21314,990077,48,39
551979,787958,680624,866794,9,11
515216,997732,10615,858175,42,24
22303,973221,100157,635664,26,47
169062,915274,83175,147607,3,37
448425,899648,634081,636613,0,22
113930,762576,36793,795120,37,32
70132,977346,790916,986644,9,45
432306,618673,38240,973008,46,9
183986,585990,24034,213400,9,20
61041,920778,213570,964072,37,42
256576,784026,437340,728958,14,26
7956,951498,233130,795512,28,47
62869,800416,253363,397774,7,36
175978,536307,160563,599479,21,18
552294,995177,71131,640153,28,22
373547,987346,87831,932834,42,30
46645,845395,127685,685474,27,39
117585,464442,873605,904935,1,17
345770,990709,155452,858300,35,32
509199,596009,67963,975133,45,4
148793,748974,5298,966798,48,30
24490,108839,292875,837023,27,4
94487,601044,392902,653324,13,25
287009,977933,623269,624489,0,34
198375,747649,798327,905269,5,27
162494,837072,57549,290996,11,33
371,717998,327136,938384,30,35
239109,890894,3579,999795,49,32
944632,953876,7153,983181,48,0
62216,821178,168385,675262,25,37
367454,598551,455654,746689,14,11
222498,465264,14123,934888,46,12
133181,894377,19316,831948,40,38
7307,998645,12205,985199,48,49
750208,989020,3334,997686,49,11
504,998866,424412,625974,10,49
339883,627378,455609,677287,11,14
508579,811552,865338,996925,6,15
52704,936053,172462,710896,26,44
33530,987953,101908,109609,0,47
72650,707343,247282,813429,28,31
90,999906,444083,850941,20,49
17691,313479,331234,976412,32,14
768228,991792,378566,908665,26,11
253775,964843,6589,980199,48,35
674461,910355,533831,753730,10,11
138080,770121,645549,760820,5,31
51829,251859,403950,598973,9,10
28664,965959,243820,871135,31,46
309252,441111,4324,904013,44,6
574190,640886,44377,639417,29,3
534783,554066,6389,647534,32,0
45112,921435,552772,652420,4,43
150097,705195,124,933231,46,27
629584,978043,309134,903423,29,17
528161,878551,568244,681027,5,17
513362,771475,116440,313118,9,12
630646,971798,15814,974879,47,17
178754,373309,367194,436977,3,9
377856,701910,80683,842239,38,16
156063,430376,515088,519292,0,13
197338,310687,820270,892405,3,5
310817,964661,30530,229759,9,32
46632,996681,336249,389374,2,47
580229,618065,60926,792482,36,1
108809,950031,160176,470184,15,42
205236,599139,504579,791833,14,19
437038,840845,636808,964038,16,20
10284,915362,48287,914513,43,45
290918,978743,111532,715610,30,34
163368,679914,295243,937366,32,25
82819,439952,9576,299726,14,17
214829,947870,507,980265,48,36
390001,981830,370732,921930,27,29
392463,403332,34356,290576,12,0
555281,962126,230830,527907,14,20
1157,558023,216747,240914,1,27
75376,675939,83295,267986,9,30
432756,595717,70930,829561,37,8
31082,950737,943465,984160,2,45
310469,473058,1444,722142,36,8
160722,931504,362130,395914,1,38
49980,222048,73857,928050,42,8
16807,976512,20004,739346,35,47
7359,994158,351886,746095,19,49
298610,897495,155554,964138,40,29
1090,965956,223099,270187,2,48
237414,381033,480621,924469,22,7
7337,891000,456965,861881,20,44
2382,999845,480041,536777,2,49
104523,958209,80084,651835,28,42
283430,958108,35477,684441,32,33
440698,700196,23701,388295,18,12
43611,676767,64021,591134,26,31
212075,844946,310116,588090,13,31
561235,741572,416927,836154,20,9
514660,878939,39784,640323,30,18
54859,457356,170759,281660,5,20
177383,464763,8985,312458,15,14
473851,658596,194606,816072,31,9
214534,352598,5250,991325,49,6
117746,950078,339292,758212,20,41
103439,337135,38284,926508,44,11
293004,688015,415200,857322,22,19
232923,335415,390191,747303,17,5
17610,705554,77146,970842,44,34
133960,940043,404992,970680,28,40
369674,933088,51833,995372,47,28
442201,974545,269902,944642,33,26
101836,314909,697111,976000,13,10
51465,850465,121585,944262,41,39
291634,739166,115478,567664,22,22
529492,545793,497967,975291,23,0
446650,770238,435702,507634,3,16
590473,689268,294423,534811,12,4
525217,689112,116399,881713,38,8
161202,632937,89452,878037,39,23
551536,919992,57229,909587,42,18
225747,525218,214666,554640,16,14
401993,474512,40956,797292,37,3
573274,720389,92489,973734,44,7
90016,805869,690577,957064,13,35
537176,634251,45640,996590,47,4
15083,990766,455176,880344,21,48
221391,876042,16990,567430,27,32
268294,425088,307301,738906,21,7
616906,632932,62509,917858,42,0
702331,782234,267288,986456,35,3
323041,636698,458523,782023,16,15
228230,823046,3751,855548,42,29
557533,770026,212105,627889,20,10
133641,946910,418197,823076,20,40
292629,617316,174598,967723,39,16
226942,958793,466350,820597,17,36
469241,798671,328786,661744,16,16
51345,409449,175833,272729,4,17
178255,952474,232406,835560,30,38
163932,587513,357801,453170,4,21
365725,408352,227274,976608,37,2
39586,399025,547654,972341,21,17
25,973767,422778,876990,22,48
55234,958982,230346,535989,15,45
10963,818026,81357,677991,29,40
581458,957156,245562,354418,5,18
47011,555283,42212,964965,46,25
24874,961887,104654,817974,35,46
446444,744253,286280,347541,3,14
437551,964048,561124,712841,7,26
351102,468575,282859,516383,11,5
176986,764041,588079,641907,2,29
431330,958005,404454,667230,13,26
226573,865152,27459,171119,7,31
458092,871376,5118,271173,13,20
143181,800202,20258,329255,15,32
202957,652530,315403,960128,32,22
96734,743745,258793,954904,34,32
317728,679635,721936,914184,9,18
48604,747149,195428,303920,5,34
714709,843530,83915,918153,41,6
138666,936151,202770,315001,5,39
316809,865072,413514,971701,27,27
379907,875696,194853,753546,27,24
19748,102307,444715,971334,26,4
422623,842935,65272,794329,36,21
181451,960857,72477,989392,45,38
239098,832122,464273,921538,22,29
240271,794059,269830,362875,4,27
291782,826624,109446,891534,39,26
165626,247196,207644,851941,32,4
313679,347786,67473,817297,37,1
2428,966642,107250,901440,39,48
14899,945125,6384,826959,41,46
458805,990732,375906,986259,30,26
21298,954521,206468,809879,30,46
112081,767057,46038,947332,45,32
339835,686264,61409,817263,37,17
538369,586483,827341,922476,4,2
6424,517601,55764,921420,43,25
27469,79390,446454,948537,25,2
164566,880418,117936,463351,17,35
362210,929495,237788,427286,9,28
305704,894572,311295,912581,30,29
81338,472289,357474,889015,26,19
6257,787679,173954,597229,21,39
166662,966423,82076,961418,43,39
4448,997478,10614,994384,49,49
68584,868834,295933,725149,21,40
547761,780090,134349,871075,36,11
2148,994140,68220,986687,45,49
83796,865365,845019,904598,2,39
123632,862919,11637,999852,49,36
592609,641767,40884,714826,33,2
318829,920687,76780,796025,35,30
114526,999736,303513,543289,11,44
781033,992414,608120,965161,17,10
19886,937858,619047,712036,4,45
841950,879083,131856,831571,34,1
20757,977915,21161,953065,46,47
748449,895510,334267,709896,18,7
451704,857593,418737,590343,8,20
95259,910660,134790,763141,31,40
21123,485659,49503,919872,43,23
469931,740115,505974,926838,21,13
270511,613344,9405,845130,41,17
182638,567050,309653,400106,4,19
186738,998721,614947,813188,9,40
73534,757502,313279,406285,4,34
439182,837082,735358,788801,2,19
787712,917660,187859,216467,1,6
367597,649918,46124,650094,30,14
277805,568242,519452,995563,23,14
506868,825660,396565,626406,11,15
156943,999613,78142,601812,26,42
247085,248794,283499,480432,9,0
581245,585711,222442,633711,20,0
83974,803535,290352,749076,22,35
707934,757056,26092,895015,43,2
948602,948608,416667,849360,21,0
484440,615129,470566,997628,26,6
183387,791558,5117,928427,46,30
573140,992305,492611,530883,1,20
17891,835822,932757,984647,2,40
664095,844448,200237,650026,22,9
242087,942003,556583,982517,21,34
689424,804207,225075,925743,35,5
100588,441198,345684,506252,8,17
374213,413414,14777,988754,48,1
290668,975174,283926,848912,28,34
142575,341708,472202,797144,16,9
161404,852517,86829,916272,41,34
257198,479302,174061,889885,35,11
44653,680261,28876,968668,46,31
58614,752717,74505,673630,29,34
427615,898252,494518,586762,4,23
55323,994466,756145,787956,1,46
71521,776292,270648,451306,9,35
156027,798447,8284,528533,26,32
95689,820922,3985,102807,4,36
53641,79659,120542,483292,18,1
541705,960372,106032,981634,43,20
67077,611704,296135,692044,19,27
33237,879320,47473,649066,30,42
621800,977525,233222,925373,34,17
3369,991350,211535,958012,37,49
196028,454199,525524,984381,22,12
71608,724775,396112,512040,5,32
415707,735023,52142,980190,46,15
482887,901491,2486,982650,49,20
118019,382429,104417,799481,34,13
628734,987945,204097,825685,31,17
914437,919712,8772,589673,29,0
221872,407599,239648,945655,35,9
243718,613316,714671,937439,11,18
154872,685246,545784,597236,2,26
137607,254588,92196,672761,29,5
112786,550616,233361,895246,33,21
429044,994162,511885,968203,22,28
159159,990626,265435,897301,31,41
330503,621494,598949,997258,19,14
186133,262219,92342,613084,26,3
104927,746036,24312,989430,48,32
397516,901527,260965,932182,33,25
202276,874150,47408,799072,37,33
48353,967405,32178,979559,47,45
294229,755019,106240,995415,44,23
34174,898280,37022,987478,47,43
731,495219,298519,659278,18,24
240431,810949,168141,994519,41,28
296725,736253,613920,978423,18,21
146633,917552,75370,745230,33,38
458443,965695,18747,702353,34,25
87021,738542,476010,897335,21,32
488492,507617,10957,919393,45,0
347397,663104,193011,977845,39,15
8308,351166,24111,941165,45,17
247857,984830,144102,973127,41,36
222216,759729,429610,975251,27,26
654243,918589,37453,925947,44,13
58150,963923,528660,964700,21,45
704954,835805,204235,673897,23,6
28306,911898,402358,912101,25,44
28313,996477,88782,990420,45,48
454274,894931,347588,813299,23,22
69074,758045,468657,538745,3,34
63510,680149,312149,415723,5,30
93491,716376,60349,956418,44,31
510808,725923,798133,860760,3,10
35370,974478,557721,770083,10,46
25274,992653,76719,582505,25,48
27414,884008,602546,865569,13,42
194342,270341,271652,539206,13,3
13181,440451,35252,314299,13,21
742730,917159,907920,947351,1,8
173935,837764,47215,708004,33,33
66583,911813,43062,505396,23,42
480523,994508,37611,997598,47,25
14840,751809,205323,879873,33,36
141068,967187,59193,531646,23,41
10847,826473,55092,708842,32,40
573864,595789,91346,856268,38,1
65253,910748,486120,871422,19,42
78566,973442,767192,842300,3,44
234080,401200,267501,811419,27,8
241422,655274,324101,953814,31,20
410222,487353,405953,562751,7,3
201763,976646,558651,945566,19,38
125201,923826,384014,404492,1,39
54979,908734,130594,636346,25,42
78528,807960,120233,674283,27,36
428599,890746,74145,887983,40,23
109789,587217,643542,869572,11,23
195005,735757,501338,707163,10,27
147737,787777,270185,850844,29,32
214613,666350,23468,852693,41,22
708382,980701,183911,493948,15,13
119045,793792,274018,963150,34,33
89466,689520,16524,655387,31,30
432656,614622,55271,942143,44,9
273988,736895,310004,757409,22,23
152062,951064,575087,965250,19,39
711707,925406,113298,446689,16,10
2175,984593,107184,667724,28,49
558312,930071,504135,556985,2,18
203196,634045,455296,623440,8,21
112525,945534,95395,684226,29,41
245850,858814,26059,724628,34,30
38151,873195,139266,905642,38,41
618717,753103,250610,902252,32,6
130295,183362,105083,497160,19,2
198279,765876,242232,937831,34,28
25000,988951,130921,791956,33,48
346931,771538,345012,672257,16,21
190702,548259,211696,481111,13,17
137881,147049,115581,744095,31,0
149330,605926,104980,686775,29,22
135817,635108,507272,563296,2,24
26858,880157,17256,832937,40,42
604520,876847,249276,902836,32,13
397176,892022,146006,966915,41,24
257888,672167,30869,239054,10,20
16238,955356,406785,962759,27,46
502770,771532,59998,924388,43,13
116436,180796,110437,932964,41,3
425175,754101,133850,660920,26,16
183740,985992,143823,407303,13,40
185474,630056,250761,404984,7,22
219648,732885,88972,640960,27,25
407679,940082,260766,486413,11,26
719420,933003,98289,785656,34,10
132444,554865,795169,825069,1,21
9568,595522,288690,886150,29,29
131976,454397,274431,589420,15,16
861635,960910,25350,999011,48,4
367229,622551,123863,156903,1,12
443133,464070,94724,978774,44,1
5963,714712,27188,560409,26,35
416653,656503,71908,881518,40,11
4828,931380,461053,813782,17,46
351645,445485,753880,906791,7,4
108101,426753,125121,903748,38,15
628503,814922,592590,632587,1,9
494492,842126,7271,510466,25,17
9831,920044,237590,915731,33,45
102359,305539,139426,796178,32,10
803127,875380,543681,607197,3,3
415711,806221,322716,978162,32,19
74130,982247,29231,853432,41,45
253022,831300,10008,981438,48,28
78517,425411,636797,791925,7,17
205691,325905,48132,823100,38,6
160487,439598,258694,487319,11,13
689402,835994,75321,845131,38,7
496247,546099,277676,598168,16,2
16498,680570,88301,995036,45,33
42753,897128,162861,984196,41,42
113530,702368,427841,773075,17,29
35773,976704,308036,613746,15,47
51545,743829,333836,600131,13,34
80597,902326,123097,671059,27,41
39564,986914,326920,966528,31,47
12181,988442,17779,825340,40,48
378611,564138,110616,911131,40,9
74869,916386,219542,989199,38,42
112107,908879,162882,845189,34,39
1549,993830,29488,988835,47,49
5652,940333,223189,904246,34,46
311065,790087,64495,890394,41,23
92875,971833,344483,819982,23,43
152291,205165,50059,857613,40,2
425659,917931,194162,416009,11,24
81307,944731,34380,796813,38,43
92323,788303,241975,879310,31,34
30552,156342,686151,840664,7,6
733462,999547,326767,501442,8,13
297195,702123,289140,954525,33,20
167671,414839,293191,609588,15,12
30640,917096,70513,980578,45,44
427446,741393,15144,610672,29,15
64603,226164,194125,712831,25,8
932411,989717,229758,685292,22,2
5516,843955,458857,724944,13,41
299917,897156,429467,708844,13,29
274823,715127,44946,263633,10,22
110753,703751,113048,934616,41,29
160812,941574,18045,977254,47,39
100289,191286,945666,990178,2,4
340288,933035,377485,681226,15,29
69022,998166,122304,982895,43,46
339073,501351,37500,487349,22,8
77341,899216,86435,428484,17,41
167750,461661,27418,561557,26,14
3224,416241,20317,95870,3,20
189393,882715,28133,947968,45,34
429004,452039,373534,824567,22,1
32594,326183,306323,891015,29,14
84877,743865,600377,671530,3,32
541005,736161,60594,841791,39,9
213586,931601,252444,949577,34,35
533967,838420,81104,908347,41,15
496817,732451,372585,648244,13,11
184133,749188,53489,686293,31,28
382873,989409,142892,191454,2,30
53226,825652,155673,925785,38,38
632953,886142,475567,946459,23,12
19152,420985,86973,734355,32,20
170604,895316,294893,339395,2,36
285931,798893,360139,428336,3,25
73175,872897,332803,975527,32,39
489431,597076,135837,809764,33,5
331819,969020,108487,943668,41,31
87805,838147,80425,252013,8,37
562757,661277,302387,652641,17,4
69332,407956,485840,992439,25,16
151657,720887,290594,353318,3,28
448331,923347,246864,416546,8,23
32509,465009,8885,962648,47,21
704634,971528,13310,973769,48,13
457977,965315,297230,917612,31,25
481824,520510,21964,166779,7,1
4273,882885,21914,988930,48,43
301246,996121,70169,830915,38,34
149148,542383,27992,822019,39,19
477282,716816,214125,850662,31,11
223862,317198,300700,683280,19,4
38002,810886,9532,894154,44,38
281641,884841,673967,952746,13,30
279991,639336,54676,453589,19,17
415928,472654,316530,783892,23,2
90540,786209,23708,232185,10,34
47527,858366,106582,414312,15,40
241133,667784,228738,619061,19,21
442989,698626,66672,885189,40,12
254171,466651,422322,731020,15,10
86336,210950,21973,413893,19,6
275402,788626,388619,914844,26,25
43958,927122,145861,930291,39,44
329398,841221,140806,656378,25,25
150614,941542,8145,475416,23,39
86543,199444,106988,993009,44,5
487745,970754,315314,474751,7,24
89234,670895,394875,912391,25,29
291355,923376,7364,706703,34,31
86265,496287,24451,174711,7,20
317179,911023,351240,516403,8,29
256212,994599,111690,889608,38,36
579594,801611,279092,960970,34,11
84843,825059,21352,976253,47,37
35518,971852,21948,795944,38,46
120718,941000,19102,986450,48,41
515922,832494,67951,753466,34,15
531377,870012,139111,800156,33,16
304577,834676,153340,926378,38,26
198423,968209,26690,991489,48,38
411106,632110,108355,889693,39,11
36026,576909,18835,646699,31,27
140327,406737,304843,938969,31,13
432795,991974,469896,931986,23,27
447992,919579,189903,738789,27,23
115326,884664,566012,910098,17,38
2564,988148,421261,460224,1,49
732702,984439,2439,976356,48,12
62146,230767,317810,996727,33,8
467374,828014,183238,812683,31,18
221709,954867,36690,260131,11,36
712374,798418,71134,539889,23,4
226287,638400,39712,924936,44,20
450774,731715,240052,412747,8,14
295545,823502,289213,369151,3,26
177114,524283,191802,991723,39,17
33121,928838,123244,717158,29,44
505840,817136,658501,687921,1,15
816883,874451,58690,740080,34,2
588320,793022,148176,771759,31,10
54184,577908,723020,891401,8,26
76616,810185,97539,914319,40,36
319549,918916,145681,348369,10,29
301954,865910,203219,593257,19,28
303653,766870,313285,826337,25,23
23043,716180,24182,973338,47,34
638525,837109,454096,607059,7,9
116676,470921,703555,781946,3,17
318009,642553,233828,411363,8,16
224448,310175,898210,935688,1,4
466481,480030,51170,259320,10,0
549282,882759,19652,976954,47,16
523591,789909,888393,910845,1,13
80432,606787,77161,906057,41,26
157336,517067,21108,998467,48,17
136165,769482,277465,676766,19,31
116801,395352,228462,902919,33,13
303221,548397,327294,980423,32,12
195182,363643,256101,781272,26,8
326773,646524,144190,951210,40,15
319247,665887,169379,930658,38,17
259631,824391,28042,843426,40,28
48271,970811,503514,679146,8,46
216349,837862,240929,833404,29,31
503115,989978,173031,844218,33,24
445529,981700,284100,883300,29,26
504,978329,108307,699092,29,48
443015,997749,199967,789320,29,27
17809,981140,230675,882046,32,48
9511,452757,68231,875208,40,22
3169,910368,213001,373508,8,45
289343,835790,192248,353962,8,27
296956,604068,89449,964365,43,15
61106,980967,67753,714720,32,45
149328,765555,63145,240314,8,30
19185,30056,337407,887649,27,0
220739,389699,38849,726138,34,8
893856,968104,5968,951376,47,3
345888,908895,9876,686466,33,28
78887,787151,201443,372926,8,35
535714,550729,102275,774182,33,0
452261,966963,665875,843807,8,25
467167,674437,529527,991867,23,10
211627,850663,290098,795356,25,31
658678,831402,293176,892014,29,8
57317,667109,343084,803187,23,30
395769,850197,487012,989865,25,22
196795,746740,88858,890396,40,27
959059,997349,12163,971192,47,1
32550,987608,234073,898535,33,47
129727,817050,24467,814415,39,34
320404,982465,187783,740407,27,33
33063,990558,205280,708686,25,47
175570,970111,62127,647813,29,39
428788,706180,81362,873688,39,13
533174,911726,13145,805768,39,18
359859,746666,486487,963096,23,19
106630,924030,393620,859533,23,40
411436,885887,139907,610317,23,23
723672,949103,257096,908333,32,11
43915,858098,52958,996373,47,40
493596,542506,926196,962985,1,2
499838,987946,111455,894474,39,24
765380,816325,321052,537547,10,2
55085,831418,2697,177636,8,38
23820,767876,3307,794304,39,37
142697,964479,546737,748487,10,41
177073,628829,95287,970462,43,22
813572,887256,189526,960956,38,3
184862,679909,54548,826167,38,24
390655,648814,187439,858447,33,12
653812,957285,211879,879959,33,15
25489,711009,168920,839023,33,34
90687,472272,24765,972549,47,19
12911,971149,296318,681054,19,47
414126,752251,260123,461048,10,16
770735,782932,175898,940272,38,0
339211,850792,625594,659253,1,25
402431,651870,129601,526678,19,12
149603,959814,231145,906637,33,40
353859,419896,82638,980270,44,3
70522,954043,675003,881284,10,44
86349,670259,93225,977712,44,29
392500,627200,211069,447507,11,11
304263,338894,17349,689557,33,1
6848,221926,19362,792094,38,10
40439,972860,54334,948582,44,46
100954,675880,1824,871849,43,28
17515,916327,32967,919587,44,44
417168,935503,201942,420857,10,25
3832,996907,33934,816916,39,49
305388,484224,13164,401093,19,8
7071,943203,476409,858019,19,46
91588,793642,98511,898332,39,35
386785,813421,95679,994710,44,21
555426,764243,594646,634344,1,10
119655,630964,48330,940914,44,25
10542,914050,887372,926787,1,45
166169,970758,301278,529942,11,40
221509,235516,174168,399284,11,0
224614,966981,544897,765500,11,37
16858,428897,161109,550927,19,20
191380,845558,39030,265813,11,32
663550,900940,49431,718147,33,11
154418,712212,50784,950665,44,27
237096,310991,32662,700942,33,3
40390,652123,53673,292683,11,30
161840,981874,42338,839591,39,41
25964,897628,193950,223960,1,43
25848,743064,809322,830356,1,35
210899,936496,110881,994915,44,36
469437,959759,183885,221090,1,24
452161,867057,828,781850,39,20
160278,744230,137948,919948,39,29
78436,828124,186169,206551,1,37
123253,890289,10977,796525,39,38
172218,606753,156082,946102,39,21
631209,693309,16361,800087,39,3
153707,757605,613435,644950,1,30
89519,459428,90588,121669,1,18
117756,800684,41886,69198,1,34
655044,981383,688272,711712,1,16
152129,993545,561600,590248,1,42
101725,841191,484440,508211,1,36
173219,831702,217510,239850,1,32
42609,992649,33173,67268,1,47
