161315,172915,227740,389079,8,0
40409,986613,77289,547003,23,47
583912,713704,21991,694214,33,6
82072,565475,587394,922786,16,24
455739,874746,33131,866522,41,20
615959,750994,466373,593800,6,6
31798,779778,9110,866208,42,37
41505,678726,649050,842306,9,31
429180,832551,70852,754427,34,20
473038,662153,577128,960713,19,9
696307,945096,387925,442917,2,12
34943,113312,684518,901588,10,3
23,999984,128291,784311,32,49
121225,807551,37162,786432,37,34
516744,990892,30961,888399,42,23
52134,994174,556655,579877,1,47
24379,634453,377369,423931,2,30
27657,856463,248791,781570,26,41
424064,916804,257201,905272,32,24
76877,250754,371360,758751,19,8
575438,753653,181444,809446,31,8
30648,853587,502008,651644,7,41
18105,997048,521827,719913,9,48
14419,999715,6348,937821,46,49
3519,997913,169834,215506,2,49
458649,714205,267,988784,49,12
77655,996836,203014,997244,39,45
387010,584422,13259,991372,48,9
190054,550245,595867,964207,18,18
10867,998347,89612,858278,38,49
262385,712389,87579,985783,44,22
116265,802528,80120,888199,40,34
232248,272276,353254,979172,31,2
198965,956400,48512,956107,45,37
67956,433129,79259,730295,32,18
50588,987501,870127,924953,2,46
469839,479459,55852,819967,38,0
253936,921994,606098,972109,18,33
175988,867106,417303,768700,17,34
363256,936222,178571,955080,38,28
349374,685236,51668,626313,28,16
537359,729425,820709,945309,6,9
241886,840846,41814,969894,46,29
454681,588048,400691,954244,27,6
335937,835187,439360,847255,20,24
220474,568955,7807,678164,33,17
1203,998347,34035,717209,34,49
55350,97743,378860,405480,1,2
280507,581401,68175,706296,31,15
101870,690322,376222,738920,18,29
276381,893900,406426,996669,29,30
451956,858233,665801,926190,13,20
512801,718896,85067,948617,43,10
75476,915465,653234,783246,6,41
458119,882296,13127,209300,9,21
772147,934290,9740,67455,2,8
125821,963570,120758,185305,3,41
230057,394190,274383,280833,0,8
80830,999250,486647,979009,24,45
709743,858830,631367,780999,7,7
155822,431471,519603,593208,3,13
197090,727488,18876,748332,36,26
55664,930557,887,918663,45,43
7011,761136,271017,873572,30,37
60956,497838,616834,863727,12,21
102392,909279,187692,542127,17,40
248879,950445,534510,791535,12,35
200099,837013,124285,883212,37,31
1995,999304,83297,762575,33,49
69224,778067,65760,881453,40,35
147463,380787,14132,994049,48,11
262176,879639,695816,845495,7,30
63378,907221,111352,914970,40,42
329108,519955,645353,667424,1,9
334703,376105,3604,761183,37,2
126771,610111,258256,885945,31,24
54161,896082,106060,821470,35,42
125751,280890,501338,893936,19,7
418961,943465,155820,963350,40,26
29548,145548,98782,202275,5,5
24298,537808,507347,672517,8,25
2065,718678,830981,975317,7,35
764918,935543,76195,971976,44,8
600958,999704,455874,975622,25,19
104118,932896,86125,974951,44,41
6474,913947,359185,930707,28,45
320469,900099,378843,450119,3,28
325538,643170,581137,930858,17,15
229125,431554,114561,924726,40,10
180162,992588,277383,922347,32,40
10014,833407,146168,523004,18,41
68217,172807,149309,321286,8,5
418489,668070,285369,494093,10,12
183318,813311,29297,759312,36,31
447426,705810,130635,972121,42,12
38140,611432,375229,975027,29,28
316761,546960,553667,872562,15,11
351616,457722,300243,931446,31,5
141627,862630,620728,668515,2,36
510696,855077,49021,988555,46,17
65598,874466,170938,865520,34,40
285179,875367,373732,455565,4,29
135175,137382,359560,541092,9,0
427008,708306,153909,766978,30,14
442016,651630,3902,946868,47,10
331754,527676,96137,521928,21,9
28708,718036,389498,809992,21,34
85752,290784,288159,868940,29,10
748856,875408,18251,752275,36,6
334915,917949,107924,849011,37,29
33304,318603,466877,822013,17,14
135603,518080,276188,889222,30,19
31273,881133,156193,705742,27,42
37895,978480,249212,997492,37,47
52385,951249,361449,539896,8,44
220761,939215,649701,825613,8,35
15702,947411,461834,852376,19,46
233667,404278,24881,636163,30,8
349271,408312,19038,879162,43,2
736747,930668,249373,889586,32,9
166694,986384,31339,999576,48,40
730661,757530,836061,902806,3,1
2735,783377,128296,950124,41,39
357134,877622,78566,629282,27,26
512398,900611,315293,734513,20,19
24595,966075,202849,875405,33,47
300791,894245,182495,980172,39,29
97029,377626,337620,882701,27,14
20343,864624,19354,900356,44,42
364854,817010,62730,940223,43,22
860895,894862,18576,911077,44,1
560633,820496,364737,386635,1,12
646569,865387,67114,903102,41,10
301837,620626,552401,639693,4,15
245690,951674,140834,720212,28,35
788174,875773,715614,809256,4,4
18255,808368,496494,921569,21,39
61380,756401,134116,917159,39,34
430308,487521,76510,198219,6,2
107944,278367,202513,578437,18,8
13461,594421,240854,457918,10,29
25172,989733,327051,782014,22,48
29049,947237,105421,544874,21,45
309757,874147,588314,842906,12,28
28044,802444,76085,926921,42,38
31408,979247,123993,923245,39,47
13996,975002,61911,192526,6,48
25954,959508,66316,966934,45,46
122305,591084,291217,402909,5,23
192873,465653,50248,846672,39,13
163588,884980,12913,991331,48,36
495455,894476,272307,360577,4,19
623039,924263,19699,924434,45,15
668729,992153,307515,412467,5,16
522916,919216,89209,915339,41,19
142346,464162,282138,631371,17,16
40408,600721,465187,808414,17,28
268257,536680,116257,781892,33,13
369804,841544,5323,996174,49,23
240563,940937,219102,332458,5,35
149994,999818,12532,998280,49,42
250661,989873,77983,827004,37,36
155094,619719,334291,689809,17,23
31005,54743,103450,795169,34,1
68207,811760,82153,772638,34,37
293241,584503,86448,269688,9,14
59925,990718,699182,804143,5,46
305763,668476,25205,961879,46,18
334403,832801,426057,657416,11,24
117706,713918,561223,694229,6,29
410737,669804,41562,938084,44,12
115298,836988,9135,601855,29,36
565968,806452,161869,567155,20,12
632566,637759,69697,940467,43,0
58998,309999,3639,761176,37,12
619983,797102,50194,236173,9,8
171100,865011,38198,975136,46,34
110262,301155,537306,779367,12,9
280815,868002,987825,999460,0,29
193303,391180,464509,878488,20,9
205321,945128,65788,796040,36,36
616854,817917,127021,979901,42,10
73847,822575,599362,922528,16,37
247725,404306,418343,506929,4,7
123608,404637,59548,946872,44,14
133095,233124,86559,802348,35,5
693369,871329,339481,464988,6,8
387421,874399,77146,830035,37,24
143062,914528,371537,664555,14,38
312210,668146,327455,699290,18,17
166658,943221,281992,831386,27,38
153895,665583,20214,836809,40,25
104481,533862,254716,812893,27,21
172989,600634,125082,747830,31,21
193790,880826,247277,852358,30,34
516021,815989,136212,865851,36,14
397258,946367,18067,685500,33,27
133300,370891,59053,997086,46,11
493170,970149,183907,777112,29,23
88843,302637,144221,586667,22,10
441059,493886,343272,796435,22,2
744069,924417,51103,663508,30,9
456108,490043,103416,569918,23,1
36487,970145,308961,730817,21,46
14525,853588,294075,888106,29,41
2377,495057,369830,495113,6,24
29474,991147,93602,964604,43,48
49658,198361,385038,931287,27,7
568125,850444,202761,950379,37,14
298149,990950,219201,293307,3,34
54504,877581,425958,534494,5,41
153492,798813,141585,250718,5,32
1184,901900,316936,578637,13,45
9034,922351,244771,342038,4,45
262342,580541,192342,192996,0,15
548170,737241,217244,921637,35,9
333984,565890,68608,920328,42,11
37878,998267,288807,693014,20,48
100235,750763,665732,810618,7,32
82506,150518,353666,927666,28,3
97451,276147,75069,827534,37,8
114289,188656,293152,880427,29,3
103480,283240,14939,973957,47,8
661736,870642,4800,432514,21,10
3608,994940,213065,772435,27,49
358934,451823,59380,315424,12,4
78344,668744,10733,954084,47,29
134274,637043,170064,903386,36,25
160567,839670,779994,922381,7,33
345389,998093,15661,972832,47,32
415627,890688,185063,676670,24,23
789837,929749,382340,670330,14,6
155786,722467,326078,812409,24,28
249496,647190,161207,846682,34,19
931171,977936,2821,996860,49,2
180135,923108,320629,769233,22,37
225318,974224,8133,593651,29,37
20215,995656,175357,899598,36,48
176403,717544,29908,779004,37,27
28096,99661,46996,893480,42,3
165131,991535,615392,642884,1,41
866609,976966,167737,845961,33,5
6005,974052,56246,674022,30,48
126029,982354,39476,964334,46,42
149376,758783,569254,899030,16,30
412918,884918,41636,549542,25,23
147120,149159,195211,542697,17,0
262986,583723,2126,65700,3,16
58128,722427,383202,646202,13,33
104562,481561,132790,379405,12,18
640286,851353,582913,967034,19,10
556398,851854,112404,899723,39,14
337657,983614,414377,674395,13,32
254786,833710,388327,824093,21,28
302234,661058,207249,465298,12,17
888274,907542,7007,717323,35,0
3356,997028,66674,884976,40,49
179638,199792,420450,920493,25,1
410749,416897,405336,554921,7,0
266569,923802,553797,977745,21,32
410844,927004,895971,949507,2,25
168885,569998,703444,752360,2,20
440073,461900,263212,809188,27,1
269263,948587,550830,982342,21,33
515067,933250,92344,999492,45,20
124771,974098,74517,131774,2,42
214028,897998,729714,737190,0,34
478203,772938,51984,959910,45,14
117245,606645,144239,421268,13,24
172567,619282,690148,895031,10,22
67432,895718,461053,803984,17,41
67342,734606,452734,631561,8,33
25726,152773,205845,698659,24,6
235036,474052,122670,680746,27,11
183759,753766,363202,890351,26,28
853397,973836,39142,979752,47,6
6643,977166,106909,455889,17,48
384966,832306,5331,841457,41,22
289828,933826,66832,975687,45,32
8192,998850,6960,925385,45,49
29279,711139,134267,402234,13,34
394088,914316,52910,896867,42,26
201432,782760,333105,878243,27,29
849784,981320,99994,953969,42,6
43798,666554,54868,897830,42,31
378546,565203,360206,419925,2,9
682,988652,103514,980458,43,49
554423,870378,609520,938781,16,15
23633,943223,11391,146957,6,45
15546,995533,563504,799471,11,48
656992,873394,190313,912582,36,10
397956,719027,277434,921263,32,16
627240,635025,247754,366124,5,0
444106,920799,97656,218816,6,23
104372,852917,424041,685849,13,37
150109,530381,36411,993746,47,19
76060,807251,913551,937306,1,36
510630,989009,129476,661557,26,23
89513,637631,30519,387310,17,27
188778,516271,33029,948628,45,16
67080,942220,457710,741189,14,43
255214,286226,33261,331421,14,1
18162,864867,676159,797374,6,42
378636,828843,35618,816432,39,22
510896,930338,120235,332333,10,20
481995,985247,430961,866490,21,25
456644,502806,592149,976016,19,2
689120,782505,324682,932351,30,4
25188,991072,718808,758441,1,48
163497,660875,498532,587667,4,24
44106,895011,374704,553435,8,42
325549,586810,382806,758482,18,13
135537,535785,25653,988672,48,20
276117,433032,652,26333,1,7
13219,991518,24888,859142,41,48
239630,865624,136118,798842,33,31
427126,670990,481928,623326,7,12
119073,379762,54984,904041,42,13
476361,757609,202377,684925,24,14
92045,798419,198514,835685,31,35
258918,531187,98885,980388,44,13
332075,456128,531133,700992,8,6
53055,974771,40501,926809,44,46
52084,682022,199642,305433,5,31
907657,971436,101099,519310,20,3
455657,984097,5899,636486,31,26
191609,947662,221334,941415,36,37
39696,872180,105634,974055,43,41
488984,912817,36683,518031,24,21
430856,676792,19029,933429,45,12
145309,954014,122355,910289,39,40
49521,960806,181689,623540,22,45
207720,742493,64519,258063,9,26
26499,924116,504489,532871,1,44
218981,730965,269316,946594,33,25
205697,247599,31266,852843,41,2
177347,956314,238397,870775,31,38
47882,803530,667805,712203,2,37
365628,654012,89023,933322,42,14
296803,632737,238304,766511,26,16
28144,191918,44019,761699,35,8
85833,714968,482084,761021,13,31
192560,264296,238753,666149,21,3
429101,983534,25800,987733,48,27
14140,188084,116745,680356,28,8
66115,738713,229856,302692,3,33
530840,624814,365,26720,1,4
762882,786695,355313,527365,8,1
104633,410217,455721,851955,19,15
319413,896023,208210,936723,36,28
52304,985644,5002,959005,47,46
81389,442989,519130,944503,21,18
165654,742036,42510,836222,39,28
552517,910639,247785,265614,0,17
61720,237580,510370,790849,14,8
4877,918110,630148,849309,10,45
429141,924307,204683,404823,10,24
36579,931860,490465,732194,12,44
10921,869840,703432,925872,11,42
38421,156499,60742,553591,24,5
39906,831903,115529,599019,24,39
14799,324601,116109,768371,32,15
244780,591511,305540,737738,21,17
632647,884966,160510,965663,40,12
67743,863221,319116,922644,30,39
296192,920473,231160,588115,17,31
163348,986328,99737,708015,30,41
416711,496127,662016,735945,3,3
552562,679845,129237,468979,16,6
70263,914375,339872,837049,24,42
119817,654875,101868,983489,44,26
640079,959184,532457,699769,8,15
557977,600553,76564,870093,39,2
18630,801400,197138,649196,22,39
800965,969460,53542,290601,11,8
380476,973372,325484,800833,23,29
14246,816571,769439,790070,1,40
252705,391655,227437,831676,30,6
234519,441007,25394,912661,44,10
399231,578010,27111,49047,1,8
312332,771690,24836,495263,23,22
187946,761794,357433,440242,4,28
25096,235538,11100,978833,48,10
15050,964859,96083,985453,44,47
506392,804010,175753,952754,38,14
24718,856452,128959,921477,39,41
485445,967448,120440,920651,40,24
112238,482303,135026,838296,35,18
425609,952270,137561,169693,1,26
876654,900762,23268,997477,48,1
57967,404765,10595,970737,48,17
120851,310774,269596,454359,9,9
942003,966851,288990,812379,26,1
102208,947753,155841,166507,0,42
157821,842958,45130,894997,42,34
212777,698049,129778,654457,26,24
55046,976082,406316,677988,13,46
156498,694238,99744,966614,43,26
45669,945277,65286,412441,17,44
387573,755851,218313,824346,30,18
579729,734951,176113,951798,38,7
44843,583780,706815,947213,12,26
207696,945987,43502,955559,45,36
231826,389555,859898,878465,0,7
523588,862173,61006,150212,4,16
166092,730231,159639,382982,11,28
333180,904898,329798,792557,23,28
708139,982360,590558,673636,4,13
23329,795014,157526,345599,9,38
1853,967626,30303,994455,48,48
98956,984192,462043,948680,24,44
845246,934954,371872,427484,2,4
257864,743592,63100,978008,45,24
258780,477439,631812,758221,6,10
93170,997643,5126,992601,49,45
476766,930400,191313,968006,38,22
398401,919868,588693,903092,15,26
67073,405205,275651,700679,21,16
11112,574744,354,924823,46,28
399181,973000,53697,920962,43,28
39755,466076,57443,992964,46,21
76024,899512,110400,661344,27,41
575070,979726,122347,968246,42,20
190065,981124,408669,826667,20,39
104863,849428,206323,981211,38,37
127014,907315,381234,403785,1,39
14610,914180,404303,554109,7,44
167249,917381,866390,875180,0,37
190225,906508,26520,893722,43,35
226994,292146,682595,798626,5,3
195753,678929,288080,477990,9,24
420043,508997,117989,940912,41,4
101856,357386,486285,729932,12,12
423075,720755,276613,348704,3,14
35571,833323,503813,581390,3,39
800212,833970,123731,954621,41,1
21972,995997,494968,929906,21,48
25912,980464,236856,552246,15,47
182149,469152,294463,439903,7,14
12112,898946,7353,804461,39,44
144804,952007,394962,879743,24,40
30578,879789,130049,392578,13,42
49352,975217,17553,620224,30,46
3892,953942,370181,976440,30,47
383811,836864,169563,917038,37,22
207136,829520,14565,920239,45,31
203156,463444,56839,784092,36,13
612881,615133,96527,733096,31,0
217435,595386,552423,575168,1,18
8305,791408,35748,977843,47,39
409893,966764,347537,656359,15,27
372995,610146,582928,992190,20,11
2846,996081,213920,799141,29,49
446725,452338,173983,824073,32,0
829751,952008,37845,924642,44,6
182468,227472,118959,436686,15,2
56183,943035,391421,399288,0,44
166174,579104,589384,610509,1,20
111593,870283,682400,858325,8,37
635408,979137,496176,557339,3,17
632486,833729,450567,676468,11,10
75560,902424,60235,974387,45,41
56909,870729,537385,842598,15,40
162921,731858,48056,884578,41,28
259457,296228,472506,656991,9,1
101840,313962,31770,571444,26,10
243890,938889,629988,826042,9,34
772331,995042,22188,723925,35,11
350367,996871,32438,686496,32,32
156346,337881,5251,384995,18,9
105813,324545,129293,881437,37,10
39880,992183,29215,935336,45,47
159277,617818,180867,464001,14,22
95957,795810,503085,795226,14,34
45511,903781,46166,114926,3,42
225014,768904,5324,503536,24,27
17905,692409,267980,930545,33,33
267020,383190,121558,894701,38,5
627186,988764,208469,805670,29,18
192148,956352,684,986325,49,38
116186,303790,10590,941309,46,9
249730,475103,543725,991443,22,11
25282,121746,56581,870587,40,4
407924,971111,66891,970190,45,28
369011,477750,648997,882136,11,5
9791,937366,43966,499409,22,46
49337,453877,795128,973232,8,20
100716,572455,241130,855471,30,23
485138,720402,33666,384735,17,11
653,391273,189247,526744,16,19
270760,515711,259878,741238,24,12
54084,968689,219406,987612,38,45
7264,668606,342929,725834,19,33
420739,584208,331634,662206,16,8
833063,962334,842300,844851,0,6
105701,842392,44953,621281,28,36
502209,740593,702096,716745,0,11
271730,290108,7560,890440,44,0
568073,938939,8910,962863,47,18
359187,848675,139391,389803,12,24
4127,560000,2849,732070,36,27
788333,987097,291296,975178,34,9
321,984916,179624,530665,17,49
169947,176457,403565,765074,18,0
256590,966853,169181,475554,15,35
415250,491871,92640,792773,35,3
124917,933857,374157,974345,30,40
714938,916292,144850,259921,5,10
212537,643713,125771,715284,29,21
300049,983856,176451,865625,34,34
232461,841177,481638,969026,24,30
65060,997646,455632,763171,15,46
423901,922301,129279,859791,36,24
166973,521717,95110,940337,42,17
35703,753225,527121,996896,23,35
216049,685135,82246,753111,33,23
395254,976929,108716,371051,13,29
79867,705440,2138,987086,49,31
253366,722090,360120,547609,9,23
126992,831456,379982,513583,6,35
871697,963511,819101,978560,7,4
402148,414106,569276,578818,0,0
115762,476111,320628,785597,23,18
815155,995770,11185,800161,39,9
163311,970761,452178,925704,23,40
22438,795541,46415,786283,36,38
8330,959579,6789,973851,48,47
297410,847628,635017,809787,8,27
56459,216656,541262,820076,13,8
104021,623734,221134,450438,11,25
278218,314101,157647,967213,40,1
12940,978408,159042,400530,12,48
460020,830469,98152,411951,15,18
21165,723655,587224,606742,0,35
522535,897341,364,964556,48,18
534740,909556,10052,191430,9,18
575470,993772,343112,806427,23,20
23224,766060,201426,951757,37,37
59346,809707,494110,730758,11,37
38049,354641,526973,988619,23,15
24023,517998,690817,740099,2,24
309948,592317,23572,134214,5,14
218767,878539,12794,997298,49,32
374883,428699,283238,845260,28,2
52240,738605,55697,88478,1,34
110289,719495,396421,694022,14,30
14671,979311,616987,899043,14,48
310536,363282,68592,909657,42,2
238457,413917,31616,809079,38,8
173831,898992,61329,563733,25,36
576212,706843,138075,953881,40,6
142650,333072,148129,675209,26,9
139405,645920,162096,572184,20,25
500361,724495,296027,385768,4,11
219166,821561,91839,756280,33,30
51538,860798,469003,659413,9,40
411645,433266,3920,664970,33,1
3246,698229,17320,132571,5,34
586256,590528,530362,989242,22,0
202847,862528,497867,999244,25,32
240199,398889,231028,951044,36,7
260735,449917,38280,979865,47,9
487419,756244,79970,421618,17,13
93576,971875,50731,845519,39,43
789054,894468,89035,884720,39,5
239203,975608,519799,993134,23,36
571265,896119,9005,998955,49,16
3933,716776,130004,819308,34,35
277157,688932,88757,961316,43,20
299049,655302,637672,806110,8,17
212789,978309,168864,740518,28,38
633993,757752,540825,785246,12,6
66605,529256,115691,845186,36,23
36870,928038,296323,602034,15,44
77902,117547,652,870899,43,1
103566,985565,188868,321235,6,44
78060,508267,84957,957817,43,21
481265,659314,121495,789458,33,8
187728,516737,734242,971695,11,16
607,914384,642991,923415,14,45
185370,976424,248863,839774,29,39
155702,751577,570782,876922,15,29
290414,614201,306093,792128,24,16
331668,963321,37234,534956,24,31
344239,426544,35398,798832,38,4
31353,973100,214267,591762,18,47
41092,51606,160933,729881,28,0
562438,913254,556192,584770,1,17
449556,516724,301815,936398,31,3
61169,937460,165113,973574,40,43
43907,794071,82784,980188,44,37
40051,973801,1270,211978,10,46
268652,865739,406389,797064,19,29
721019,803365,394288,870022,23,4
423521,611167,115261,836294,36,9
72625,940829,85390,977241,44,43
28608,553619,17272,987836,48,26
13685,854808,273391,361510,4,42
496783,888669,12576,951785,46,19
406846,573850,51995,981977,46,8
236503,399890,481495,916608,21,8
54389,966196,481129,790858,15,45
71131,997642,131706,866250,36,46
17964,573729,72774,860590,39,27
11038,959690,368319,861189,24,47
101275,830904,62356,856666,39,36
184799,287342,23919,894777,43,5
747032,876199,189029,929033,37,6
162389,457361,70323,890303,40,14
213809,957794,7975,988871,49,37
333464,534457,125219,424932,14,10
40343,652925,59852,98420,1,30
343018,992173,54672,864891,40,32
358327,988377,247661,835490,29,31
336871,851303,109955,630751,26,25
500146,791799,555968,806543,12,14
210063,590606,479978,934379,22,19
50687,916293,60159,995408,46,43
404086,929024,356512,808538,22,26
4027,971729,61424,361832,15,48
168017,729212,606547,883179,13,28
24132,798901,414946,865879,22,38
194603,210194,541087,805703,13,0
20046,995504,44854,815543,38,48
256739,668278,56276,868613,40,20
41253,902986,275144,462265,9,43
91929,952232,523741,565582,2,43
591365,953975,245698,604781,17,18
46589,520561,622653,765696,7,23
172002,674093,144955,520313,18,25
68818,290182,289345,868629,28,11
141130,803944,27733,756577,36,33
218324,898519,12210,398965,19,34
3265,199348,45052,950068,45,9
329685,605840,215611,650011,21,13
299783,816147,113567,571310,22,25
17600,924981,435231,817388,19,45
91353,828694,726862,878234,7,36
5192,116766,218658,482589,13,5
77282,731821,130771,920552,39,32
3580,960472,183278,364062,9,47
227647,969348,614923,907837,14,37
254751,676853,663129,792717,6,21
97627,971147,342420,945226,30,43
69476,929553,243871,772596,26,43
214545,966355,639596,842032,10,37
727,794374,285603,521104,11,39
141123,374227,2499,989171,49,11
53692,940137,175,118107,5,44
465325,619318,61953,699308,31,7
453333,797958,67767,783965,35,17
7410,954089,40238,728280,34,47
28520,848360,352425,799190,22,40
567373,593348,190254,926800,36,1
807867,930038,106066,577191,23,6
556799,789152,521148,707877,9,11
807136,901987,910294,983815,3,4
46480,986200,692512,713948,1,46
12852,847590,78068,850517,38,41
25087,784922,268340,609916,17,37
386612,389809,202054,426490,11,0
249651,985588,75824,371205,14,36
586351,962743,66812,845255,38,18
27751,607147,1251,988503,49,28
586841,674283,63238,661518,29,4
272321,935729,550733,767994,10,33
431390,517906,114232,845382,36,4
4261,996394,60495,308995,12,49
67097,360606,759136,924496,8,14
251503,364850,25211,877690,42,5
72652,632747,17310,322578,15,28
7724,995545,30528,762028,36,49
39254,782086,12981,797569,39,37
42133,617502,174012,741649,28,28
438229,749776,5709,303093,14,15
607241,705215,348011,689476,17,4
412868,857525,47463,152108,5,22
10416,596026,35568,699520,33,29
272520,707400,93748,383074,14,21
319221,940246,469225,888171,20,31
419497,803045,103513,373251,13,19
325935,891940,70571,872288,40,28
47184,898767,682569,783675,5,42
450972,893230,227532,573094,17,22
38191,996363,599210,666807,3,47
94476,866775,321374,745190,21,38
271527,424458,136404,810086,33,7
185083,889962,162323,662700,25,35
623963,644158,343679,716331,18,1
174299,690398,225447,994307,38,25
398854,866986,105837,970920,43,23
351261,424664,514860,971082,22,3
494139,796763,56049,79889,1,15
66425,520097,365706,849549,24,22
171913,983981,70295,993055,46,40
81479,923185,607267,859171,12,42
259422,569735,7067,944145,46,15
116857,786769,203536,907029,35,33
193555,974297,128317,972878,42,39
401422,943827,479182,909215,21,27
250410,569319,465571,950813,24,15
201436,780143,776435,778014,0,28
290153,637056,12604,930417,45,17
507211,659188,95030,967648,43,7
221446,878207,65474,996986,46,32
38273,829428,16859,293297,13,39
123317,941423,206083,925768,35,40
62926,994010,150990,787581,31,46
126012,783283,185702,498381,15,32
673672,914735,375279,969147,29,12
102489,346850,716199,846305,6,12
119997,709986,70061,761252,34,29
205678,337177,104920,823722,35,6
378556,996878,416327,612474,9,30
395986,788969,77464,676379,29,19
247306,681858,57276,466992,20,21
55636,669128,21004,995966,48,30
454398,623583,136806,646927,25,8
20356,654907,240027,921313,34,31
58184,839460,12624,318174,15,39
197550,591456,114943,687262,28,19
120643,728324,21417,859643,41,30
20376,728373,228519,682022,22,35
196616,746476,362437,394566,1,27
81550,982978,87547,898649,40,45
200354,939996,425643,946996,26,36
68578,909928,66686,283520,10,42
20510,631006,7203,998910,49,30
51142,503614,552735,608028,2,22
683323,733696,516871,533960,0,2
149165,957204,347313,485371,6,40
167661,531235,258838,519072,13,18
156005,935445,118304,340788,11,38
436291,987407,15115,924716,45,27
703767,980183,3149,987889,49,13
3019,999652,372690,496355,6,49
39446,831114,92922,993511,45,39
592961,823318,28513,494537,23,11
87670,499518,537820,949582,20,20
22330,522459,12469,623747,30,25
283275,963048,78026,575581,24,33
6851,451644,664279,929683,13,22
23318,929440,371013,704576,16,45
68993,683138,246487,892296,32,30
219343,853007,107685,974565,43,31
39801,943756,909850,970231,3,45
227063,749571,357599,781712,21,26
29674,898831,61417,130774,3,43
560038,630402,11769,779852,38,3
720930,918353,123361,453380,16,9
4301,938122,920606,997917,3,46
51061,424412,30503,865272,41,18
72871,722055,239856,870719,31,32
80576,509099,265817,583799,15,21
55397,870303,662690,928761,13,40
44002,943680,132514,997946,43,44
469515,936079,222655,980963,37,23
533563,883402,117325,699648,29,17
195626,655857,567105,906260,16,23
285450,957837,193954,438993,12,33
744058,951515,473695,963634,24,10
231560,383651,415036,548855,6,7
4283,932838,312845,975427,33,46
542123,967589,33638,938095,45,21
190405,954814,407536,487803,4,38
65715,217596,205909,510952,15,7
109773,475834,176045,659634,24,18
16407,273243,293752,467765,8,12
143327,708001,563955,935112,18,28
439823,886910,239409,830408,29,22
156963,908338,809672,960244,7,37
125244,483351,49963,841193,39,17
344712,899706,241962,933440,34,27
3039,998194,31496,997586,48,49
365678,807537,1924,992302,49,22
228451,696512,416594,781132,18,23
397224,759640,304221,691383,19,18
472893,585646,713510,959904,12,5
24378,974919,306703,732097,21,47
74167,890849,696392,837011,7,40
16347,88066,143486,835352,34,3
141597,889918,639691,766188,6,37
536500,599723,38798,927802,44,3
1147,998611,240390,390293,7,49
19946,659666,58839,982716,46,31
248937,842485,494884,643897,7,29
67114,976677,25906,907052,44,45
26521,194066,701782,850877,7,8
40805,916241,18320,108622,4,43
539140,683242,62101,275916,10,7
65688,781271,136209,792242,32,35
316734,975188,611779,995782,19,32
8454,993897,256567,873820,30,49
462004,904021,711379,740052,1,22
508065,611853,204605,329303,6,5
158122,764728,715397,819786,5,30
312353,967065,22646,103088,4,32
11371,879020,490177,932373,22,43
305873,972950,852111,961403,5,33
248263,776749,2129,271889,13,26
122024,997261,196435,975898,38,43
263245,619088,18152,999385,49,17
39110,987180,33986,972674,46,47
299601,875635,677751,854032,8,28
42882,937877,182576,686111,25,44
30113,819141,51988,850373,39,39
497203,901713,395372,474152,3,20
542768,858380,26764,995074,48,15
7141,927659,51,993705,49,46
240974,783731,805831,940760,6,27
165911,778740,198768,931221,36,30
93677,757649,1515,973888,48,33
273757,802255,370969,712962,17,26
42548,930908,297532,977695,34,44
27723,831058,44278,845071,40,40
151716,964173,29859,911978,44,40
221642,924101,548455,751581,10,35
552750,988633,524522,734198,10,21
23916,681013,195956,919026,36,32
269632,896348,224365,268067,2,31
107036,215966,180605,784704,30,5
362144,363369,399446,994429,29,0
138337,225984,320645,707323,19,4
350857,946206,502741,792696,14,29
272840,443267,107190,930198,41,8
412135,913028,219464,819370,29,25
104907,946627,137491,643780,25,42
21484,957911,437837,518125,4,46
205331,330748,44122,958228,45,6
12777,960388,436340,526995,4,47
59050,512980,2420,969833,48,22
7105,979943,68343,118565,2,48
421451,873150,513634,934306,21,22
92186,975896,14706,278420,13,44
259511,591335,103013,989289,44,16
361344,971262,14205,958598,47,30
174402,365669,1229,583033,29,9
328554,718329,82414,369309,14,19
619980,755850,17191,837881,41,6
352723,775494,699576,791691,4,21
467698,659894,172237,947592,38,9
66843,905101,40725,688096,32,41
13724,708231,453760,666912,10,34
589711,927071,224754,528810,15,16
639279,909530,348006,796793,22,13
315335,812980,22814,921011,44,24
831407,989083,570278,831769,13,7
106410,950927,218395,951663,36,42
35994,966949,173539,858976,34,46
693883,925577,619418,892963,13,11
100954,480660,321452,781160,22,18
551454,860729,52026,299993,12,15
203576,931558,337646,471568,6,36
889236,924516,155706,999239,42,1
77523,754631,397027,688964,14,33
51283,929857,233282,360511,6,43
263411,859325,427609,780197,17,29
122792,127112,2780,943828,47,0
535938,655007,54058,956286,45,5
400121,891419,319164,823737,25,24
311929,947155,155488,667002,25,31
101075,277806,574181,792382,10,8
1114,994728,733052,924036,9,49
721976,868383,403677,475869,3,7
99638,342036,227577,557772,16,12
684632,982846,265762,301798,1,14
73780,789561,96413,288617,9,35
16665,985198,347553,971856,31,48
361677,761302,492382,556017,3,19
854110,946231,765948,769709,0,4
12980,911978,210258,946849,36,44
372167,980934,849777,974553,6,30
240590,904982,43084,795413,37,33
10436,994523,56312,61736,0,49
142891,863511,103597,376729,13,36
99621,662826,446658,896382,22,28
449897,461922,49047,666979,30,0
45910,844043,2579,997786,49,39
8897,891923,156341,920299,38,44
241639,550997,61162,751297,34,15
213227,593242,161322,796573,31,19
346957,848954,153756,984581,41,25
471510,896086,371788,402121,1,21
403668,440230,133230,620923,24,1
161151,567582,697239,813952,5,20
618381,747537,105839,487700,19,6
384267,856481,359500,658507,14,23
153171,839668,390068,470477,4,34
38154,996013,295972,924216,31,47
236942,633314,79179,975296,44,19
74916,537127,20312,967104,47,23
64153,980699,72922,745685,33,45
1423,716702,23226,955142,46,35
50647,906852,109556,461503,17,42
35980,143290,1038,32549,1,5
259690,459477,242018,303386,3,9
155627,846766,188365,238154,2,34
1522,998820,393138,461573,3,49
295104,860189,121926,879253,37,28
206243,376469,328426,505960,8,8
90486,933418,85785,516519,21,42
156197,401245,298949,410324,5,12
116110,556446,600668,769138,8,22
8828,745452,434989,751134,15,36
43253,485384,166733,854354,34,22
153169,929206,522361,907982,19,38
636085,953593,242982,395438,7,15
274987,678391,172871,825415,32,20
34019,647241,107624,562673,22,30
246539,877230,30021,970947,47,31
489746,822872,490195,936552,22,16
185877,508186,104255,574541,23,16
224378,989334,188228,727120,26,38
138693,445937,466748,982802,25,15
19416,915301,452990,682231,11,44
264082,805512,131316,961269,41,27
802342,992475,5685,854539,42,9
80613,372462,251149,293691,2,14
420842,622179,120694,764404,32,10
164611,592210,176232,344809,8,21
329574,925500,653092,822039,8,29
151888,418621,104318,517589,20,13
360752,965954,461230,847216,19,30
90304,861551,233561,372607,6,38
351286,352230,518581,910475,19,0
176802,381819,225749,586426,18,10
56087,955916,439387,840336,20,44
406882,885585,5193,554361,27,23
121245,564411,82994,807618,36,22
42084,946276,13225,770556,37,45
48251,562262,56726,952462,44,25
48505,914613,667017,996032,16,43
72271,713355,509208,983910,23,32
203819,517741,319672,375520,2,15
159374,856009,280123,750893,23,34
139406,860319,154146,785594,31,36
406085,972219,551441,944013,19,28
213453,706028,116952,793871,33,24
465266,502997,888434,915314,1,1
279680,373940,678507,839880,8,4
190995,416248,216215,378931,8,11
20031,617749,12606,997916,49,29
87256,919898,244875,729131,24,41
638694,943582,703877,915240,10,15
148530,757574,350481,418205,3,30
136158,539712,61536,650496,29,20
47070,289235,390641,910911,26,12
487115,918490,151203,832070,34,21
798864,821053,83608,697924,30,1
172689,291924,44205,997121,47,5
32137,822844,331885,430891,4,39
11981,845693,310430,401326,4,41
5378,981153,4506,962072,47,48
8791,975836,118416,974317,42,48
553341,884698,349049,941738,29,16
635901,732169,2920,650669,32,4
642059,795943,656672,707754,2,7
282652,928028,413375,962745,27,32
142705,171844,493969,537850,2,1
296515,797677,27830,933340,45,25
575803,700050,220772,917041,34,6
425867,747103,823097,950700,6,16
9124,893871,71510,522656,22,44
31946,692836,285934,932518,32,33
520342,654014,870872,947546,3,6
769365,993440,81531,894114,40,11
54514,652481,297863,486639,9,29
87353,710955,58210,941380,44,31
35639,130237,330525,883354,27,4
231187,981369,537426,735985,9,37
185662,880910,473515,776888,15,34
1922,484682,264626,652851,19,24
115257,459395,510351,725706,10,17
72189,613361,28404,742145,35,27
156268,947076,137766,870378,36,39
159374,956457,76681,880866,40,39
251469,847007,301530,921703,31,29
26388,740215,274403,686500,20,35
641410,996751,492766,958266,23,17
88917,770517,148402,593317,22,34
597816,850216,74237,936141,43,12
11230,277398,22988,998742,48,13
105401,121522,467934,906316,21,0
26009,424119,854709,978386,6,19
89155,988792,155515,581004,21,44
533030,559177,778802,782711,0,1
19941,66412,144512,576660,21,2
513185,936041,5691,980726,48,21
221811,695409,389432,408873,0,23
929913,957162,395183,517335,6,1
220520,694749,74737,893750,40,23
30709,876177,268569,851998,29,42
33997,958230,411548,951896,27,46
151402,158395,143752,880882,36,0
141856,861262,8692,336940,16,35
189506,644790,254993,655884,20,22
19090,821373,42989,921895,43,40
35481,545302,138771,230062,4,25
10864,987914,590339,700457,5,48
4210,943316,101558,274960,8,46
473211,880635,239005,592476,17,20
335669,720609,146417,855258,35,19
419614,497901,117903,942076,41,3
131214,963105,134418,968346,41,41
61133,297096,46208,704280,32,11
30821,802147,197189,559231,18,38
540100,725194,236282,807699,28,9
231104,878990,50083,901344,42,32
32392,161370,66825,646625,28,6
130979,881469,262551,768869,25,37
611543,636991,69000,983395,45,1
31693,167140,230764,880871,32,6
860781,946964,3690,913004,45,4
386065,534120,319357,515850,9,7
174727,949017,601768,913386,15,38
110282,336125,297870,532121,11,11
146158,747888,576374,979880,20,30
54131,108357,343576,665726,16,2
209604,933238,253193,509794,12,36
76878,643806,334690,839615,25,28
31846,627909,226244,989150,38,29
146399,505701,314592,795977,24,17
672699,875758,96812,880436,39,10
26027,944938,98830,503855,20,45
321894,581398,48802,778924,36,12
362066,894532,376802,946719,28,26
143001,488226,190663,500002,15,17
415120,668124,130524,130660,0,12
54420,998557,11581,999028,49,47
319010,959289,583159,833348,12,32
376105,939962,797641,925433,6,28
164349,990783,28587,973902,47,41
533860,962478,494159,921602,21,21
570701,832114,4553,926853,46,13
140780,145542,50015,886811,41,0
289746,745636,230420,857135,31,22
259999,948845,3236,993593,49,34
514251,611645,464527,781274,15,4
93489,384150,132839,568277,21,14
554102,936590,351594,557983,10,19
308537,525890,345029,891755,27,10
384366,696674,32077,798207,38,15
19096,996611,54239,934493,44,48
580946,802164,162002,413940,12,11
247279,278832,41271,975422,46,1
95205,946240,36451,483188,22,42
264737,623956,217411,787534,28,17
399763,981940,116949,619260,25,29
163945,958216,280032,904938,31,39
437968,955305,34096,658828,31,25
2630,270098,879249,902115,1,13
119056,967516,545338,855852,15,42
95094,514062,97540,553895,22,20
113431,636600,283608,751111,23,26
29268,385802,117738,852149,36,17
263649,298766,355883,918011,28,1
191114,925049,292148,474563,9,36
49903,949513,4245,950170,47,44
83833,969951,164225,981334,40,44
126434,187363,15862,955497,46,3
374846,696293,630633,924048,14,16
455157,470675,60337,845858,39,0
94212,892852,719714,738202,0,39
479543,846711,61865,930493,43,18
154658,744055,57923,955321,44,29
176795,722252,115548,483631,18,27
23617,245896,913210,977137,3,11
118529,943652,304752,979194,33,41
599890,870672,63362,901126,41,13
250551,929270,40557,982941,47,33
400042,949186,277114,675011,19,27
13694,986431,133018,947659,40,48
503680,890758,254136,415078,8,19
35556,753207,80482,344854,13,35
308316,866521,32526,836946,40,27
58467,974572,803938,989424,9,45
68328,922453,42472,733983,34,42
281764,980593,82010,979247,44,34
121989,634972,205153,421590,10,25
413029,985685,732344,833133,5,28
451589,850971,33195,582457,27,19
173929,977299,200287,829699,31,40
279703,568545,211645,737402,26,14
84129,998699,328986,858142,26,45
385516,938416,10223,862122,42,27
400995,788024,374496,417785,2,19
158465,792211,98577,734554,31,31
158183,326316,168051,235448,3,8
270172,357717,39951,302647,13,4
51207,826032,117549,929771,40,38
517812,959469,51721,911587,42,22
16461,987716,135329,795878,33,48
58218,737149,146003,333102,9,33
59427,970847,90563,923050,41,45
794468,909651,88111,401929,15,5
25783,723100,378540,621660,12,34
831110,974582,378182,791068,20,7
724436,961109,190461,796947,30,11
499132,831438,125744,832699,35,16
178375,784963,46873,54662,0,30
327998,980275,9962,496582,24,32
717832,800427,3639,977685,48,4
353257,694568,139365,959250,40,17
215490,236784,226889,869294,32,1
42343,695083,376107,538781,8,32
35184,652945,59099,813192,37,30
767450,916242,600486,882840,14,7
745185,990960,354880,702874,17,12
820748,920598,393015,960529,28,4
11612,996873,529160,948110,20,49
76216,773922,739870,872119,6,34
31683,998768,576303,661996,4,48
14684,34545,95145,335161,12,0
265400,690921,389777,869664,23,21
546428,978599,113959,190221,3,21
117837,323535,55561,743510,34,10
103374,993272,134057,989879,42,44
121204,907071,428406,488182,2,39
1969,978019,291060,857349,28,48
85084,645784,144986,699509,27,28
129088,247074,694089,781155,4,5
269108,760071,538148,554508,0,24
323552,809877,29500,711055,34,24
42502,897801,40431,990185,47,42
8130,769936,135037,390474,12,38
925199,928950,483077,807537,16,0
72123,762458,112980,687098,28,34
224912,997677,141934,818036,33,38
176834,435351,331048,773037,22,12
565541,635450,133104,462176,16,3
1351,997026,469739,889945,21,49
9594,991995,125267,968994,42,49
333065,995324,754644,764072,0,33
626297,693237,752924,786487,1,3
71730,816995,114534,920435,40,37
148421,808500,333887,927585,29,33
231943,426720,204501,414154,10,9
69470,553460,177441,606731,21,24
539843,819415,23865,975456,47,13
61502,866744,449483,491156,2,40
2937,998062,548723,911396,18,49
6449,743365,361702,974544,30,36
302765,449337,243892,955533,35,7
6665,963244,363341,636948,13,47
18187,110224,126932,877085,37,4
292977,910009,283092,826101,27,30
414378,988726,207034,387975,9,28
25209,984103,48704,773635,36,47
164202,984303,82658,470506,19,41
4423,908053,238337,959807,36,45
967717,979173,906,993863,49,0
10642,893675,24419,950162,46,44
89119,890700,154929,831427,33,40
108166,924199,564198,740339,8,40
134135,876012,762455,851738,4,37
94680,833406,181610,826992,32,36
259195,502055,24109,991350,48,12
124878,986643,293181,974630,34,43
149701,277441,146196,727510,29,6
167712,413848,602148,865876,13,12
392350,917007,220683,508195,14,26
9874,936428,77460,480597,20,46
207896,650194,73319,986981,45,22
366055,773147,420016,852741,21,20
9778,977396,42967,973087,46,48
276728,947403,284473,982260,34,33
485176,985866,182605,941572,37,25
857551,984969,313152,737302,21,6
30225,611693,713563,744729,1,29
64771,754738,118446,952256,41,34
236886,910692,752371,880456,6,33
712594,858449,214409,695278,24,7
40491,719349,6649,901641,44,33
5515,995139,101203,984274,44,49
287836,543199,470921,754201,14,12
327019,772710,757611,899511,7,22
107879,970861,48139,766305,35,43
239354,992291,42686,979166,46,37
107867,577027,740272,818250,3,23
404820,685277,338931,542949,10,14
590402,644253,300981,414738,5,2
137915,741642,23885,925212,45,30
14151,112561,275130,676421,20,4
379902,998458,147920,948231,40,30
443118,963614,534474,918397,19,26
183385,396189,199833,533375,16,10
96536,678661,146379,469812,16,29
107309,506569,465301,608152,7,19
356780,954930,194238,719208,26,29
628964,863302,36685,733781,34,11
194710,819507,47787,703801,32,31
335824,353810,114520,429195,15,0
408757,757723,357430,710679,17,17
69439,594091,216172,729101,25,26
791349,870119,88500,473949,19,3
219142,712599,14757,995570,49,24
27292,970398,713189,861343,7,47
138000,882769,1501,964770,48,37
47961,591675,303650,938190,31,27
189570,816187,843370,979861,6,31
88435,188574,94979,104643,0,5
185431,578001,166349,966902,40,19
52251,435591,6291,999859,49,19
99082,864330,41032,972297,46,38
57132,301887,31578,231147,9,12
457002,535171,220455,964043,37,3
325904,732897,191589,680823,24,20
304023,912667,156489,252004,4,30
228862,342313,533623,951245,20,5
121457,168057,718687,992316,13,2
206789,796832,212647,657840,22,29
132466,557754,374555,901707,26,21
403378,969871,202407,841303,31,28
203834,507233,106304,930171,41,15
18944,512182,85733,663934,28,24
798067,847721,468218,968200,24,2
14648,677813,79717,903343,41,33
545485,605888,125201,652550,26,3
309527,809914,22749,974543,47,25
86026,404740,283215,854269,28,15
27645,858091,299823,346623,2,41
118588,465843,322045,843714,26,17
111942,855654,34049,65407,1,37
839712,930192,40486,936479,44,4
162927,348551,125891,998063,43,9
568454,708852,607706,720021,5,7
165455,938678,7428,606935,29,38
172070,812774,860610,985357,6,32
390156,694004,92594,526175,21,15
157165,916819,128448,836927,35,37
42766,103103,82623,998045,45,3
770808,781574,279826,836823,27,0
58224,854364,40190,726533,34,39
3923,979707,355385,888504,26,48
532231,540182,62568,873989,40,0
69726,779853,74763,967234,44,35
848633,930137,301020,818532,25,4
171953,390792,670854,682154,0,10
56113,247989,3909,998767,49,9
974275,996844,350695,788365,21,1
10373,862583,103386,896909,39,42
27515,770328,261144,651821,19,37
336026,854672,207365,229312,1,25
129432,220628,602,842344,42,4
78106,994470,39950,397390,17,45
196897,658301,101088,990726,44,23
202702,901909,330562,876611,27,34
621242,764636,49512,981387,46,7
554599,836705,262729,839401,28,14
47909,916131,143835,500029,17,43
403706,770012,104221,223086,5,18
259047,391359,430004,956964,26,6
757761,956154,836301,952923,5,9
436946,668004,64427,839127,38,11
95381,821970,274203,440118,8,36
486488,931037,124607,786000,33,22
196866,821349,336283,355396,0,31
25192,579144,66579,295633,11,27
353112,930805,70920,756823,34,28
322280,770962,867095,961904,4,22
378,302431,33885,917874,44,15
24097,851154,352078,987844,31,41
160919,796452,160127,984980,41,31
444855,771280,49580,770296,36,16
3552,914695,319213,957578,31,45
21867,718939,175414,774113,29,34
152184,956441,8432,963136,47,40
118927,750168,758877,917210,7,31
144929,608087,443506,464103,1,23
533172,769452,335426,473664,6,11
432,995582,370889,880524,25,49
269354,471179,812418,992567,9,10
400538,475259,808170,817830,0,3
467837,616026,9314,968122,47,7
12932,252887,196790,940789,37,11
43978,986153,70791,365418,14,47
109917,732417,577645,601300,1,31
249200,979856,259181,686552,21,36
23643,968204,27062,903534,43,47
207753,303932,2593,985816,49,4
81492,857315,12497,978902,48,38
153465,365984,342269,818974,23,10
78429,914469,56439,741624,34,41
729673,756857,77806,845617,38,1
23562,687235,43436,847828,40,33
389582,788287,160661,628444,23,19
265833,486146,89614,983751,44,11
34431,844198,204924,774653,28,40
70138,982533,838668,867330,1,45
211231,723236,280678,617641,16,25
50290,928402,126705,877060,37,43
213116,742661,20713,977233,47,26
244478,515441,56515,975490,45,13
43074,821567,136079,354808,10,38
853019,890225,40584,980821,47,1
25774,983191,527615,873377,17,47
120003,711938,42117,960081,45,29
65225,234890,2303,997862,49,8
491180,772040,5076,992561,49,14
247284,570166,117336,990431,43,16
79977,766821,301042,675951,18,34
9671,340736,8793,805910,39,16
275378,761655,63267,527415,23,24
290089,917624,33017,842197,40,31
258382,902820,278905,808247,26,32
7309,994605,256829,755385,24,49
463682,798899,11766,551776,27,16
126578,488141,39442,250851,10,18
694001,696762,595573,720332,6,0
826718,934998,301836,960235,32,5
57832,109602,608914,891162,14,2
138357,958403,131618,635394,25,41
13692,915597,257388,377194,5,45
712497,780132,289632,607107,15,3
500151,859640,770458,821443,2,17
155654,835792,125736,661339,26,34
863,983732,22339,969439,47,49
639319,922778,23906,898021,43,14
645811,826898,581996,844459,13,9
152832,574860,512,993394,49,21
535051,783882,87783,565449,23,12
627681,956094,44090,876352,41,16
4260,894149,164021,741890,28,44
648947,709601,38454,838744,40,3
276787,662269,340195,866015,26,19
672353,871049,762690,909977,7,9
3383,661767,157846,565568,20,32
185296,971036,18628,943243,46,39
764992,915041,227814,909907,34,7
385620,688257,357655,720464,18,15
462995,984545,70525,836691,38,26
390313,879446,285466,772575,24,24
354295,874976,233300,573224,16,26
13762,537617,28915,126903,4,26
269843,792843,320452,550666,11,26
33700,414582,103753,961826,42,19
323641,821261,22896,640261,30,24
76715,965936,53829,772913,35,44
336375,958278,322083,766460,22,31
455283,484838,80774,352084,13,1
381183,959425,342468,959752,30,28
298390,627047,88784,777509,34,16
41740,314014,383610,849541,23,13
146729,431561,283022,982758,34,14
778846,969875,169055,987625,40,9
89355,944775,534809,688660,7,42
72628,660687,30863,513282,24,29
351033,813983,120756,959992,41,23
128142,383792,319998,882935,28,12
615368,661968,304745,834308,26,2
64924,935830,49272,870602,41,43
52459,376239,616778,773428,7,16
409344,884203,443672,650771,10,23
348400,927267,828032,871753,2,28
41972,713437,273258,834425,28,33
300699,844711,143138,245405,5,27
149465,753300,118365,695358,28,30
45163,576873,882,996332,49,26
119987,826665,248296,926155,33,35
48919,84809,193004,495537,15,1
712374,924340,773095,931647,7,10
13527,998320,614686,820710,10,49
382101,610921,24302,978333,47,11
178619,958855,262607,636994,18,39
38723,113838,728836,990344,13,3
159118,949147,414164,571942,7,39
257396,709560,415642,973855,27,22
464043,905080,397691,723098,16,22
29356,908727,423305,855187,21,43
92292,810038,887951,926607,1,35
49272,961717,305212,548437,12,45
185697,764791,679927,826356,7,28
279118,644996,517290,848433,16,18
47025,219865,121840,238953,5,8
470996,689957,734305,823011,4,10
520672,934081,8329,995656,49,20
483290,604831,134093,902995,38,6
107032,987489,3144,986332,49,44
867960,983840,1922,733494,36,5
321400,875891,339903,876065,26,27
169481,709639,3013,988418,49,27
237197,372409,18237,883146,43,6
490563,635507,44056,867755,41,7
503490,883032,69963,968069,44,18
328073,910330,36883,877072,42,29
99993,876854,85176,957721,43,38
88225,836764,37441,863639,41,37
175925,596648,109167,964397,42,21
355492,458540,28242,834071,40,5
819187,926820,72603,961749,44,5
221537,998300,664123,829987,8,38
360738,458533,82445,797334,35,4
172842,899801,305454,540859,11,36
6262,898428,563783,779942,10,44
190028,350019,87827,967894,44,7
852909,971677,509712,791053,14,5
177160,613085,73145,955583,44,21
248769,953602,198818,291272,4,35
405893,758700,101421,657448,27,17
864649,995241,606022,797293,9,6
30414,875311,55516,907902,42,42
268842,274864,11277,985831,48,0
671983,900268,137040,175818,1,11
6528,783912,155873,190312,1,38
13628,663965,749677,989075,11,32
53203,82452,379786,979715,29,1
453009,988132,168373,290326,6,26
582201,859390,239692,371441,6,13
31153,937278,61087,229299,8,45
145256,905335,46684,946774,45,38
392261,985438,896792,974595,3,29
459998,913189,144709,596334,22,22
23144,979634,118574,567692,22,47
27603,710070,38711,954565,45,34
703930,863305,214892,456212,12,7
674249,899461,454402,990583,26,11
242337,845836,409276,913225,25,30
51266,962832,748125,757917,0,45
126536,241411,107668,453104,17,5
306304,654952,18664,907853,44,17
783484,900468,16726,994713,48,5
431772,928642,499649,523642,1,24
134303,834054,12859,183838,8,34
811296,865849,30608,833312,40,2
271410,785156,675303,859960,9,25
412755,821843,695493,924601,11,20
27651,982875,65689,917686,42,47
152294,447732,317873,708887,19,14
503868,572898,3297,88340,4,3
70259,850060,29245,862254,41,38
203255,219438,171310,665654,24,0
130954,923776,233694,993229,37,39
3689,994976,145404,170271,1,49
514607,862249,315709,435982,6,17
300760,752799,901286,914565,0,22
339866,837373,385988,838382,22,24
28322,319655,331456,962973,31,14
294902,880251,356597,457734,5,29
514754,974050,172445,539494,18,22
175135,552689,862168,906213,2,18
374823,519333,24321,765587,37,7
8698,238127,339750,625393,14,11
796042,968278,29893,616347,29,8
284590,339326,494423,845700,17,2
22013,991979,63085,561715,24,48
75117,899113,414179,745980,16,41
681735,750595,301352,430886,6,3
161160,888625,299189,757527,22,36
715488,972800,26756,973593,47,12
69418,939155,167592,887652,36,43
153396,898568,30368,430386,20,37
485115,632007,156946,667718,25,7
36433,385920,28001,865975,41,17
88321,305333,53840,990625,46,10
40929,443590,220341,980598,38,20
814166,965876,326457,936719,30,7
12856,506877,386461,982254,29,24
162283,750800,155765,743604,29,29
119335,842672,92828,943598,42,36
381314,773888,73634,814638,37,19
643604,914705,184960,999948,40,13
130508,878406,118675,787615,33,37
431611,987097,186783,740972,27,27
244045,378436,330211,951924,31,6
735,830577,377304,650951,13,41
338692,705598,271015,995297,36,18
242249,808350,171939,835126,33,28
427895,840440,334107,527625,9,20
141336,773183,198065,677387,23,31
345184,410907,93132,143024,2,3
9667,870888,11829,576471,28,43
113728,791233,371532,721696,17,33
80510,981140,168477,632753,23,45
281355,643636,360134,939838,28,18
95941,514443,323248,955817,31,20
4155,713135,107692,836693,36,35
209459,915963,258482,978419,35,35
665184,734886,3783,977959,48,3
377577,857385,83904,993474,45,23
267005,958499,434655,946233,25,34
30162,263995,294880,727025,21,11
44227,657310,239344,504307,13,30
67243,241050,138725,236238,4,8
155065,923103,500268,761400,13,38
75004,266330,127241,766321,31,9
457301,960976,141883,924735,39,25
321970,485338,40296,507074,23,8
460055,505711,309786,491283,9,2
9943,120004,122612,655442,26,5
331474,616115,302480,961484,32,14
70284,952101,853905,947440,4,44
632129,847321,340327,682989,17,10
316946,958662,373324,448899,3,32
32456,673308,358481,559205,10,32
96316,365422,89684,745867,32,13
406566,508539,160055,998088,41,5
26018,925634,302995,898113,29,44
253946,531769,195545,936997,37,13
33828,273640,182257,812418,31,11
66050,429282,66050,874039,40,18
657784,933361,440190,612476,8,13
432387,734461,357409,624695,13,15
509562,820440,83310,936408,42,15
149521,664009,211406,891617,34,25
792341,917680,19688,64952,2,6
191162,930559,55266,945307,44,36
491099,838881,33510,906099,43,17
197552,471348,234661,547045,15,13
388483,867325,168442,884964,35,23
32797,969194,422390,610598,9,46
17237,522015,85538,221651,6,25
59842,918314,437389,974104,26,42
69045,331618,205605,710478,25,13
439325,947653,44977,966525,46,25
48844,839989,672495,849798,8,39
181789,942914,23178,969251,47,38
209900,861090,270260,554500,14,32
11184,690051,36103,817839,39,33
28725,188261,40364,217768,8,7
131327,987565,157316,916717,37,42
174351,930958,5326,871928,43,37
59276,935932,187477,817082,31,43
90898,806958,156177,584675,21,35
101983,178309,263372,991261,36,3
610096,819964,136800,837615,35,10
64004,896979,1787,966073,48,41
899425,903822,313697,346875,1,0
34420,569701,326579,916799,29,26
487252,608680,44202,268327,11,6
23478,902181,804901,833586,1,43
84250,940167,945970,978348,1,42
239770,977353,251200,940415,34,36
554729,682733,265295,379544,5,6
203492,872683,97217,966466,43,33
296873,961175,439956,891885,22,33
529739,921081,38927,999879,48,19
80919,927766,64194,442769,18,42
479320,659628,89817,912441,41,9
23582,992247,223293,930516,35,48
329803,697911,444852,958330,25,18
358394,628519,246097,351257,5,13
416603,856217,561824,825285,13,21
85236,669943,30564,834400,40,29
357571,746778,339372,773038,21,19
102135,922347,275970,990529,35,41
630450,711672,232565,728760,24,4
52393,529234,203237,833324,31,23
193378,901608,100775,150978,2,35
51462,865480,115403,956375,42,40
204021,819505,38219,744339,35,30
100618,972198,5079,867121,43,43
40268,907050,220040,726618,25,43
46042,980369,687767,986245,14,46
564599,697687,716007,986685,13,6
174707,821364,326062,924888,29,32
163837,290558,57075,985990,46,6
299045,432914,276348,593386,15,6
92477,667742,850677,889832,1,28
41906,889438,137826,767536,31,42
14636,975704,225708,374697,7,48
507614,695718,236964,551221,15,9
134019,895858,594163,939884,17,38
242224,940215,250868,397477,7,34
731269,887884,198234,855132,32,7
178604,961019,319507,781652,23,39
301725,849523,844,889361,44,27
120393,446766,262900,658553,19,16
149805,515560,800873,884008,4,18
30355,673431,41452,921999,44,32
260892,743117,4997,983299,48,24
530411,745506,597727,764332,8,10
30003,940846,356525,727590,18,45
523807,659585,379923,408108,1,6
28966,696714,101458,607561,25,33
296519,877804,468478,891782,21,29
2591,984874,850228,965719,5,49
92246,720948,260771,977793,35,31
144124,899850,296354,950613,32,37
28472,363050,206688,976351,38,16
555464,745072,45917,270240,11,9
67299,869735,152531,160702,0,40
386793,785636,794666,984875,9,19
300639,954340,26988,995124,48,32
132274,967160,51767,981344,46,41
161730,933071,654758,702487,2,38
499763,703237,728057,806123,3,10
18634,953318,857523,863288,0,46
248391,996612,449560,882797,21,37
159183,546496,246413,622202,18,19
45721,896595,20018,995950,48,42
43811,938389,477538,658424,9,44
250781,377891,268944,352061,4,6
563974,946511,668323,707072,1,19
30637,823091,62864,948618,44,39
404522,650779,474757,541963,3,12
69237,711813,114607,818387,35,32
64278,758353,55890,548764,24,34
59791,832528,31752,722125,34,38
84254,884900,333846,856652,26,40
7477,876822,381641,551432,8,43
218596,534113,259807,966427,35,15
188989,734514,13651,573763,28,27
62292,962612,609296,653372,2,45
189184,512530,206237,956385,37,16
357328,550284,502182,595280,4,9
312554,596168,94831,562562,23,14
61379,996755,29056,263624,11,46
331404,642404,308178,861309,27,15
2192,990580,142000,861044,35,49
433112,724712,80351,912889,41,14
307207,381433,323992,700685,18,3
84337,766716,143240,851311,35,34
274478,634548,46994,955738,45,18
210936,396586,539681,828005,14,9
793838,935275,474360,923725,22,7
242613,473177,309615,519941,10,11
435391,839344,112517,619375,25,20
87946,644547,283749,442985,7,27
838287,971711,293810,511978,10,6
671805,831054,146214,491972,17,7
70845,983703,297816,982391,34,45
4960,524502,139533,988818,42,25
256830,922167,114969,716970,30,33
39790,975356,370599,734419,18,46
160760,907540,412572,874085,23,37
547762,720827,201938,932125,36,8
239513,393711,223036,450133,11,7
257315,930255,50925,978973,46,33
580944,695875,838064,905867,3,5
250555,950833,611180,970320,17,35
29327,300881,592127,642319,2,13
105697,923055,145070,892392,37,40
653623,692095,302182,653963,17,1
289416,863315,104200,763946,32,28
98064,755257,555283,597363,2,32
435987,991113,337251,522011,9,27
103467,935663,283081,718560,21,41
357692,395030,568060,906966,16,1
343856,588611,225400,783862,27,12
33937,309510,364112,562531,9,13
202605,534020,613222,800415,9,16
215819,837628,317378,640541,16,31
302495,624860,575426,952678,18,16
586873,938977,409758,507356,4,17
753785,825029,1844,995212,49,3
260504,543932,665321,988924,16,14
181106,668587,5955,867735,43,24
323613,853160,312483,468697,7,26
152834,734582,34263,998526,48,29
8165,968406,107821,867332,37,48
208801,900107,9919,986013,48,34
434415,826562,2845,108195,5,19
5935,530918,278714,895541,30,26
7474,127159,413963,798158,19,5
343541,792021,379111,458577,3,22
512931,556782,85630,971387,44,2
180006,900852,163515,529757,18,36
655377,983268,635096,797828,8,16
663096,744575,356736,791107,21,4
418874,891661,332056,761348,21,23
638958,836482,404877,883120,23,9
132702,994909,181581,584725,20,43
26938,917271,279087,830272,27,44
108878,972078,19334,227867,10,43
113508,840925,15920,961453,47,36
85155,896175,170076,997337,41,40
8251,999747,303172,391498,4,49
174109,905385,672612,891003,10,36
60169,142757,1155,864548,43,4
445593,592622,425946,990062,28,7
95381,360140,374944,870247,24,13
461940,464924,41586,893896,42,0
476619,537766,805092,993445,9,3
135121,384634,170877,675456,25,12
104541,990662,319671,707299,19,44
298736,356349,76236,781274,35,2
56992,493618,241936,589206,17,21
467353,572129,157089,344872,9,5
54508,912632,30747,947871,45,42
232126,591908,152064,336968,9,17
690,851995,234633,886219,32,42
33231,872539,469072,937404,23,41
397318,602653,232018,905981,33,10
25020,537452,212621,780931,28,25
87182,428782,227079,499605,13,17
309371,356530,18212,988338,48,2
560169,775474,90843,363004,13,10
34087,833625,382035,886422,25,39
231791,954259,204466,906953,35,36
599085,669639,304476,664269,17,3
53235,776678,4447,997853,49,36
838666,859017,4970,999592,49,1
377255,951540,24633,972200,47,28
67059,812681,486894,565859,3,37
84154,734088,273207,971088,34,32
307834,884427,24732,918046,44,28
342767,443565,184224,628601,22,5
56380,916760,99218,588574,24,43
317725,617528,203709,500510,14,14
601822,713187,118304,810567,34,5
15780,814324,67320,410721,17,39
66566,99963,85808,804533,35,1
89251,843862,345254,832739,24,37
22070,995395,701946,976785,13,48
143450,480020,16259,972559,47,16
372553,888075,149010,492115,17,25
69243,888642,19857,521086,25,40
43150,991989,185110,999700,40,47
39879,848906,837312,916539,3,40
192232,742279,289620,895082,30,27
895,263939,186666,735348,27,13
45870,962953,52940,979626,46,45
211772,868369,101681,543078,22,32
207107,720988,284500,986634,35,25
339465,512012,34611,888050,42,8
171394,211812,4755,695001,34,2
258038,433589,136334,656633,26,8
173604,541801,89125,215489,6,18
512731,748665,21663,896662,43,11
587921,594017,11183,58795,2,0
160498,813890,543904,569342,1,32
492266,960399,69774,245342,8,23
108064,865018,616588,716726,5,37
25748,984801,360285,597291,11,47
686947,957277,98062,784875,34,13
278348,664083,94205,331519,11,19
744357,942311,20005,907641,44,9
553421,870199,31518,777105,37,15
24510,626746,114342,543910,21,30
289489,666599,172895,917402,37,18
199507,384748,306063,752876,22,9
986970,996688,777804,840380,3,0
125952,831332,161490,986711,41,35
233909,848322,121407,815130,34,30
48400,983606,277800,599597,16,46
477617,937736,282879,737752,22,23
412354,500008,172099,838062,33,4
8008,937569,17674,551023,26,46
161253,940177,127672,775652,32,38
523605,634318,345428,774080,21,5
36255,638154,140787,913720,38,30
212165,740578,678297,695408,0,26
129219,875908,264907,840211,28,37
207191,790603,535614,584058,2,29
253649,463610,22835,786312,38,10
628789,910137,26897,986692,47,14
155535,922401,333447,436116,5,38
144830,477216,488524,757553,13,16
460654,833053,83776,748008,33,18
3237,999288,8782,278064,13,49
82431,913132,123545,929752,40,41
234279,952905,149002,996122,42,35
407891,861963,171415,425245,12,22
436575,981789,280518,863380,29,27
725848,768096,469411,535523,3,2
50945,354091,186380,264870,3,15
232292,250274,40969,726550,34,0
4978,684337,779360,834329,2,33
237293,598383,84998,251109,8,18
412489,858332,119835,937414,40,22
194538,717715,5069,686082,34,26
11418,996915,305139,839545,26,49
37221,979162,368499,620854,12,47
58786,474567,250820,968867,35,20
237148,383778,23285,932466,45,7
367287,607671,211702,594950,19,12
20631,892174,209801,885246,33,43
91631,451564,238213,978736,37,17
37541,707373,591291,625959,1,33
460399,900208,571322,937611,18,21
406276,877022,900096,987170,4,23
398431,856718,270237,914981,32,22
892156,974790,12055,943750,46,4
2575,907516,270324,880863,30,45
211953,915332,9849,977255,48,35
18969,346587,44905,979569,46,16
23525,959695,106760,688061,29,46
29583,902090,733909,975998,12,43
285905,333675,500761,979523,23,2
427274,676905,149971,389751,11,12
55130,877445,62707,382376,15,41
706777,998135,678058,900717,11,14
31145,565100,185713,234540,2,26
34358,857701,221573,942513,36,41
51796,988743,262665,737891,23,46
316302,977317,178754,943123,38,33
24066,722465,746600,967220,11,34
190960,379026,891768,905699,0,9
65939,710083,450041,637691,9,32
169097,632535,528619,927191,19,23
105509,949749,64770,638659,28,42
39297,762286,77591,753824,33,36
124353,966910,364572,690617,16,42
537349,693275,266891,703675,21,7
50746,936789,125468,647646,26,44
50401,840213,333043,903380,28,39
210919,979985,624146,693647,3,38
595415,861870,99935,678410,28,13
488482,898958,193169,490215,14,20
179322,439598,692911,704281,0,13
15419,996300,242579,714511,23,49
495739,776403,386641,759859,18,14
18145,989725,401074,406628,0,48
71305,872611,182885,947741,38,40
108081,922005,163637,890370,36,40
15127,209379,116897,466492,17,9
446385,529359,752571,981167,11,4
279753,887590,73712,315337,12,30
27396,974169,579597,757815,8,47
538575,806508,221633,989775,38,13
410675,966785,162748,168042,0,27
6988,931516,32552,801151,38,46
673979,924900,204126,994292,39,12
630019,697838,162856,767707,30,3
96859,498320,107749,990281,44,20
170016,506334,19136,55200,1,16
623345,924673,624463,810316,9,15
80732,639297,250728,892724,32,27
124141,906508,4032,525654,26,39
131653,397599,22660,901359,43,13
33117,903045,11076,982580,48,43
242261,500837,230431,670276,21,12
160329,872225,239079,824896,29,35
878345,969616,565900,890962,16,4
6297,964012,41284,998825,47,47
64311,859746,525108,707108,9,39
131728,369772,154293,889883,36,11
89455,193495,57516,817150,37,5
247206,451499,34104,952898,45,10
269439,976090,110436,331113,11,35
472769,741773,259157,868952,30,13
48594,863038,378682,959533,29,40
216622,227996,185237,864707,33,0
111453,928074,243952,492139,12,40
78430,706794,149004,572291,21,31
2880,878154,289608,567418,13,43
570809,964692,136009,800570,33,19
85333,381033,387145,977161,29,14
168533,728777,31501,743328,35,28
16049,636053,164582,259190,4,31
26095,939834,119093,984429,43,45
77161,886341,331227,425998,4,40
633644,785999,7858,859859,42,7
13176,733449,310720,323860,0,36
144116,752832,521142,872259,17,30
29066,453198,307116,766328,22,21
661892,950332,4415,462904,22,14
572841,620138,40642,991083,47,2
322382,929414,76161,955458,43,30
510002,681499,478063,963256,24,8
81713,852695,51045,798630,37,38
89861,928239,543200,792921,12,41
342939,861234,12330,975532,48,25
18373,829234,512412,940808,21,40
43043,387209,204067,499997,14,17
727782,934127,293506,323045,1,10
20653,916827,1684,980280,48,44
40599,761222,3796,942781,46,36
184541,912312,148407,987036,41,36
403445,925190,822261,885988,3,26
245507,508634,713795,951551,11,13
104920,671533,130256,979977,42,28
372934,944824,26346,998464,48,28
393521,455461,406529,912382,25,3
29450,997031,202818,853955,32,48
138733,457989,372177,500522,6,15
8069,663242,561830,918957,17,32
66510,430591,160558,164391,0,18
440192,766831,206671,830394,31,16
892622,964933,41626,520197,23,3
203530,914143,262040,877828,30,35
57184,289348,527469,637112,5,11
542779,977938,694642,805227,5,21
246114,985990,590640,662862,3,36
420758,457635,247153,337655,4,1
198948,917700,977,993051,49,35
219409,861828,211791,215377,0,32
55978,990550,169469,888963,35,46
87007,970419,530234,815635,14,44
210802,567782,91708,734068,32,17
49311,761747,420998,485015,3,35
3004,864589,246070,346545,5,43
284448,330253,359086,721297,18,2
428722,985574,399507,688012,14,27
435774,897107,576821,837280,13,23
325838,755776,36288,987724,47,21
202888,900860,178626,911877,36,34
120702,633032,426730,689162,13,25
141727,741873,103891,887116,39,30
318963,459314,325817,924389,29,7
27289,684355,154562,986936,41,32
405867,775825,91078,382612,14,18
342520,829963,366669,443968,3,24
647312,702000,205175,851277,32,2
456294,882229,69365,669870,30,21
33604,797906,37520,926392,44,38
6693,887317,446367,504651,2,44
243304,793034,400722,679874,13,27
553734,662447,33293,609621,28,5
507334,858589,142570,746730,30,17
263251,680809,22257,967455,47,20
319901,747758,272204,950566,33,21
112550,559615,774821,968902,9,22
307460,472053,380386,940278,27,8
47308,646960,47410,924197,43,29
240494,608459,38727,737890,34,18
117905,373576,85768,924677,41,12
228814,589457,120905,968806,42,18
13229,523264,469290,585332,5,25
928191,936157,169431,376320,10,0
95264,506977,631817,631874,0,20
127062,996300,32070,680878,32,43
696679,719538,544720,702913,7,1
114237,598677,182192,350401,8,24
680400,802269,668215,818332,7,6
4682,996107,150369,971990,41,49
14191,907293,207007,808924,30,44
30664,921036,5746,903865,44,44
51249,225983,93091,879807,39,8
208816,900661,314908,966186,32,34
342910,424567,350280,637355,14,4
10465,521899,179866,194144,0,25
178264,906738,402463,497330,4,36
207979,573684,119,998538,49,18
638202,818095,583686,937991,17,8
27834,321639,493997,502131,0,14
591760,939023,577354,723074,7,17
227196,902866,765847,850488,4,33
30856,385530,56709,740766,34,17
2229,995151,353538,668847,15,49
73732,905072,654800,873749,10,41
100889,203591,359470,943253,29,5
17123,412389,175037,945598,38,19
88534,822952,621492,971469,17,36
273391,772444,112063,898085,39,24
314072,870947,572194,642111,3,27
12425,750440,601419,714371,5,36
601439,906279,119527,849354,36,15
138999,643568,504531,565795,3,25
194997,575483,136305,998381,43,19
50642,407136,818100,918944,5,17
99934,511810,651492,799724,7,20
3558,972856,288855,974702,34,48
241474,580107,296711,915700,30,16
414892,628913,40005,289535,12,10
70694,747735,228411,693001,23,33
192665,632615,51512,888468,41,21
488206,815457,123197,941686,40,16
38685,997703,122827,953662,41,47
2689,997245,95213,391324,14,49
287087,388229,4613,998096,49,5
309315,605166,317554,593718,13,14
503552,927096,16431,400200,19,21
267585,883598,81767,972741,44,30
559381,820445,684387,979859,14,13
374716,893685,17110,888339,43,25
907419,944306,229631,987050,37,1
68893,842944,102169,616634,25,38
25598,964100,239849,989033,37,46
316256,627468,160845,604537,22,15
828804,999205,58601,977461,45,8
155934,951130,17538,783703,38,39
84976,966463,536643,610561,3,44
58197,95373,13207,802870,39,1
299584,630212,94550,609846,25,16
174830,571163,333298,574542,12,19
69468,435828,181605,812213,31,18
829202,834226,36754,976550,46,0
263029,986298,119997,999765,43,36
16028,516832,339261,858913,25,25
101621,939703,220779,239297,0,41
57843,943204,209310,844004,31,44
417386,809792,143277,144748,0,19
253700,404092,33995,835718,40,7
367435,806485,263630,990392,36,21
71046,865439,277394,414538,6,39
12598,286648,163021,423201,13,13
81318,655840,451491,783646,16,28
43602,998255,233742,564142,16,47
445795,785956,200816,643789,22,17
445623,807390,383127,617215,11,18
26707,955156,50435,987625,46,46
63278,675525,45783,573595,26,30
300696,545283,232713,918389,34,12
123465,401578,174157,385382,10,13
82232,929606,56148,929038,43,42
9055,982528,542497,608386,3,48
74118,406116,125572,803931,33,16
919899,934462,5704,484756,23,0
224520,370307,534,999784,49,7
519108,671346,434809,897173,23,7
227181,890438,59083,380975,16,33
53570,978318,264383,399482,6,46
489254,907365,759836,845666,4,20
1879,992828,429347,990247,28,49
190356,967261,418132,424088,0,38
172211,801548,194593,445633,12,31
264283,710061,199340,430894,11,22
329704,502301,243704,555544,15,8
5174,871714,6773,995136,49,43
300835,706933,596585,933034,16,20
118747,364186,631971,724316,4,12
147832,559257,56390,979260,46,20
396568,823640,599288,600298,0,21
30898,585859,169186,575688,20,27
206362,293930,798055,996085,9,4
320798,736803,2178,733421,36,20
507807,589824,86579,769359,34,4
228047,616661,255029,604283,17,19
32681,979074,299337,869178,28,47
49796,580986,165056,865973,35,26
294589,983327,9292,780070,38,34
98964,902330,90134,999369,45,40
493901,949508,204978,717012,25,22
4099,838480,69949,265756,9,41
459202,567926,64923,543355,23,5
247597,724846,104424,670328,28,23
137743,629380,97985,453457,17,24
54472,656385,407141,709510,15,30
19792,861405,143502,966361,41,42
340597,889687,64472,322388,12,27
547230,659729,882949,926555,2,5
896575,941471,811373,905055,4,2
408206,448067,468400,861480,19,1
298458,384589,6695,640915,31,4
50245,748042,9131,966763,47,34
126702,453591,521458,569596,2,16
79963,745685,3097,984723,49,33
525775,691312,638277,896820,12,8
601347,826174,52904,552571,24,11
163922,875346,2434,956143,47,35
583550,977141,2557,741199,36,19
542895,621340,45061,838506,39,3
246587,956281,172353,950881,38,35
203180,757825,254279,349798,4,27
183833,950540,253185,574552,16,38
183292,990768,285357,584428,14,40
907859,907877,177945,688840,25,0
372572,969459,69686,798144,36,29
658085,847601,173323,851706,33,9
820821,925057,418753,631561,10,5
462523,837895,332019,743882,20,18
121842,244498,18289,982547,48,6
230419,820715,126251,946877,41,29
226818,667945,574613,880595,15,22
11177,885831,424975,809279,19,43
94542,351745,418743,735436,15,12
693409,746955,366473,605751,11,2
73467,996180,138109,484787,17,46
3621,998943,27686,658802,31,49
63784,498977,340583,914904,28,21
56492,972506,66092,975346,45,45
222476,593632,60018,600852,27,18
53518,239097,565244,734124,8,9
137714,438180,10765,883355,43,15
79389,948016,148791,165082,0,43
343107,693453,170365,494730,16,17
11293,989166,606425,771876,8,48
290416,917686,905237,982386,3,31
516290,923177,223591,788190,28,20
148791,929856,48021,705298,32,39
14383,679703,38800,890477,42,33
630090,961181,465620,713433,12,16
423656,875043,31423,423178,19,22
80778,485678,187224,799160,30,20
51401,855107,15028,345864,16,40
433811,542011,584017,734577,7,5
386526,943384,515251,849990,16,27
688941,732240,133128,857736,36,2
146419,286757,404436,940164,26,7
151755,674735,155962,904476,37,26
113997,191872,438980,987077,27,3
2322,831630,258787,426461,8,41
43946,670308,95969,886319,39,31
146692,850628,64368,359120,14,35
216257,441368,803894,844429,2,11
341070,701562,836866,914860,3,18
175573,693822,257559,549087,14,25
104768,898527,687339,790646,5,39
348180,906908,25037,901844,43,27
286418,505166,221090,797195,28,10
594454,774194,88805,901676,40,8
500620,990153,106965,871241,38,24
247532,345925,559674,695077,6,4
87367,534800,12003,968863,47,22
51625,758250,224693,970752,37,35
832282,876571,47129,985061,46,2
57817,764112,83933,566567,24,35
835287,880967,659210,810570,7,2
3493,969611,490137,882259,19,48
366009,998035,299882,525314,11,31
502653,668946,266513,965290,34,8
44312,874145,249975,811964,28,41
148761,709781,10489,412588,20,28
273286,931376,125879,889163,38,32
389995,459912,77697,951854,43,3
422964,662306,284714,793672,25,11
234399,555271,58109,914503,42,16
538621,864439,67231,72493,0,16
341430,970237,382641,773607,19,31
53388,814451,566907,719697,7,38
11479,681747,248586,775621,26,33
201365,426771,13527,613322,29,11
180365,847328,88186,997109,45,33
131958,871590,107900,602525,24,36
46356,898342,527447,809274,14,42
6575,966050,46447,59569,0,47
381364,687043,144351,950996,40,15
177878,878314,40365,955467,45,35
55911,517258,257084,951792,34,23
36253,594892,105267,311117,10,27
108129,551380,65785,643416,28,22
82574,915730,107618,561659,22,41
18596,668293,235100,814505,28,32
212255,953627,141871,768585,31,37
296016,891054,52871,623690,28,29
351190,472091,118354,472091,17,6
476462,772815,67909,996085,46,14
789536,832246,650364,855358,10,2
422011,497159,408722,643160,11,3
500572,735119,512662,656966,7,11
247135,982659,5493,805854,40,36
281195,948930,196950,821286,31,33
170251,578812,226424,893002,33,20
196189,751476,65686,842288,38,27
233017,887955,584079,958445,18,32
241741,851452,435135,666448,11,30
869505,936105,268238,926752,32,3
117370,774632,29111,893891,43,32
263788,722714,31339,966265,46,22
736255,792947,385948,636392,12,2
354455,878040,157300,988400,41,26
610623,798527,93154,849302,37,9
214130,691723,52313,979203,46,23
148085,689638,30753,985994,47,27
129517,883922,275021,582305,15,37
37199,824100,22233,900396,43,39
316791,529923,2326,994582,49,10
237714,794650,122464,167693,2,27
47543,939292,438344,777854,16,44
640725,719826,582508,874277,14,3
462271,635076,99592,742174,32,8
192083,557926,819480,974825,7,18
344114,883889,127221,343621,10,26
104814,976783,25800,978853,47,43
619,993331,202111,984828,39,49
591095,895476,182611,800004,30,15
292661,551159,250780,629840,18,12
547617,783127,34434,938267,45,11
524217,656860,256272,702995,22,6
148074,866643,378439,935654,27,35
402306,916153,402512,703044,15,25
268236,659970,33604,936379,45,19
189979,300752,279208,655465,18,5
165367,262267,418104,858916,22,4
47145,986370,145795,721284,28,46
2324,841393,17476,858169,42,41
9225,957558,135112,544763,20,47
11610,979670,494049,709945,10,48
443185,443894,34961,946098,45,0
53646,885390,438404,732506,14,41
513909,805972,478731,614878,6,14
47183,989183,182723,720611,26,47
219386,404635,211642,718200,25,9
500816,961880,17504,991612,48,23
133559,789658,155466,823207,33,32
59045,998942,159454,963961,40,46
531310,970180,339324,388690,2,21
540365,583810,240424,917715,33,2
511047,999977,13157,313029,14,24
288180,786096,10432,869178,42,24
4099,999545,503365,675172,8,49
241823,378639,5303,997438,49,6
73231,985570,769571,912340,7,45
745648,751940,894774,991019,4,0
19731,952200,31655,816934,39,46
236619,742504,289268,931703,32,25
489047,991584,2880,983352,49,25
125495,739629,96868,731190,31,30
79670,743885,175194,718756,27,33
90121,724118,610236,897261,14,31
591127,686591,809519,929340,5,4
355679,615524,59245,984375,46,12
489282,600884,361293,874495,25,5
598208,604502,429019,960437,26,0
557033,977230,151012,951901,40,21
633177,847855,535928,594211,2,10
335869,958677,401008,972527,28,31
158594,236707,687,951935,47,3
54885,862149,224317,457901,11,40
399284,432135,537943,980793,22,1
104604,943191,157939,907302,37,41
84204,994743,21945,880125,42,45
31646,822345,662235,919750,12,39
25189,914573,90650,924318,41,44
330944,958396,355479,955534,30,31
20309,950013,86879,945154,42,46
26735,983964,291754,950876,32,47
7598,964969,200060,333521,6,47
18287,942224,384222,643314,12,46
229378,695084,142853,800258,32,23
342828,604864,181561,809758,31,13
212083,770984,766,937650,46,27
120980,550210,215897,992990,38,21
29720,998749,135086,641351,25,48
166264,968337,406506,768942,18,40
479168,626821,165911,537009,18,7
562941,794242,303767,975512,33,11
47274,371136,151619,564964,20,16
239956,532411,576271,668886,4,14
62084,990290,68229,901498,41,46
938396,959638,170286,273230,5,1
90956,952521,58905,910332,42,43
11886,975543,350607,935070,29,48
289811,713118,32221,691168,32,21
77701,655907,52562,340553,14,28
23313,441519,722185,859572,6,20
345639,983216,68811,833639,38,31
396319,811921,357835,893103,26,20
332895,932920,340130,518039,8,30
210740,992569,414253,711783,14,39
115775,924694,688726,905769,10,40
267296,484758,396768,708750,15,10
323927,924215,114647,971686,42,30
31893,926243,95459,855141,37,44
117838,736024,299408,503735,10,30
142230,991347,286292,467408,9,42
113094,741136,228836,780984,27,31
69161,904595,2303,994680,49,41
123861,556745,414401,915539,25,21
98179,973589,320333,784473,23,43
165282,285549,379355,899106,25,6
129818,816382,115565,980283,43,34
422932,810841,442709,751526,15,19
123506,361969,89744,926083,41,11
110150,390788,185517,704532,25,14
35911,798091,144131,643229,24,38
98660,972179,120095,279121,7,43
370482,874493,142538,617275,23,25
392619,735726,70680,457731,19,17
159280,815699,247679,992257,37,32
135303,455463,11516,983651,48,16
45766,879737,169729,389760,11,41
23251,805162,10612,983362,48,39
3816,995106,512694,835051,16,49
38009,936938,108196,477490,18,44
657958,833117,95284,955916,43,8
55792,267868,188210,799659,30,10
35011,971399,2889,979411,48,46
328100,987606,21777,630562,30,32
573123,847827,683300,826849,7,13
105719,745471,489776,664757,8,31
474388,884978,525506,922029,19,20
274727,891770,39438,975950,46,30
197714,515849,36301,985966,47,15
346346,845726,14180,971934,47,24
129234,992688,661081,881595,11,43
580340,976506,340219,996831,32,19
152434,611406,344133,480915,6,22
431813,844283,339904,584116,12,20
80553,188889,360621,919386,27,5
69823,981203,293491,950033,32,45
57922,821454,353916,962638,30,38
6680,939854,685104,827305,7,46
8274,992549,156945,909689,37,49
49313,992677,231372,612283,19,47
165145,657627,7015,844895,41,24
838912,947756,42934,982510,46,5
681297,970566,332702,635528,15,14
758852,761984,87436,369939,14,0
17271,936060,58616,999136,47,45
418377,907328,319300,474369,7,24
407512,471159,535935,679627,7,3
191793,713961,492636,662992,8,26
25542,977565,943745,988747,2,47
83960,937854,97912,709737,30,42
55285,296561,210341,872779,33,12
194781,818022,10257,532893,26,31
105671,999272,245880,919986,33,44
908168,998652,6755,952616,47,4
425906,599021,554560,998900,22,8
57833,912033,188364,865842,33,42
16213,908072,24881,940570,45,44
549063,941222,174379,957725,39,19
85203,643804,229876,740186,25,27
48732,326452,400590,727002,16,13
876817,917618,145597,324922,8,2
395988,886615,9189,941643,46,24
122287,657628,25185,959899,46,26
397047,590685,182991,679599,24,9
650498,906805,93796,695205,30,12
341346,760670,294449,834501,27,20
24412,992595,385194,851564,23,48
24019,959844,74649,948986,43,46
35691,721045,40484,663436,31,34
231966,929267,195347,869707,33,34
616540,735948,289244,622577,16,5
130610,800419,389255,804987,20,33
391767,807724,19849,770741,37,20
648980,854172,290458,922021,31,10
30123,988963,53150,771704,35,47
827320,979803,20784,987001,48,7
247831,714940,3689,320610,15,23
49082,890156,292943,711064,20,42
43353,566319,118543,912089,39,26
14118,92004,644336,814805,8,3
149363,616269,668824,912910,12,23
166065,440487,749310,997303,12,13
195825,827586,245478,556904,15,31
6589,265173,152452,810240,32,12
352749,663274,281617,943633,33,15
131517,937443,379103,797934,20,40
44524,851453,600713,718096,5,40
73120,811471,236069,998094,38,36
211353,814724,235143,702890,23,30
97801,570858,687650,919292,11,23
421815,729008,1141,999930,49,15
171950,810902,444303,651401,10,31
539055,615071,57243,299690,12,3
43363,833057,563999,955508,19,39
179044,761416,210488,858954,32,29
75349,753198,453484,766542,15,33
117083,983697,270257,583305,15,43
11739,966667,344209,863584,25,47
71993,994064,48233,690019,32,46
78531,845976,53791,841004,39,38
673270,887867,590331,805009,10,10
356081,902979,165531,644408,23,27
391713,948194,487855,929647,22,27
7090,990627,139842,595762,22,49
633857,905840,406565,992310,29,13
74363,274486,187172,690864,25,10
96454,984857,250052,896488,32,44
33949,948540,361683,878577,25,45
781692,818191,111169,343070,11,1
153405,985832,143801,551253,20,41
7531,875532,81758,446522,18,43
414817,939358,175123,593737,20,26
143226,860655,211401,739782,26,35
74347,834294,36409,983928,47,37
157406,589432,59569,761926,35,21
49578,390005,8106,948935,47,17
808999,864972,118854,887352,38,2
706338,826683,179031,543995,18,6
125113,979723,118856,891215,38,42
53820,989447,38030,524375,24,46
85,979848,9960,992514,49,48
11265,965603,481996,594774,5,47
381853,919634,263040,910642,32,26
31193,739444,348153,733399,19,35
109980,617613,107158,253231,7,25
379147,804901,55608,808048,37,21
111394,718905,16567,620852,30,30
62336,968955,25912,994383,48,45
284844,699611,285560,602221,15,20
398480,754200,32759,540587,25,17
400562,786057,495874,876047,19,19
350133,388455,169222,577593,20,1
843113,862818,37055,782883,37,0
156243,462904,594300,910895,15,15
337114,819160,1386,316910,15,24
666912,725225,84407,604312,25,2
161540,972378,393,993667,49,40
131669,664393,157769,825372,33,26
5840,999440,3741,998804,49,49
560908,879675,509233,920366,20,15
139905,703838,610182,819138,10,28
192993,945316,400066,936193,26,37
14778,78545,70014,561705,24,3
33308,950079,182008,762736,29,45
477450,998763,150593,648651,24,26
643831,986818,198003,975215,38,17
716997,962797,129326,907510,38,12
509335,537273,146098,775477,31,1
838032,868648,452919,705930,12,1
354742,425851,244761,910369,33,3
112948,879922,587577,995006,20,38
7070,963536,51971,632943,29,47
395773,441151,258454,866833,30,2
139654,899140,470302,838982,18,37
445712,868157,448342,597277,7,21
347572,881608,845031,957120,5,26
11745,282789,106946,811960,35,13
362707,835868,676192,731124,2,23
92665,149885,738663,793946,2,2
556110,855393,130742,803864,33,14
32439,966917,14291,525643,25,46
234743,816114,150057,858307,35,29
58079,535814,70747,533942,23,23
330823,987849,364397,691032,16,32
158879,921963,133776,904721,38,38
158984,750156,308070,915604,30,29
384,520369,194473,452845,12,25
219544,705273,260128,977373,35,24
880009,964249,320394,846603,26,4
491851,923695,42301,278550,11,21
266550,623788,365298,997046,31,17
73766,929174,315408,793413,23,42
193557,980860,110196,771287,33,39
423753,680420,281013,915361,31,12
285366,952706,583734,805174,11,33
8011,974368,199769,536485,16,48
44056,990044,592729,808811,10,47
80998,709633,20125,986423,48,31
497945,824159,447957,774946,16,16
435731,895599,125579,840445,35,22
31639,929764,215172,681441,23,44
237888,543141,642106,751622,5,15
120228,626496,433748,916846,24,25
401175,647833,267461,973732,35,12
16439,793754,262848,742086,23,38
797470,836726,307689,526648,10,1
209997,808861,138338,361758,11,29
486134,776041,10893,978343,48,14
311627,803538,883554,994356,5,24
5499,995898,241171,462345,11,49
287013,977139,528764,866123,16,34
604334,890666,258676,964897,35,14
48124,995933,43754,591330,27,47
216330,523924,80597,320533,11,15
114883,510353,469941,962008,24,19
658542,797295,466645,868906,20,6
244708,947988,554047,933177,18,35
860399,915459,388404,974239,29,2
448346,899450,37751,642852,30,22
289,737872,255410,580800,16,36
596060,818230,383336,776525,19,11
183174,499985,341119,931842,29,15
543765,899019,39569,278509,11,17
84959,952319,184078,779806,29,43
388671,996929,290966,670393,18,30
58637,872073,185666,574140,19,40
851884,905848,40884,943651,45,2
531974,705284,200,975152,48,8
95725,896356,188248,748165,27,40
80578,991169,550535,790195,11,45
174482,927003,6946,261064,12,37
315288,396028,39568,833978,39,4
523380,884129,386536,912215,26,18
255349,846818,647066,902396,12,29
135350,876921,297255,838796,27,37
169410,541170,91766,878817,39,18
256495,671418,71371,866839,39,20
256653,783529,442805,963404,26,26
663662,822249,148078,945734,39,7
480026,975411,296738,664475,18,24
220447,691083,62301,841578,38,23
41501,894975,126640,512941,19,42
269131,730504,199727,989517,39,23
362216,886417,56275,974750,45,26
30027,742373,116098,900545,39,35
251159,980019,284681,677301,19,36
536588,730890,321793,864025,27,9
562735,703267,314695,650993,16,7
71522,990657,240785,958386,35,45
287808,779994,442556,989339,27,24
623620,856737,184996,975860,39,11
6332,992763,179032,571761,19,49
112026,909084,609487,946862,16,39
26986,983671,145226,914017,38,47
16009,982984,53260,970837,45,48
708046,877094,53496,457793,20,8
316520,783995,453037,871563,20,23
35508,831842,247573,955745,35,39
336627,564867,127925,467334,16,11
270450,703022,390205,712326,16,21
334674,393190,135572,540143,20,2
286384,373446,104932,307122,10,4
180972,512776,730512,936183,10,16
87471,816849,333698,741270,20,36
96187,876443,405694,963061,27,39
75097,945510,219609,776030,27,43
144521,282744,188777,972405,39,6
77769,288421,174576,578479,20,10
6275,439712,101462,882726,39,21
198545,498305,2794,416651,20,14
256701,311236,213070,763446,27,2
149287,734473,245098,647552,20,29
121493,816287,530166,934255,20,34
33834,657822,432378,795222,18,31
87141,881139,30528,244528,10,39
47065,807362,283462,995359,35,38
555,978041,68894,856314,39,48
390556,393913,441165,844048,20,0
263387,573692,127378,922304,39,15
367015,707957,354642,768920,20,17
421516,881185,319610,851715,26,22
218475,751700,463080,823567,18,26
459276,862205,362819,724798,18,20
632171,940676,61798,589425,26,15
397279,629819,211039,575787,18,11
576599,854771,449092,976866,26,13
72987,337710,23779,413306,19,13
41842,950454,336839,886149,27,45
180330,697458,138135,695618,27,25
19003,981093,159327,533558,18,48
610117,699414,544990,923376,18,4
496149,999338,135778,519844,19,25
30015,759944,210312,751665,27,36
7701,975719,184696,740351,27,48
