4572,998634,291752,471720,8,49
119135,657354,67935,455070,19,26
239266,514368,162726,985591,41,13
375725,875073,151369,784302,31,24
301186,701543,7268,944206,46,20
10058,941291,113622,634301,26,46
177162,874032,42340,193460,7,34
130095,404281,66636,866512,39,13
87613,814937,67304,671292,30,36
36807,901499,89860,521308,21,43
534265,686147,229743,537334,15,7
509307,776116,93852,910679,40,13
362813,890191,22248,344919,16,26
758732,910743,593231,808464,10,7
77510,584127,522452,942724,21,25
26915,820076,7470,954743,47,39
58260,926817,6395,171219,8,43
18858,337704,498345,762981,13,15
528089,619567,1918,996182,49,4
401105,921726,754009,973916,10,26
369455,855290,763204,977086,10,24
447114,725103,222025,862979,32,13
1825,987414,44203,561542,25,49
176984,814679,347430,735747,19,31
147839,867712,14395,552814,26,35
200152,916460,127332,888430,38,35
355310,509037,208940,849672,32,7
506495,577096,21739,997291,48,3
158886,797938,227371,943117,35,31
20514,993625,541588,898399,17,48
12097,669830,292893,874848,29,32
58176,743793,256537,389447,6,34
165394,762480,347283,979592,31,29
645637,988558,178497,954386,38,17
36986,993033,108397,612392,25,47
124652,925490,274703,908156,31,40
252106,893848,155824,285067,6,32
117281,659696,387856,953599,28,27
114382,957272,144788,815707,33,42
184196,463749,248775,951416,35,13
348509,554398,668689,685605,0,10
15537,954692,151729,322314,8,46
380438,998661,233111,848082,30,30
379586,908277,82502,623849,27,26
41348,797076,18850,915829,44,37
241689,516621,325645,783947,22,13
186091,833146,125697,510984,19,32
592,999113,3785,986718,49,49
222063,981608,206506,945664,36,37
47811,994705,532272,752378,11,47
12976,946496,375303,847686,23,46
49031,898301,116212,648028,26,42
21871,941094,201817,833116,31,45
672224,806629,271497,815508,27,6
46327,864403,154984,612095,22,40
11598,564480,95745,797388,35,27
217912,904451,172973,943957,38,34
29821,925689,346788,527821,9,44
199488,664576,91214,295892,10,23
93455,993458,76331,961505,44,45
342417,946540,198916,914839,35,30
216785,355726,19550,972867,47,6
174317,991363,241969,833987,29,40
35185,591037,205937,988873,39,27
523299,810194,828136,937613,5,14
107163,343929,171511,888145,35,11
190489,569763,687386,945277,12,18
69773,836537,235621,727446,24,38
2619,918214,93979,950957,42,45
187206,843045,111469,976128,43,32
212021,767515,562828,995631,21,27
57219,406454,343870,411064,3,17
191677,908352,315850,749212,21,35
138839,458541,88363,729186,32,15
18852,967090,234472,545133,15,47
4258,922789,104026,886108,39,45
692514,724320,222427,278376,2,1
170003,783115,72539,897095,41,30
376485,377069,5914,987257,49,0
18477,999531,231216,543666,15,49
334722,709208,34604,817374,39,18
252728,685507,939033,956647,0,21
225640,639304,115185,232608,5,20
301944,575090,80731,300663,10,13
98844,578942,10834,612563,30,24
89977,548732,40498,861188,41,22
191825,320075,161354,988594,41,6
178292,579529,338267,996439,32,20
429131,799327,89840,812016,36,18
42115,691057,120032,978760,42,32
88770,293874,4205,921018,45,10
85451,172692,160568,864887,35,4
13087,758372,26915,550511,26,37
446038,520207,189319,554800,18,3
376540,871341,72071,993404,46,24
93081,337797,565673,923327,17,12
120538,995675,377,999128,49,43
367048,982840,25303,312246,14,30
112486,964897,555796,621908,3,42
489441,700085,505552,996743,24,10
418916,782857,45828,996259,47,18
827705,841676,73376,862668,39,0
390128,977666,622817,863272,12,29
355008,808020,419729,582643,8,22
2045,982531,376410,638676,13,49
289582,910977,751652,834109,4,31
175262,289865,63202,393625,16,5
32107,997766,179646,989305,40,48
10615,985686,804619,896414,4,48
172381,648001,36607,992914,47,23
162966,961397,295069,605084,15,39
556376,739424,16921,731829,35,9
117972,790540,848549,954079,5,33
205604,679932,218236,895446,33,23
125939,773930,823557,993601,8,32
204011,250794,449417,959961,25,2
80600,558668,94472,753424,32,23
623224,765723,633894,684556,2,7
136770,964500,575478,631344,2,41
232689,787020,105815,399034,14,27
18981,990266,231432,727542,24,48
52420,872715,151201,926564,38,41
191775,884455,43176,695965,32,34
402523,720567,36168,883719,42,15
213927,936941,101349,924970,41,36
149946,941763,96459,723443,31,39
339781,825083,684111,735425,2,24
5832,922762,56938,982994,46,45
501648,737252,377155,948372,28,11
145802,411003,431700,895012,23,13
205853,947306,684468,761427,3,37
8536,579108,29183,91108,3,28
459266,583342,42091,537259,24,6
369644,730533,280471,403599,6,18
178,994888,153017,996383,42,49
101522,886431,52168,650975,29,39
58556,882781,208994,734965,26,41
250795,459739,284249,885170,30,10
591939,668577,363267,868466,25,3
5942,886714,48087,322101,13,44
267848,862526,74903,452708,18,29
416347,963611,437013,755139,15,27
427079,848223,158923,951963,39,21
268384,824564,209004,588449,18,27
86518,704523,300375,524997,11,30
76262,795122,173656,829244,32,35
346898,811879,198047,551184,17,23
373627,452645,886543,923768,1,3
480570,629603,490622,973454,24,7
121616,511919,34042,500974,23,19
233675,795225,228540,787607,27,28
147240,806919,121351,558200,21,32
74040,654809,54580,371653,15,29
316512,876423,369972,992856,31,27
7168,87736,65345,230336,8,4
26583,120191,28828,884994,42,4
625002,844008,321886,864968,27,10
86856,987206,75219,848532,38,45
154611,783426,160014,965535,40,31
234512,336883,177605,908647,36,5
38364,987217,367313,781991,20,47
287908,807461,7268,299304,14,25
145089,700329,250228,435251,9,27
3247,996850,430947,666054,11,49
134737,868758,782130,962089,8,36
43442,95508,51310,931780,44,2
196038,830330,95344,785822,34,31
49700,972694,305364,757699,22,46
135356,968066,537690,616404,3,41
20210,871929,166695,849304,34,42
203747,972920,110757,174987,3,38
598628,743028,211901,449064,11,7
800093,975942,215391,807322,29,8
85721,315248,68228,923027,42,11
40557,685246,1196,999539,49,32
505682,902518,35504,522148,24,19
148068,997588,220435,726238,25,42
287078,849378,289265,920112,31,28
423909,683206,30735,816906,39,12
86406,476926,791496,854482,3,19
308454,342586,4631,962669,47,1
892023,928926,330146,344003,0,1
424044,882953,88556,992436,45,22
794504,954111,179167,499679,16,7
25056,598745,136652,700591,28,28
86858,195853,2208,953197,47,5
217356,644946,41921,909388,43,21
286421,661855,226511,978049,37,18
114230,920437,291302,614948,16,40
369478,975739,15738,260723,12,30
69146,370690,32632,996794,48,15
401253,976663,243199,705554,23,28
471725,858937,601186,786082,9,19
40812,867703,465937,774483,15,41
412286,795086,688378,697228,0,19
137232,926275,36828,962607,46,39
26386,711145,760141,957583,9,34
203515,877860,121055,986306,43,33
48235,542382,667832,915888,12,24
218928,483067,4734,975277,48,13
201748,880257,956,984639,49,33
626393,829961,346577,848813,25,10
636279,822306,841786,978470,6,9
279541,793580,744094,934585,9,25
428904,841177,34735,382688,17,20
78418,816880,575712,915467,16,36
47475,414725,449921,522315,3,18
202883,941191,45697,473001,21,36
458347,964440,371754,906051,26,25
342414,542391,595587,757148,8,9
184260,951266,168418,810648,32,38
545594,610894,184679,793255,30,3
378499,682597,18397,544582,26,15
10946,964891,266276,899965,31,47
85036,945291,66639,354607,14,43
92878,261266,234948,995785,38,8
18266,545762,115295,956755,42,26
630984,855035,52593,981397,46,11
622957,863310,15258,988707,48,12
298043,987389,297627,367265,3,34
253487,802497,430131,538809,5,27
65455,686625,66022,705127,31,31
242416,673990,196422,584597,19,21
716919,732745,241694,508256,13,0
39882,947064,166520,998836,41,45
205587,852445,169127,998153,41,32
547863,556706,370080,960926,29,0
18504,606740,390141,527983,6,29
124139,231350,111393,264285,7,5
90693,869050,11230,944068,46,38
551348,855945,45953,207590,8,15
210650,382202,366576,649570,14,8
29435,37136,134848,849688,35,0
735357,968842,245708,258451,0,11
278286,722071,500399,963415,23,22
682054,699789,74525,255396,9,0
369033,450285,370141,931617,28,4
97570,119161,338484,767103,21,1
6619,946146,200730,747834,27,46
64078,628382,252822,865980,30,28
12228,989973,419006,528516,5,48
425362,750428,20340,991150,48,16
157936,972821,591952,976523,19,40
617194,646614,166957,759757,29,1
196640,895244,644366,644923,0,34
683180,963502,613826,864002,12,14
100460,198653,301800,738970,21,4
387586,545900,203956,815926,30,7
243606,668567,21195,81928,3,21
821319,907266,26642,516993,24,4
5799,577599,167720,953304,39,28
184860,616337,74087,815627,37,21
183712,432271,606690,722215,5,12
11856,964747,169389,937601,38,47
46,999472,85260,371389,14,49
727586,729917,72316,962721,44,0
53430,211590,106914,919807,40,7
178086,478891,114211,297231,9,15
342215,968648,350633,816091,23,31
182671,998055,212519,591124,18,40
32209,892841,92132,708561,30,43
119597,861920,539805,665187,6,37
23781,935313,83692,788773,35,45
94314,571312,418838,465119,2,23
55574,990777,199313,503743,15,46
889608,898647,91609,821946,36,0
25031,872762,92366,643361,27,42
137429,670516,63534,990438,46,26
357992,954943,79096,947886,43,29
53651,995054,941350,948112,0,47
29704,827051,607164,927325,16,39
150610,772688,2006,998343,49,31
441773,775953,223209,583057,17,16
380625,907614,147682,617367,23,26
57874,945651,147311,534439,19,44
240885,398650,677971,941881,13,7
90258,455166,118114,773073,32,18
788065,789493,376304,884991,25,0
36891,453237,198000,504978,15,20
2292,999079,32528,432710,20,49
200303,464402,34976,980911,47,13
26816,353368,9093,989343,49,16
53257,956309,582848,683074,5,45
247355,784143,56581,942346,44,26
49455,924811,206459,327206,6,43
2018,965511,151671,581223,21,48
312343,490466,226124,926228,35,8
110297,282541,678524,758900,4,8
180716,991612,923235,981831,2,40
47709,697289,655409,859046,10,32
654765,757336,69486,988276,45,5
469650,737392,288087,965156,33,13
517910,987492,294125,799086,25,23
76863,942959,72741,956226,44,43
596092,906657,765548,981033,10,15
28738,815351,626964,846204,10,39
189757,959885,491097,994111,25,38
222332,670829,215736,590016,18,22
28260,353588,248984,966043,35,16
266052,942960,393712,788390,19,33
284246,628050,549744,776082,11,17
43224,774085,36793,552225,25,36
11681,907849,523674,851549,16,44
272407,928057,348715,852876,25,32
224809,374878,236684,978259,37,7
26160,542720,124977,812578,34,25
141702,728346,41088,954988,45,29
15216,998298,345189,820059,23,49
308227,719951,134812,856619,36,20
556420,753113,220804,277966,2,9
578264,674342,326,199380,9,4
41626,765687,133570,897822,38,36
73843,894411,33845,408081,18,41
9519,946185,29481,883473,42,46
26106,842476,248629,752597,25,40
544921,795329,121972,341791,10,12
206381,959161,238885,725063,24,37
205336,994592,74716,433149,17,39
269501,770536,773414,897696,6,25
623221,860891,86346,911036,41,11
432131,885760,8503,972529,48,22
77764,414410,240806,557347,15,16
162618,442560,601506,893516,14,13
182891,498943,365766,826880,23,15
544764,826990,306354,718307,20,14
62750,408167,67889,993182,46,17
114541,461172,429068,876481,22,17
795670,894721,297948,901436,30,4
145745,728175,343608,776135,21,29
60224,928623,121027,991742,43,43
613513,658727,494658,891856,19,2
60579,955332,211499,703658,24,44
341263,712774,458751,756406,14,18
652490,688982,177185,516962,16,1
16436,84343,26582,592659,28,3
388452,839688,196248,955354,37,22
8100,729333,151467,845968,34,36
101150,910546,157786,983916,41,40
307598,883425,214239,564773,17,28
835399,885873,213564,733751,26,2
420854,919454,880104,943552,3,24
216816,956756,266534,472495,10,36
759801,983829,681154,734960,2,11
218523,241671,314590,535414,11,1
11385,472015,138930,837916,34,23
614753,845973,377567,890529,25,11
571444,704391,279402,987064,35,6
109913,299405,82748,904130,41,9
606519,866034,244509,985518,37,12
166316,518271,607607,930054,16,17
312449,590334,22060,934595,45,13
163759,316704,24617,917062,44,7
132709,797461,489348,854892,18,33
40157,738222,77358,313472,11,34
44692,184952,475629,907573,21,7
345258,715976,801610,973277,8,18
450608,758641,135901,201187,3,15
11256,973533,127628,452016,16,48
26545,879644,430068,777414,17,42
582905,872744,230655,295605,3,14
63829,657507,696364,931486,11,29
402230,908391,417450,730676,15,25
484230,712116,212519,904268,34,11
60134,153455,208310,529658,16,4
96002,985815,325200,339389,0,44
377356,768172,89124,841612,37,19
66768,846102,178720,977381,39,38
525071,836093,44304,952711,45,15
24620,516028,308916,772402,23,24
160799,578720,59758,915297,42,20
63949,996190,210796,966380,37,46
12776,821958,98693,769133,33,40
446561,613711,595174,850146,12,8
101831,646965,252890,922986,33,27
328032,673054,95523,715765,31,17
479353,901492,431012,698750,13,21
682981,950513,442804,946095,25,13
497744,805726,40134,900431,43,15
42183,601555,457052,545802,4,27
67522,403135,556881,887018,16,16
286873,729527,100693,626843,26,22
26037,137368,97956,412301,15,5
577159,870903,153436,933070,38,14
64034,965988,159612,915166,37,45
800154,875077,220868,542556,16,3
791989,833376,76185,531544,22,2
7895,803391,7754,303675,14,39
649831,895434,235933,671809,21,12
164814,407113,257292,741546,24,12
11045,984628,107678,245569,6,48
673518,990396,211540,943912,36,15
305089,858230,64607,938184,43,27
234888,428652,32989,986441,47,9
621272,729461,38308,884952,42,5
640283,858462,266687,701457,21,10
63236,954217,1078,969917,48,44
24470,707746,203699,678067,23,34
490564,698124,1204,183359,9,10
111437,631901,2016,943836,47,26
9977,999272,264593,752692,24,49
500401,507663,95777,219631,6,0
387867,869819,8116,918714,45,24
7233,979485,746782,806499,2,48
370,999368,12682,977007,48,49
587780,745894,198001,269138,3,7
131266,325849,113113,503342,19,9
244685,882968,64181,995120,46,31
86564,968226,2909,907748,45,44
13348,973351,514532,590440,3,48
868961,989613,364328,397778,1,6
7021,993492,190412,648351,22,49
922421,978835,467,998881,49,2
55853,752655,9507,998824,49,34
561236,978191,121226,552116,21,20
15440,996466,13569,760977,37,49
277704,551189,922296,973740,2,13
302320,841719,231600,741389,25,26
138181,911961,514876,869966,17,38
812269,910874,281395,782215,25,4
56295,744381,569153,949490,19,34
330996,514923,41677,562262,26,9
151773,613272,9798,994368,49,23
227677,864605,714051,846076,6,31
384427,742780,84242,482754,19,17
20102,625724,289461,928110,31,30
288024,505168,79841,555486,23,10
724827,934576,334754,655960,16,10
378192,410877,6723,977544,48,1
58618,899946,58699,860550,40,42
206609,772815,39031,964296,46,28
8563,280745,11264,999036,49,13
600629,689376,243787,311656,3,4
69174,864395,141999,865875,36,39
3790,978746,68524,737795,33,48
463843,917452,70928,961600,44,22
771934,992227,435207,795475,18,11
237158,933730,239857,341690,5,34
180103,402590,50301,671493,31,11
204869,868429,114849,857559,37,33
268897,350310,219411,673518,22,4
551828,553562,158311,394743,11,0
163059,511915,36868,882801,42,17
50002,808693,207779,915458,35,37
75985,968599,107014,419985,15,44
133288,962764,104221,737435,31,41
203864,834504,36199,481062,22,31
318042,695892,415874,508614,4,18
589998,876233,109673,235113,6,14
545220,994348,168914,610995,22,22
42612,795671,156828,977531,41,37
432271,468423,57327,237729,9,1
574019,935390,56544,518761,23,18
477510,478161,614278,700853,4,0
801744,862576,337249,582935,12,3
503245,623178,495933,839051,17,5
108094,777256,141198,918866,38,33
425182,949891,159936,963016,40,26
52740,661949,115697,320086,10,30
202350,503285,570,998594,49,15
255662,699685,125799,626555,25,22
192591,853786,32905,852147,40,33
28681,912720,10284,996339,49,44
479030,785517,369866,703892,16,15
47615,965417,139519,676254,26,45
47949,566827,167524,225180,2,25
28781,701435,795678,824905,1,33
56533,894727,856320,876394,1,41
148479,952535,98430,356489,12,40
23457,769106,433887,693903,13,37
371891,906768,502883,990699,24,26
142968,501318,431440,936225,25,17
157656,666764,43304,994370,47,25
149749,898252,500497,542722,2,37
137976,962809,38236,984559,47,41
204997,999537,515363,876681,18,39
485598,933312,369082,974334,30,22
560100,862988,155963,898974,37,15
525465,970813,57770,650934,29,22
290752,810698,9528,990622,49,25
38855,986287,150485,272938,6,47
43192,881590,26943,442622,20,41
172490,357292,153667,927767,38,9
9861,889074,359005,988245,31,43
229791,687781,377881,653079,13,22
349690,966041,193175,605906,20,30
705716,739855,538677,846088,15,1
222396,480239,44217,944044,44,12
1071,989830,54525,815380,38,49
172175,178637,390385,774402,19,0
950110,985757,919386,992673,3,1
61623,914110,71084,198135,6,42
230244,838075,97366,291530,9,30
125962,810301,54002,389904,16,34
701701,725509,499469,585921,4,1
423946,587761,65839,949705,44,8
179820,885489,107880,865080,37,35
175012,707859,243941,561453,15,26
102284,732851,660756,995515,16,31
77603,575995,71061,877954,40,24
275539,875410,18193,974385,47,29
122952,863828,114578,485585,18,37
136236,811609,309171,387455,3,33
174689,509551,250594,908363,32,16
733372,778848,406828,451762,2,2
260744,926195,131410,604699,23,33
533527,976320,440345,770067,16,22
496338,677212,177778,784824,30,9
130669,961595,651640,906603,12,41
79234,528478,273705,827945,27,22
39012,988094,251952,908100,32,47
71867,554628,3414,188604,9,24
435756,808229,34877,563073,26,18
787012,940974,14452,558786,27,7
48052,720811,362676,623584,13,33
537268,677807,799624,837002,1,7
622729,879658,201078,768391,28,12
565163,756031,525302,816586,14,9
67881,507521,477361,984837,25,21
310690,581710,405056,995836,29,13
842197,874074,147659,443496,14,1
479533,619437,614459,842668,11,6
645190,757137,639300,646153,0,5
330681,942387,243595,420510,8,30
322343,391088,426845,948051,26,3
168206,807195,646277,660136,0,31
92563,872095,366654,946180,28,38
682632,845729,228021,447494,10,8
994868,997545,144870,712490,28,0
771672,983639,819339,864777,2,10
259247,653280,409070,997366,29,19
84795,364815,354726,975675,31,14
197070,882273,377624,936845,27,34
204481,564945,648606,807309,7,18
270527,409555,124138,893672,38,6
709311,894965,304689,613924,15,9
626259,821067,110420,347311,11,9
850209,937275,68098,987670,45,4
312012,920815,71087,967565,44,30
24753,419048,385072,779967,19,19
88510,173053,832398,946013,5,4
125385,662499,1032,975774,48,26
37104,873191,235276,928697,34,41
5713,940331,228399,644420,20,46
586994,595132,538209,888829,17,0
399539,908059,28631,952451,46,25
852183,952011,139769,933729,39,4
119471,772957,255455,499635,12,32
206320,999607,588905,840302,12,39
294972,330426,90856,938460,42,1
782,174301,302893,609928,15,8
181719,959914,434055,804592,18,38
137382,977904,72858,938325,43,42
42582,541290,626685,926650,14,24
69117,348902,236723,974635,36,13
258208,978472,455654,711830,12,36
176298,527958,17042,580511,28,17
255605,998741,63527,715627,32,37
461379,781245,47422,879602,41,15
287902,471359,50685,628209,28,9
3468,291259,20551,546461,26,14
638049,754484,499367,899478,20,5
90256,827667,582045,602871,1,36
124372,306641,166161,497656,16,9
92073,966470,127104,668225,27,43
343771,901839,5534,991240,49,27
408322,494482,94926,326586,11,4
306968,835931,541021,694384,7,26
148995,830413,52080,884446,41,34
384695,442315,165054,888936,36,2
560565,969812,969647,980259,0,20
15167,994744,52983,584062,26,48
297248,924756,22246,616158,29,31
366252,594486,55779,461272,20,11
192760,974212,236301,363572,6,39
252355,735720,105423,858425,37,24
81811,953142,97443,930508,41,43
21849,807773,86532,998255,45,39
199141,724606,72268,940209,43,26
271149,722434,42372,989750,47,22
210310,456004,113751,982282,43,12
195026,684618,185301,730256,27,24
841308,977440,41096,643070,30,6
143487,665072,373057,406647,1,26
94879,413759,249435,633209,19,15
228764,346850,220513,778715,27,5
88460,892152,112914,927371,40,40
429885,580617,825445,843662,0,7
108856,121218,7086,950533,47,0
31973,969559,545349,762289,10,46
676243,677637,102550,717959,30,0
98612,562325,214108,986604,38,23
77521,992019,363102,977270,30,45
155014,769668,352990,802171,22,30
17862,985772,243454,989877,37,48
224031,669365,354119,979193,31,22
85357,331187,608442,969949,18,12
395324,965254,248513,305645,2,28
442933,872685,260349,672024,20,21
295440,944419,611103,911955,15,32
89581,128291,46209,562775,25,1
594927,783613,159881,964955,40,9
783104,943913,167036,906984,36,8
431491,732165,89164,248805,7,15
424330,668706,403839,700650,14,12
23451,995506,201405,972062,38,48
359742,617160,184134,952126,38,12
12385,961339,47831,992692,47,47
316828,701595,93959,365201,13,19
137175,995060,443098,584371,7,42
331782,915610,323078,337046,0,29
39800,531181,84217,862023,38,24
151603,749212,700119,919927,10,29
112229,979708,267587,741732,23,43
693334,946555,227373,957464,36,12
338506,834933,387879,776573,19,24
396635,773416,474217,782213,15,18
416781,480030,27217,950674,46,3
627991,824688,476850,897724,21,9
281977,687712,182771,996881,40,20
272578,907914,187076,542811,17,31
163801,539898,425384,647342,11,18
165152,955264,667783,770151,5,39
418385,613888,556588,909984,17,9
38098,992963,89960,985520,44,47
278313,647901,299539,696478,19,18
11153,906967,271710,522317,12,44
648489,870814,99041,895628,39,11
371345,781812,334843,963855,31,20
197046,837180,74809,400236,16,32
97813,421372,51962,963734,45,16
212382,933417,112955,967980,42,36
11593,57029,469298,932739,23,2
159942,915835,393103,701538,15,37
59081,989404,4083,702405,34,46
57235,837892,140148,629975,24,39
669199,886161,289798,948402,32,10
190386,504084,67187,987220,46,15
49844,600226,353867,866776,25,27
36085,355800,14038,596401,29,15
119070,902616,17495,33496,0,39
41056,634172,595984,637297,2,29
301722,916529,144683,500572,17,30
105605,969935,395933,544059,7,43
443812,961579,139981,586464,22,25
305017,550896,93055,287265,9,12
38028,715970,452056,664850,10,33
57915,533727,17459,943789,46,23
203671,586977,148546,911627,38,19
327412,894299,83600,824751,37,28
243944,398633,112678,949692,41,7
257082,936580,213663,945465,36,33
545209,719218,279011,832077,27,8
289978,908761,698084,805639,5,30
95637,866216,16045,136518,6,38
332376,355331,11964,640952,31,1
395212,729864,146137,325009,8,16
140993,637151,104265,808081,35,24
562252,993162,100963,719468,30,21
844297,951154,488480,862058,18,5
59841,647322,155139,861009,35,29
770961,941486,325530,338923,0,8
131257,525887,20151,132670,5,19
27748,817130,424514,849634,21,39
355945,961333,23442,614371,29,30
470219,594030,693863,792782,4,6
71672,391944,330378,968157,31,16
213200,960966,116015,807748,34,37
217142,894770,1228,660173,32,33
205886,974979,125726,984698,42,38
246212,868126,194771,993507,39,31
676830,823989,169165,857109,34,7
122996,985320,408375,921847,25,43
40423,762144,9820,998535,49,36
147763,579909,113633,596626,24,21
421288,679947,87937,250166,8,12
173960,503786,110233,968482,42,16
508108,854235,378544,789525,20,17
53985,989393,235474,866241,31,46
517604,524456,609488,654078,2,0
205302,908758,4303,909927,45,35
359391,929497,620977,998409,18,28
245032,508361,89877,647980,27,13
254773,712719,123891,125300,0,22
84123,952223,294342,775059,24,43
42095,799781,71099,549645,23,37
294064,987455,655341,921327,13,34
343625,582910,323687,906082,29,11
45930,700011,430529,663996,11,32
496245,548164,31622,957695,46,2
624310,663733,197167,980248,39,1
293626,748531,99763,889155,39,22
335266,866909,851785,960108,5,26
81802,276422,25142,994011,48,9
380858,950453,232086,669232,21,28
182304,401603,250915,275912,1,10
150556,570036,137124,205602,3,20
716602,956452,284608,950622,33,11
264275,921120,421701,505817,4,32
235568,923689,111794,991677,43,34
13379,990245,240677,955317,35,48
13082,948294,36854,902808,43,46
375130,869255,210236,739754,26,24
53554,672375,153001,517377,18,30
793675,925611,427421,853717,21,6
164313,931334,120093,856456,36,38
309372,501365,312819,896521,29,9
150213,432794,194749,574804,19,14
469385,706046,102333,560472,22,11
21399,995121,339198,717545,18,48
455128,585334,326565,894229,28,6
77976,908200,367334,378944,0,41
424885,979197,158307,369860,10,27
238553,247831,23550,887587,43,0
335848,996172,898334,997944,4,33
85010,749214,610018,752283,7,33
250096,962731,17787,948168,46,35
370837,916634,14815,666193,32,27
488649,768060,57,886666,44,13
469110,513869,137276,975174,41,2
29846,940393,93909,996991,45,45
249667,492887,68662,978309,45,12
8760,380603,153286,414085,13,18
116320,784572,40252,976258,46,33
655021,663592,73689,726103,32,0
198227,289936,343134,705620,18,4
366414,904667,684646,956272,13,26
734103,909579,647921,918756,13,8
160763,979741,228045,294614,3,40
126490,862139,606059,876461,13,36
42693,448633,193727,812248,30,20
472123,825608,178602,760460,29,17
34180,396136,884417,905899,1,18
110944,206641,379332,785680,20,4
282122,870798,615387,724235,5,29
489902,867030,41398,672868,31,18
53103,759975,110532,969534,42,35
506762,779514,286626,685466,19,13
22780,957593,190790,192072,0,46
84994,138778,247462,834493,29,2
291585,662375,344262,393176,2,18
47154,985354,188568,807173,30,46
477163,959597,252120,625324,18,24
716976,732117,344774,668558,16,0
428562,991699,289628,616481,16,28
567941,927461,39681,909901,43,17
479502,835294,68631,259921,9,17
315223,426988,505445,591131,4,5
79678,744767,293097,969727,33,33
471219,800929,1221,954467,47,16
26977,828766,118533,887085,38,40
159986,673111,206835,948610,37,25
26785,975066,123106,998991,43,47
539251,995818,137995,852508,35,22
285898,911163,381362,892486,25,31
476703,770681,145878,765527,30,14
17163,888145,89105,998725,45,43
64432,978103,593352,997766,20,45
846613,864397,99143,795835,34,0
177544,513753,34684,493681,22,16
757393,852534,549714,869454,15,4
22466,849890,839702,951016,5,41
9557,57259,48224,614549,28,2
70575,472018,630931,886696,12,20
2966,831852,749677,964134,10,41
130936,790015,139505,789913,32,32
196991,596060,484865,931910,22,19
660809,982872,565566,939643,18,16
84422,974500,247428,415709,8,44
523407,636104,81028,878562,39,5
573332,795258,383514,771116,19,11
152341,857128,322968,937740,30,35
583620,958825,300243,782663,24,18
610799,896490,25676,959774,46,14
377831,422357,16105,961785,47,2
639839,789685,9307,395818,19,7
104627,582848,190244,349557,7,23
644040,841686,502906,757184,12,9
15987,892222,7648,866786,42,43
148735,976130,22602,873537,42,41
293655,720380,153993,926045,38,21
140989,915433,5101,34369,1,38
11589,406481,158953,957351,39,19
37269,887098,170528,174179,0,42
216026,828480,83341,516920,21,30
217276,931837,238809,923920,34,35
181244,785504,253826,936827,34,30
376399,731987,59696,588378,26,17
107905,989662,48140,700742,32,44
592931,831779,328117,818126,24,11
190968,313867,67160,277904,10,6
216050,692062,99718,985812,44,23
129291,858426,142995,501826,17,36
19326,450421,591715,958171,18,21
140750,815234,548719,956766,20,33
22207,659620,324632,695687,18,31
119223,568134,25646,751270,36,22
139733,781630,22619,385808,18,32
167177,745278,309975,446144,6,28
214911,523821,541308,956759,20,15
279377,808819,85753,823103,36,26
15924,876399,231681,798649,28,43
499197,801393,559495,929763,18,15
96132,385959,94287,897175,40,14
333917,959763,171190,431219,13,31
241147,603888,440952,893637,22,18
594249,799074,351953,937142,29,10
339115,720879,218964,762088,27,19
91879,427053,20291,545066,26,16
343244,624315,291035,996327,35,14
306855,429155,9714,938853,46,6
224226,816716,35218,760647,36,29
546833,648573,182335,648037,23,5
266513,867919,169039,951168,39,30
179977,998880,22111,51267,1,40
485810,614023,337119,703640,18,6
90873,810122,271644,711830,22,35
191423,975548,372333,944104,28,39
549503,841668,664996,713227,2,14
168306,295756,359327,836745,23,6
292873,869376,11188,957010,47,28
329796,921671,59238,671842,30,29
91774,815419,100732,735574,31,36
115078,617163,150304,791416,32,25
33488,661102,36641,248564,10,31
201043,289297,138384,778244,31,4
153150,272939,869304,988167,5,5
69581,783911,20132,983511,48,35
268367,594188,269006,698911,21,16
161024,389068,93661,975205,44,11
290813,688006,792901,933287,7,19
156798,841033,244221,873751,31,34
131230,995234,216219,676009,22,43
278455,973156,236270,798979,28,34
328566,983622,622858,981076,17,32
432912,886384,2744,988467,49,22
46670,863495,771,544306,27,40
687782,843264,471040,844249,18,7
264480,677924,132696,968869,41,20
50187,900721,38722,354289,15,42
204306,939461,603225,604299,0,36
241205,800951,142361,553363,20,27
140191,769765,233381,307989,3,31
166908,335424,322634,847848,26,8
70029,967193,72489,429642,17,44
654299,869356,473542,762547,14,10
7191,981089,724151,749281,1,48
176862,201952,26499,789010,38,1
245113,989746,415145,660683,12,37
32910,917591,105508,806282,35,44
169147,916239,7046,972812,48,37
122,999080,617534,961035,17,49
421459,745638,162768,186031,1,16
413470,767669,57961,771066,35,17
403116,873516,209224,928012,35,23
646034,869732,337750,554612,10,11
254921,968652,172711,562378,19,35
545371,763973,631553,803419,8,10
668054,820836,446337,788291,17,7
564048,810447,480607,782280,15,12
60864,985674,14858,727416,35,46
286351,747840,212454,806513,29,23
122541,517113,286389,794422,25,19
26598,707491,503422,861805,17,34
160251,727118,116037,939654,41,28
23204,947013,802398,888402,4,46
214612,895907,302758,472708,8,34
333103,678083,29065,844362,40,17
633297,748066,51946,666022,30,5
108678,964829,110279,695356,29,42
180316,947895,97962,296195,9,38
917572,918883,387454,531222,7,0
146763,554059,251,999284,49,20
99897,983742,465836,881111,20,44
28,932135,222250,999792,38,46
526634,720598,74577,856630,39,9
663286,720707,87127,715299,31,2
731723,800515,174109,332936,7,3
73762,939968,2117,966943,48,43
665651,729959,447936,946629,24,3
193335,991416,510830,928370,20,39
200781,982129,8311,984473,48,39
231925,580411,19422,938658,45,17
41385,992971,104450,217767,5,47
214244,909394,346856,753175,20,34
86533,551071,175778,590728,20,23
358751,798759,818064,910106,4,22
175983,235282,101702,422377,16,2
154960,859356,549861,729228,8,35
132852,939575,123059,841041,35,40
53478,979653,123976,640785,25,46
69405,989753,350993,550171,9,46
725869,974126,298879,327004,1,12
5231,999413,457858,793884,16,49
37367,673373,198871,352041,7,31
683,995785,7750,962265,47,49
470934,629250,3241,996008,49,7
451662,945246,28762,898560,43,24
10910,464286,813236,947072,6,22
707286,944839,41701,810964,38,11
33487,686700,181279,957521,38,32
275231,675566,306959,809592,25,20
195095,743938,353310,901235,27,27
253708,584252,79188,672515,29,16
564095,934441,332486,667448,16,18
26975,854379,349205,499320,7,41
64291,458946,35140,596635,28,19
406900,412594,146744,584110,21,0
477295,937764,262758,485831,11,23
396954,471385,532953,925707,19,3
139616,762679,409897,651735,12,31
94315,602732,56146,685841,31,25
804303,905022,291153,964271,33,5
386675,583709,199081,749235,27,9
97006,730757,110559,952673,42,31
296940,583946,48140,910456,43,14
458920,818859,92142,838658,37,17
12426,986390,221008,831201,30,48
167588,620728,154890,535833,19,22
859529,972902,751701,873859,6,5
181693,937005,716699,913010,9,37
413941,546276,171210,527221,17,6
205020,864610,251241,885629,31,32
128744,566721,705979,817474,5,21
777083,893879,578031,749657,8,5
186912,701724,118159,722353,30,25
422905,649720,70699,973660,45,11
494713,883645,339967,595576,12,19
116758,992393,113418,652497,26,43
330162,620991,3063,980319,48,14
240402,319609,824284,869133,2,3
27027,985113,295995,770278,23,47
596821,922683,194408,994925,40,16
25713,865289,34432,650491,30,41
346365,908322,83606,938869,42,28
4,976749,16322,961143,47,48
313991,442106,80606,930461,42,6
717,416882,47626,248053,10,20
236733,895749,317560,790848,23,32
666020,778288,58620,833603,38,5
370391,962184,77359,888124,40,29
164501,965362,628,950090,47,40
244838,485922,274469,859532,29,12
324715,830093,974881,994384,0,25
290898,325039,225375,929046,35,1
50557,958429,742852,933653,9,45
58716,850871,73163,101926,1,39
138317,927713,534228,597050,3,39
356951,792097,603772,688996,4,21
289792,924047,494087,978370,24,31
611884,828793,453486,529924,3,10
372854,721788,158426,644304,24,17
571274,986577,271459,975318,35,20
141374,526333,187588,845124,32,19
176403,578220,15120,987404,48,20
225429,736238,286174,857544,28,25
216815,983597,593221,992005,19,38
170320,356265,57073,515180,22,9
58397,295346,449035,628975,8,11
98762,273254,150968,847735,34,8
67799,965027,303973,450576,7,44
282866,622979,52514,884303,41,17
90945,183154,301460,683972,19,4
31019,914530,466050,569481,5,44
306936,836551,888629,893869,0,26
304991,564823,432049,933460,25,12
30712,496828,88199,988218,45,23
366890,942540,168102,655882,24,28
83210,931585,318377,778962,23,42
337326,925692,49228,900192,42,29
37437,882844,55681,910236,42,42
311201,472003,98594,956207,42,8
35244,755517,5388,149402,7,36
279052,404803,196965,442096,12,6
183444,950443,498444,825194,16,38
104797,499762,10862,996769,49,19
115585,947762,205661,375238,8,41
307272,706284,239996,605890,18,19
58071,648885,145702,974586,41,29
40477,942766,29335,101364,3,45
45293,582772,558833,847027,14,26
245131,527290,189565,871292,34,14
488488,931731,393551,832721,21,22
189897,719334,347187,871833,26,26
798839,814843,2753,903942,45,0
246443,830236,286578,672371,19,29
27428,872505,815345,982313,8,42
201592,672201,13835,989263,48,23
299725,919335,15961,955878,46,30
420881,921388,318775,482966,8,25
343111,923098,385895,532939,7,28
726280,959830,33799,58869,1,11
497184,751036,22426,878958,42,12
105010,251571,6103,468108,23,7
281904,773240,370567,780920,20,24
635976,931827,335661,522162,9,14
100305,772309,14595,978172,48,33
59978,666874,10321,966161,47,30
144213,186649,265984,695676,21,2
4734,957493,65421,997700,46,47
164895,879062,204815,540204,16,35
53214,759454,225156,461265,11,35
285697,994185,547798,815823,13,35
349341,743974,173341,862338,34,19
25161,199984,113729,989326,43,8
565780,992393,612203,951709,16,21
63343,867861,370854,852852,24,40
79451,802274,623444,692028,3,36
143600,975091,304871,824647,25,41
362279,809043,387847,732007,17,22
73866,980592,238027,504551,13,45
10608,525961,45755,941446,44,25
499047,799818,334746,385405,2,15
490141,786939,85665,659908,28,14
46291,702993,42957,763621,36,32
439441,556999,427633,864730,21,5
588998,809197,268458,874747,30,11
801785,912059,535147,609409,3,5
320444,536325,2952,998853,49,10
420956,929530,114208,976319,43,25
247992,838750,541972,986853,22,29
889047,963061,255532,684453,21,3
91152,733625,430277,729297,14,32
26580,232977,59341,739442,34,10
80219,242478,12993,972651,47,8
215465,984014,165491,973346,40,38
84905,849949,315023,317077,0,38
512321,957127,52095,976110,46,22
33914,849608,371181,898985,26,40
451149,938403,303238,950925,32,24
154691,216859,610613,955651,17,3
952824,968471,64219,82117,0,0
123245,228209,202530,228784,1,5
32716,785756,548515,713192,8,37
186939,617886,13345,699427,34,21
356321,788258,95487,264005,8,21
84503,988623,130912,286461,7,45
381453,742396,107058,711099,30,18
78169,806110,84460,619018,26,36
59190,961177,28104,519304,24,45
734509,967858,90928,162447,3,11
177773,940875,3902,985851,49,38
793095,836828,94342,446790,17,2
424393,606453,15607,223813,10,9
103347,738554,337077,892848,27,31
128417,796226,253293,487432,11,33
136114,589618,438906,482852,2,22
367539,376506,123199,749633,31,0
72577,959416,125111,910665,39,44
741000,990975,165007,431713,13,12
11089,746089,182814,418702,11,36
99601,748723,777724,888116,5,32
258596,992805,158822,628218,23,36
62751,986561,199839,997171,39,46
16835,986452,59289,981907,46,48
218509,643459,530739,841876,15,21
84209,961772,51478,823119,38,43
145862,913130,449931,679195,11,38
268291,578648,41532,541113,24,15
125071,253838,140012,248676,5,6
21208,81651,160669,902331,37,3
746177,990930,519322,599173,3,12
863457,893513,47088,962244,45,1
199090,901030,10809,508659,24,35
547119,976562,180669,714380,26,21
19794,961394,40778,467921,21,47
15355,792303,262877,439754,8,38
26790,691765,6429,607811,30,33
192621,766683,280066,946299,33,28
408834,781287,182614,378276,9,18
69962,786297,2803,632059,31,35
21675,288777,628272,903920,13,13
795413,959232,433152,910001,23,8
602215,953549,861594,905338,2,17
442093,784173,233771,834035,30,17
289104,611299,67367,944877,43,16
27462,988333,114669,965606,42,48
276828,659732,118920,752846,31,19
1033,896069,643299,736671,4,44
593056,626560,626922,789191,8,1
174650,573244,314811,398844,4,19
95543,828807,62903,937817,43,36
9819,938508,292762,517764,11,46
312405,944774,94143,658946,28,31
1152,992212,625788,715176,4,49
556345,985138,37597,986675,47,21
2545,990990,71825,133422,3,49
400274,710671,48115,502254,22,15
239587,771994,11002,991901,49,26
16715,894406,615649,847562,11,43
121073,706168,778351,937761,7,29
98274,807840,51977,650511,29,35
24863,201357,4796,994515,49,8
515352,687079,778747,918533,6,8
388338,645980,204835,664787,22,12
32234,980840,667493,993997,16,47
323820,782840,648898,965621,15,22
274176,997327,427090,832865,20,36
110124,960602,558836,777573,10,42
237312,497993,403987,726884,16,13
10913,660115,168579,859305,34,32
8977,948117,78658,724441,32,46
356051,779185,126738,571777,22,21
312831,801144,371156,605407,11,24
414174,530674,50653,912643,43,5
165305,480794,53047,87180,1,15
143273,887685,275996,423112,7,37
371153,608049,243479,675914,21,11
60516,886108,22657,952953,46,41
45219,354492,25492,31095,0,15
898861,922414,553965,896846,17,1
40754,556146,483663,690459,10,25
541436,730087,690751,729521,1,9
41017,825766,355135,893407,26,39
44133,628620,585609,917775,16,29
263757,634274,4840,929215,46,18
187789,252116,177428,475195,14,3
356993,766856,287622,972510,34,20
289133,359496,54695,873310,40,3
575215,717679,161441,601913,22,7
29333,577763,877858,937249,2,27
155052,645467,77028,90752,0,24
484036,527980,82136,330288,12,2
64073,927675,153380,970701,40,43
548366,607368,665882,827102,8,2
885952,985739,350403,638796,14,4
598060,680212,140296,689988,27,4
21454,935453,407799,632511,11,45
6161,982937,311697,779976,23,48
245285,628300,558368,984794,21,19
237597,627764,311690,648640,16,19
45897,459956,234590,708967,23,20
28125,991121,326892,869262,27,48
449545,630028,240880,502405,13,9
335622,471341,537290,956746,20,6
341011,419151,50618,882805,41,3
281575,434655,29408,959869,46,7
166499,860197,11627,793782,39,34
251385,795606,287960,819203,26,27
86889,764687,26171,915425,44,33
66122,853532,265016,438816,8,39
370028,867591,160552,955372,39,24
45636,911670,89521,888625,39,43
882708,928400,525601,673004,7,2
105350,866662,263431,972832,35,38
64621,722398,2340,782480,39,32
71376,946440,338619,723352,19,43
147518,988848,450858,476164,1,42
274159,991339,541122,750426,10,35
497808,825880,37093,647201,30,16
49121,981885,406163,742328,16,46
375023,952485,174689,621577,22,28
25590,153118,470894,666405,9,6
124476,516533,459534,590065,6,19
307621,530588,131647,993140,43,11
771654,813278,201389,966781,38,2
466448,814277,128682,331286,10,17
176469,951236,147345,986007,41,38
92351,981146,175152,414338,11,44
309341,966113,440559,441685,0,32
1069,998749,42104,183303,7,49
55041,707046,23947,552114,26,32
26095,441605,197299,677510,24,20
591088,778422,346048,865890,25,9
41513,987501,117112,676467,27,47
9883,435534,5232,246153,12,21
292730,829648,65825,982421,45,26
30927,990075,15048,799627,39,47
704625,705039,965164,995075,1,0
445886,853811,89489,956655,43,20
250859,329181,723676,945796,11,3
202490,528843,51100,745171,34,16
739904,960865,179711,499556,15,11
750709,874809,202342,590134,19,6
395951,734499,31324,916417,44,16
53666,936931,128640,644942,25,44
396527,620936,628860,913016,14,11
60279,898032,655147,976128,16,41
71461,480909,541995,867565,16,20
514599,884854,462961,565854,5,18
46221,991482,300025,970421,33,47
339793,916119,67105,877368,40,28
498189,868929,58352,963443,45,18
106999,903864,30110,258272,11,39
153357,977559,455923,904265,22,41
192432,680674,292834,623596,16,24
218242,512515,839699,878907,1,14
71681,634030,100996,972882,43,28
214007,998804,260729,447776,9,39
27253,591993,302418,894596,29,28
59209,656971,260652,813512,27,29
207509,971781,98104,959117,43,38
210936,977848,207501,979164,38,38
58121,873265,53848,903934,42,40
186053,847410,180374,347189,8,33
139333,927699,31582,723717,34,39
271879,974624,59211,725410,33,35
401080,695174,670234,930641,13,14
194926,253004,62276,193013,6,2
445669,722147,293648,307638,0,13
761325,885582,414897,745602,16,6
347784,643122,55972,965386,45,14
286355,763623,340700,378721,1,23
124308,686626,122420,819768,34,28
716989,811806,61237,864727,40,4
849660,858036,37653,780354,37,0
163784,597783,100078,250408,7,21
312748,992791,185786,870817,34,34
496184,956496,114584,505975,19,23
72684,556643,225866,390511,8,24
133942,222912,661774,720187,2,4
568106,608551,51017,797564,37,2
34076,721633,571797,853197,14,34
629282,895705,214214,633871,20,13
113330,728137,236139,707328,23,30
11830,959749,814226,994073,8,47
69589,641057,86034,976243,44,28
269572,413928,284716,912837,31,7
64241,998348,24242,906099,44,46
603021,943203,185816,975058,39,17
435917,962586,241128,880829,31,26
308277,750647,371666,779560,20,22
479630,573874,132740,411062,13,4
269945,337202,215262,677905,23,3
79434,195936,349484,887588,26,5
667244,926885,250415,473382,11,12
447085,826383,1246,999274,49,18
193820,603512,795916,828313,1,20
10241,740869,57097,724118,33,36
593780,899597,179072,680651,25,15
174792,693882,186579,427716,12,25
98013,713007,44448,187532,7,30
216656,922255,763756,899840,6,35
419001,801453,117545,828015,35,19
415915,613679,4974,995893,49,9
37047,925844,4024,744707,37,44
201433,481639,42889,925316,44,14
51871,826049,446747,655591,10,38
52518,957280,15987,338319,16,45
80192,982517,222068,947815,36,45
290607,322462,454889,577267,6,1
57932,902080,503881,932849,21,42
362876,383786,322231,875537,27,1
122691,960469,241663,713117,23,41
16259,194460,121720,909301,39,8
576687,887864,616519,839913,11,15
132225,977463,256508,700794,22,42
47101,904800,365983,692112,16,42
22605,958586,262659,383475,6,46
370831,991407,50525,883199,41,31
48622,488936,120963,779169,32,22
301667,463037,105757,943767,41,8
544440,573674,179756,985919,40,1
644587,695753,301316,945747,32,2
202364,672147,558178,862540,15,23
18731,890948,608428,702065,4,43
32108,669228,568221,673754,5,31
347692,634109,1367,981598,49,14
87207,535784,447914,672454,11,22
34204,243659,472644,924300,22,10
106812,635149,135151,854977,35,26
163215,929144,582539,676142,4,38
205794,871560,271949,611884,16,33
873832,891644,10056,988177,48,0
208076,508780,54637,838383,39,15
532811,620437,75585,914701,41,4
792108,947311,176357,938543,38,7
162119,599069,90954,931619,42,21
80756,993963,12107,954177,47,45
366700,883692,451191,952049,25,25
93295,489613,600692,906133,15,19
641940,940438,56593,274160,10,14
345179,979433,170473,589764,20,31
13592,993883,148459,178555,1,49
480165,713037,431596,982291,27,11
48894,949831,67774,879136,40,45
390,288427,128758,474183,17,14
861757,969263,3296,999500,49,5
680766,815380,221561,942372,36,6
114860,952920,105870,588596,24,41
236055,920793,33343,704642,33,34
166530,789135,19946,998678,48,31
117673,958812,1048,997622,49,42
521022,746511,49439,571122,26,11
352987,923551,537351,547389,0,28
23130,390928,132855,898386,38,18
237600,535137,81628,881072,39,14
30435,413174,17678,970109,47,19
46014,917453,87037,162267,3,43
137815,982733,98288,485670,19,42
136937,677738,30799,924638,44,27
42379,915628,167992,488874,16,43
64257,784237,476134,518573,2,35
335243,954661,952849,967932,0,30
245465,791144,289600,978290,34,27
540471,851527,328576,874843,27,15
46028,141884,99462,986133,44,4
646391,784971,697103,985754,14,6
752782,801966,234889,437919,10,2
57222,614668,200514,357976,7,27
242912,401441,36168,898247,43,7
101067,717426,264183,394762,6,30
122490,843814,205804,512403,15,36
728036,908551,67726,922512,42,9
28905,725842,30483,977565,47,34
3822,470740,209694,695241,24,23
32509,976724,924897,962090,1,47
45364,814823,100908,724666,31,38
92016,943099,168614,825938,32,42
61512,650914,309279,886659,28,29
284771,519928,20,997963,49,11
34278,890631,302569,489700,9,42
513112,590684,487222,671420,9,3
363221,912606,29815,953121,46,27
178127,971978,85910,705073,30,39
33251,938532,373766,941585,28,45
130749,749672,667420,996842,16,30
90464,982209,233305,834549,30,44
447653,577040,103167,764843,33,6
341703,627289,82701,304499,11,14
297781,825699,346003,986885,32,26
87430,822663,260061,913670,32,36
18832,82044,80398,196063,5,3
321347,526544,126578,902299,38,10
882846,913184,66990,949967,44,1
866125,887271,126988,612829,24,1
525440,582606,847275,859915,0,2
44710,991114,489105,546484,2,47
18176,622855,401834,497624,4,30
383951,894916,926695,994401,3,25
45342,714628,202274,905934,35,33
504052,971160,139271,980061,42,23
169465,555196,88685,127123,1,19
36934,505184,413810,707639,14,23
77241,785785,357328,436209,3,35
665882,932316,206250,310026,5,13
169158,590109,360402,993675,31,21
194614,272772,37103,946572,45,3
208403,944132,70786,863759,39,36
50511,997770,112529,954449,42,47
144657,446439,221606,849284,31,15
191255,923263,40755,971306,46,36
586892,998875,434586,605957,8,20
5300,554131,488843,869550,19,27
471680,543800,287651,689391,20,3
28300,928916,798,987226,49,45
508789,651275,777861,898597,6,7
11022,256868,164831,803369,31,12
238731,851565,430644,746398,15,30
4855,863379,83753,971895,44,42
32822,944038,726056,972794,12,45
72836,996615,848545,893474,2,46
120868,939574,654665,735404,4,40
259445,884016,43693,656628,30,31
7897,946603,60056,542959,24,46
201154,916945,169776,964556,39,35
87118,583715,381697,642198,13,24
445866,981158,329230,788453,22,26
112715,970072,625344,896048,13,42
174070,978215,178124,394407,10,40
14005,954832,22357,609298,29,47
674734,743689,1294,998401,49,3
736040,781580,272250,363548,4,2
639267,970168,357611,820027,23,16
101305,887561,150587,956186,40,39
455918,630579,474410,795898,16,8
23332,871892,85838,989358,45,42
137081,914204,426277,888389,23,38
256985,804561,818280,940074,6,27
95884,135828,102397,129388,1,1
143830,947105,379616,991280,30,40
336372,981879,25148,603606,28,32
180444,936524,794386,811339,0,37
230653,870958,228147,776575,27,32
161223,632583,671121,754505,4,23
202585,947394,423485,966226,27,37
159000,452360,22054,461815,21,14
610283,909330,155576,811615,32,14
282099,722853,118942,989821,43,22
280717,908513,118558,145832,1,31
68235,937644,198758,904387,35,43
121643,922941,621723,818230,9,40
673369,993946,34763,958129,46,16
849759,904234,22636,328162,15,2
350443,675255,200524,963612,38,16
81356,556990,171256,638331,23,23
609518,640036,258304,874909,30,1
196127,757089,317697,424573,5,28
293930,937963,89703,993942,45,32
247489,740758,444278,934910,24,24
166559,973591,936629,944602,0,40
36019,523389,9460,898249,44,24
243815,928995,8177,527024,25,34
43219,156238,469890,914489,22,5
390076,818651,124618,949382,41,21
271932,931897,24729,466522,22,32
71191,859923,74608,536283,23,39
126238,849292,34027,987111,47,36
75148,892830,61887,964382,45,40
763088,862417,77018,96371,0,4
12675,587523,13127,241849,11,28
269542,728532,46108,892062,42,22
694447,868547,494413,915060,21,8
167203,982780,170432,592299,21,40
473150,994073,262944,957241,34,26
636624,767472,489226,547708,2,6
551352,584981,364008,628459,13,1
6684,436651,384558,665340,14,21
263015,992496,47534,601243,27,36
309283,674116,291646,976371,34,18
99023,825536,19486,992886,48,36
285285,817407,523686,765456,12,26
205948,896742,26748,963520,46,34
18342,983087,216527,867866,32,48
476160,826078,684072,948121,13,17
403281,747216,217848,364312,7,17
400934,453502,4280,974414,48,2
702478,861563,769051,929382,8,7
123565,744801,195611,951929,37,31
462914,592067,741365,916411,8,6
69749,498742,105084,541445,21,21
374454,530737,173109,369051,9,7
411706,890617,81402,90238,0,23
43040,966790,9062,938125,46,46
367944,821081,99999,788303,34,22
192131,690472,23249,746476,36,24
657062,993496,79802,582173,25,16
164532,399668,14217,983294,48,11
212459,788420,72819,485335,20,28
197784,543176,246524,411818,8,17
141519,984463,780444,899476,5,42
414835,627735,238943,946449,35,10
472392,852992,75339,964304,44,19
227123,558506,75170,898147,41,16
654112,900225,138960,787827,32,12
94424,995930,312132,745014,21,45
56782,992605,293545,664445,18,46
111210,730111,29796,997278,48,30
426891,750167,133582,889010,37,16
560281,638565,14639,642819,31,3
842317,886994,161178,573141,20,2
10960,604646,58245,402744,17,29
174054,960305,87816,876599,39,39
854072,990151,76629,773965,34,6
81500,998843,528743,980820,22,45
429610,439715,312244,854086,27,0
610424,905520,392893,406606,0,14
363709,831056,96912,712450,30,23
763072,815505,699376,737285,1,2
68436,191942,925317,987960,3,6
29188,673212,300900,977606,33,32
192444,360359,76768,691649,30,8
356420,869646,314017,778177,23,25
530618,733310,171062,697122,26,10
141281,467547,516806,920912,20,16
741260,757297,24496,499945,23,0
105102,645619,147861,758431,30,27
930613,951782,537826,956971,20,1
203482,996125,96225,654655,27,39
76858,860582,814,999499,49,39
685086,781825,155023,851111,34,4
517354,751865,723766,917689,9,11
473022,985079,383560,502353,5,25
186811,590241,213603,767294,27,20
769877,901285,17778,988044,48,6
104999,541989,72074,740437,33,21
46890,988353,520774,787603,13,47
140591,945398,5602,484308,23,40
18656,992020,704512,845676,7,48
56499,965539,165447,819206,32,45
452819,770472,238860,491027,12,15
28571,514861,97279,661999,28,24
167416,343792,370245,990271,31,8
659693,708827,127217,977665,42,2
48240,893612,1533,238431,11,42
279640,826846,58189,519087,23,27
300632,591037,653557,817547,8,14
348252,415901,13365,786544,38,3
341967,465345,109975,744095,31,6
61796,966526,348980,527187,8,45
15941,351861,115112,390882,13,16
680243,726805,50918,653832,30,2
33850,873921,392854,766996,18,42
14115,991807,170775,571937,20,48
262541,883696,57218,961433,45,31
423592,734550,59289,950910,44,15
69588,984226,974533,997049,1,45
39044,134764,294804,445897,7,4
194043,318120,113286,378018,13,6
3317,986498,94284,650125,27,49
370031,481826,38787,925963,44,5
132419,933124,34185,964148,46,40
612025,650587,92995,480656,19,1
228820,983111,150436,958373,40,37
31217,996267,4302,971690,48,48
14684,901854,151621,791178,31,44
22909,939211,184691,275066,4,45
120999,767859,284547,893452,30,32
266793,687412,324745,906197,29,21
562795,720619,7674,981865,48,7
65213,993239,20902,832905,40,46
24021,769329,10008,330379,16,37
451069,548952,422770,625848,10,4
602268,890987,184531,519754,16,14
334220,771438,50038,937345,44,21
3253,893223,179295,394792,10,44
6584,997532,107143,718560,30,49
614773,745626,468943,626350,7,6
31597,797475,147944,841244,34,38
116209,764162,44108,860616,40,32
65491,656898,117630,771185,32,29
104178,938580,110697,846804,36,41
362322,415651,10933,715402,35,2
67229,154985,101292,860748,37,4
65083,881557,338710,486442,7,40
207868,535888,435968,579427,7,16
86386,675420,562658,598442,1,29
169552,599957,195387,540824,17,21
53021,755632,68507,901958,41,35
285235,463884,23907,924125,45,8
314806,590409,260721,321974,3,13
323761,944919,570560,872569,15,31
10210,728876,7496,997394,49,35
61060,896640,490349,927841,21,41
33786,955416,18292,968668,47,46
569660,782056,108687,937095,41,10
59438,996576,698153,735991,1,46
436895,845101,648,521826,26,20
30756,931253,904338,956744,2,45
100788,958229,56351,880148,41,42
734257,754799,4873,991929,49,1
295456,586984,437859,747525,15,14
208991,532808,291638,341729,2,16
189585,733616,73458,983917,45,27
565349,586691,358390,835315,23,1
310743,848972,301053,431069,6,26
611806,638740,602123,860531,12,1
215350,681820,24817,836383,40,23
304145,407496,288573,793385,25,5
228507,489739,89905,252167,8,13
503407,878438,95547,923823,41,18
435504,961255,199606,387948,9,26
198617,978794,81970,930709,42,39
708271,893017,485491,979759,24,9
100287,120879,76854,530437,22,1
18026,600770,69336,166138,4,29
28809,597211,780493,962047,9,28
594227,850174,51001,661560,30,12
273683,998477,93298,181324,4,36
272257,595884,704459,709698,0,16
394342,443633,11552,284399,13,2
333630,582874,35705,974708,46,12
232809,916204,36460,480618,22,34
148171,616164,11982,762535,37,23
221714,807945,74597,761247,34,29
172619,689340,692439,779533,4,25
100130,426765,202744,770021,28,16
32381,204286,220093,794824,28,8
449723,966055,531067,851477,16,25
279579,696032,90178,988673,44,20
143392,315200,518158,878134,17,8
208744,871197,117941,162290,2,33
169499,816244,679,489237,24,32
27756,835159,185769,750459,28,40
273953,426307,49678,728541,33,7
69616,985017,625005,989216,18,45
27733,354689,662716,799022,6,16
79485,975647,289423,653756,18,44
318869,993796,33559,826552,39,33
168368,998690,261441,847798,29,41
197086,833912,213482,857889,32,31
431813,869272,4982,993854,49,21
63705,423911,458600,861377,20,18
574425,917128,193089,503884,15,17
46243,704350,24938,994332,48,32
134187,934422,375357,494152,5,40
417462,683631,10712,853322,42,13
60874,664948,128778,621221,24,30
29411,997730,347480,856343,25,48
343948,520844,83758,898911,40,8
421717,831659,319907,990846,33,20
103061,842782,135626,883514,37,36
562265,966308,154598,732550,28,20
531921,655151,1274,983398,49,6
1556,982269,178589,812943,31,49
203250,900405,425110,734941,15,34
3136,994289,138943,962715,41,49
242511,321649,60837,841539,39,3
517419,987037,546818,671435,6,23
94349,508633,1347,956249,47,20
283166,777742,221995,812827,29,24
18949,29831,175264,349530,8,0
25545,914472,111262,804791,34,44
1879,968514,109719,797605,34,48
134100,713460,178800,569411,19,28
9186,925033,252587,269241,0,45
48540,299739,633245,634823,0,12
130772,643322,68022,787879,35,25
545619,863220,561903,654294,4,15
16619,769698,32843,665483,31,37
115943,473705,421313,779711,17,17
407655,543091,91503,961845,43,6
55960,410859,132312,593534,23,17
73836,624655,725711,727411,0,27
455158,678816,235542,959633,36,11
196560,748381,233789,720250,24,27
116801,974746,164650,796098,31,42
109629,695659,263663,534321,13,29
10273,996415,89131,966319,43,49
204668,675075,227445,686051,22,23
55427,770603,103158,993937,44,35
148396,969221,280514,936986,32,41
528293,627155,63607,833934,38,4
83277,796378,269105,412352,7,35
152639,901719,42873,280113,11,37
651610,916659,221651,838208,30,13
34084,998594,468518,858334,19,48
23917,991477,237072,693033,22,48
106607,776299,215025,838233,31,33
363991,592440,243222,563723,16,11
21489,995953,158509,949411,39,48
108407,913502,499816,670319,8,40
368,985861,2754,584020,29,49
905882,982758,93375,798780,35,3
119682,597452,465706,795863,16,23
122070,885131,44233,654546,30,38
115167,998608,37425,986924,47,44
34189,52371,19045,956874,46,0
20520,280206,420821,900560,23,12
153194,832640,34090,562848,26,33
52416,987253,49927,649796,29,46
444058,671237,37978,979538,47,11
186059,484603,448863,928522,23,14
238610,431576,301802,923067,31,9
771051,800170,68842,889160,41,1
705594,843073,139338,445576,15,6
143668,692761,225511,548693,16,27
70044,686095,9148,999135,49,30
86468,950014,46437,982178,46,43
17826,752535,103127,599830,24,36
285774,794344,195401,571783,18,25
85553,792157,227640,602663,18,35
8896,975775,680,887478,44,48
804429,850111,428457,610842,9,2
64186,628602,719067,891350,8,28
181279,895284,338474,342227,0,35
180880,531645,102550,123388,1,17
22824,968471,283,960407,48,47
300529,956929,67550,998713,46,32
541862,928781,103252,703758,30,19
422462,899036,110727,973423,43,23
690227,995855,287152,900221,30,15
183531,714890,2340,766278,38,26
557974,978833,142874,801543,32,21
108802,879622,652334,807290,7,38
29027,991863,301240,925813,31,48
160412,475039,45305,341923,14,15
123421,834441,28572,502201,23,35
378958,586414,126814,908889,39,10
370463,795051,216278,402347,9,21
96498,920122,278223,997528,35,41
111530,815066,234649,322298,4,35
60632,580585,513700,783870,13,25
116087,757497,813310,886236,3,32
204386,447518,617,710726,35,12
279532,517969,279399,437580,7,11
132456,137130,159739,379230,10,0
127444,924901,17732,70988,2,39
36401,702553,244321,754297,25,33
225199,690222,87149,609636,26,23
507760,902924,17606,991597,48,19
529723,747338,209973,476127,13,10
46567,880992,125355,867909,37,41
234130,895750,195402,548010,17,33
132263,415069,220109,803510,29,14
66124,390940,215008,409382,9,16
87810,973970,279162,313233,1,44
43165,377965,14553,496093,24,16
386746,712350,438032,660529,11,16
142518,729951,802,999045,49,29
17184,762804,245430,862479,30,37
10477,710978,345671,384620,1,35
390431,908425,55274,536772,24,25
28763,421181,239329,904967,33,19
323129,489315,799750,971526,8,8
354302,561409,156320,962745,40,10
318571,588645,541749,628630,4,13
18435,973860,557851,758207,10,47
132864,597477,138577,762517,31,23
688359,762759,15718,962656,47,3
114340,657412,8061,273047,13,27
348211,751956,59505,245189,9,20
331215,536008,489220,906093,20,10
446254,899755,204009,976628,38,22
671092,784992,377255,945843,28,5
75850,992993,68380,936569,43,45
134104,606737,82768,911353,41,23
153633,964630,222488,541584,15,40
79522,606436,45710,641016,29,26
103227,938566,22488,906172,44,41
179187,634500,215749,714957,24,22
120690,812100,221064,949470,36,34
16171,979761,35831,42268,0,48
414213,576152,242463,479875,11,8
376736,769281,259532,557011,14,19
683023,956757,126694,766340,31,13
394182,952502,535099,707915,8,27
497547,905182,9276,453867,22,20
155473,759088,313731,693796,19,30
154857,620275,635645,703881,3,23
291318,972595,834641,929736,4,34
172047,775720,457690,971232,25,30
733386,882013,444883,977606,26,7
166703,997246,62391,859409,39,41
178026,489738,14762,720603,35,15
620105,893942,514432,653974,6,13
424391,583339,415038,980200,28,7
569697,857549,632264,720033,4,14
191155,788402,124357,713270,29,29
70344,320528,256198,396855,7,12
313612,774385,514687,794326,13,23
599072,922450,183,64387,3,16
157778,833987,141565,991689,42,33
79390,274069,135758,608818,23,9
162398,946782,77457,783857,35,39
166922,994208,90212,641791,27,41
65200,549049,104,999954,49,24
194486,998090,266601,497768,11,40
6860,946345,567699,911715,17,46
97356,647681,79219,842441,38,27
509657,795703,162024,883698,36,14
25319,918266,30442,479952,22,44
105669,557136,896949,958062,3,22
671035,766416,23699,998519,48,4
78320,462553,71901,596494,26,19
68062,928574,102895,778209,33,43
357657,439074,216242,948142,36,4
9322,997439,40796,729365,34,49
137750,639184,42080,958573,45,25
71814,944511,57311,702281,32,43
306128,413261,155306,869532,35,5
112704,870518,74085,992204,45,37
23177,969498,140046,230700,4,47
17507,516639,181632,613047,21,24
155756,679418,2814,429737,21,26
20006,761758,148538,943319,39,37
639860,884761,319450,998296,33,12
203969,795984,37075,819317,39,29
15426,873617,120647,738167,30,42
638023,832907,44984,922446,43,9
596815,982105,19347,950692,46,19
1779,601421,321217,803042,24,29
507921,942134,252764,816979,28,21
733313,836444,34160,791483,37,5
325305,752070,159744,623361,23,21
44398,336271,526104,969025,22,14
557638,999808,371194,664549,14,22
897510,991660,291095,818250,26,4
168993,973939,176900,836201,32,40
31922,866652,191,992765,49,41
457203,461946,256852,509384,12,0
118579,917838,231402,900272,33,39
115827,969230,210041,507979,14,42
301869,919749,309931,950015,32,30
52034,924591,310996,722331,20,43
745501,832672,230560,482887,12,4
34100,892642,32441,984153,47,42
185235,314169,727944,742468,0,6
431281,448433,119998,572195,22,0
30659,990320,129868,844585,35,47
115798,207925,7985,936283,46,4
2492,997329,134196,856937,36,49
53771,653924,28571,757057,36,30
201940,983085,270032,773130,25,39
696072,936856,562291,892506,16,12
51425,975120,385973,669699,14,46
29691,927011,194534,715595,26,44
322424,684574,32198,739460,35,18
94887,875314,36369,434593,19,39
150123,745848,52380,562880,25,29
159396,815703,69909,968888,44,32
1230,994380,220458,660131,21,49
634900,979313,6246,902896,44,17
815996,851625,121914,999845,43,1
67166,992213,712961,865174,7,46
794136,861217,370388,633875,13,3
106774,865008,197146,958773,38,37
480018,730795,17767,717250,34,12
143967,861771,487331,897305,20,35
432693,484526,18705,398059,18,2
649670,802975,460576,968337,25,7
494532,587859,644660,677040,1,4
74204,893667,102686,896052,39,40
379812,926008,41877,876439,41,27
100812,728372,83280,954036,43,31
143206,256139,559772,946800,19,5
626,799559,783497,882340,4,39
440238,964456,363966,964019,30,26
263003,832235,366951,876276,25,28
66826,614919,258758,506034,12,27
150022,742699,452703,914534,23,29
28248,985392,29764,636602,30,47
50303,163262,557682,614027,2,5
462104,671965,72816,938700,43,10
694136,927410,206007,673040,23,11
181433,306038,70641,662733,29,6
397965,399993,68925,553233,24,0
926589,951174,408965,944190,26,1
368879,867737,102706,548916,22,24
157084,796776,350535,885676,26,31
489310,910712,685447,738615,2,21
12170,535149,224902,791171,28,26
264200,593931,428035,986977,27,16
137276,949393,16548,877365,43,40
343282,427583,96391,216395,6,4
304819,584784,512002,539882,1,13
433233,724036,606,826985,41,14
329646,424164,84846,674242,29,4
10577,993294,551167,683565,6,49
498161,631939,689337,826269,6,6
514313,983860,219267,761252,27,23
92009,622621,93549,189492,4,26
19919,737942,503824,810254,15,35
362928,805874,249228,269524,1,22
32057,730743,21326,635083,30,34
49301,158603,125627,959649,41,5
21961,224730,409109,975348,28,10
229831,437640,20269,957464,46,10
65236,791311,8295,717102,35,36
169203,867098,71206,988504,45,34
52740,92162,23407,953098,46,1
479,827091,326649,998688,33,41
507570,698510,672893,770200,4,9
166677,985580,4294,994550,49,40
180986,547019,406821,909479,25,18
503,993801,16828,661941,32,49
477743,936038,96901,764165,33,22
91090,676691,118390,881702,38,29
669330,987235,848319,976869,6,15
133733,290349,222785,638900,20,7
16075,861834,35745,745206,35,42
152571,327266,83259,144937,3,8
122731,172035,7749,560539,27,2
57463,782826,381199,434295,2,36
434230,839960,211283,603206,19,20
524882,817045,257217,399926,7,14
251329,933202,654422,681288,1,34
108850,937680,337195,910845,28,41
200233,650282,35047,280800,12,22
222823,858047,242963,432153,9,31
376528,791028,202179,991153,39,20
601811,937220,42870,832793,39,16
467361,538747,413602,973597,27,3
78065,961572,50836,884311,41,44
331340,544666,183017,815341,31,10
34790,948727,309187,821287,25,45
411998,708807,111181,954712,42,14
226810,958375,78916,983695,45,36
183772,899584,346153,892166,27,35
116542,916562,516068,806674,14,40
646980,743506,14620,689343,33,4
40041,980506,217163,951367,36,47
439567,449282,19651,134019,5,0
33233,698638,51658,191584,6,33
30812,985183,476979,722828,12,47
334801,711603,252374,615583,18,18
294237,985890,6246,852044,42,34
221745,974916,59820,510331,22,37
145584,744471,326890,398436,3,29
7228,956597,151319,603109,22,47
451538,544198,377992,839822,23,4
722264,935069,121745,505382,19,10
463125,805743,133956,379673,12,17
127330,993665,586265,899547,15,43
561758,978221,610332,754579,7,20
153223,986058,523119,753742,11,41
360873,736168,322982,754859,21,18
200974,944497,382166,821980,21,37
205198,854073,601305,879011,13,32
85945,524897,376,969228,48,21
311886,637172,150581,436791,14,16
677012,809996,348597,863854,25,6
81709,959512,159383,510983,17,43
237755,731454,298581,438279,6,24
660857,876304,53987,902233,42,10
65594,931056,510748,879222,18,43
136618,211566,540483,602862,3,3
128819,831492,21085,835664,40,35
158350,930986,113056,998178,44,38
372645,679339,130471,829334,34,15
96061,807554,351778,709505,17,35
49784,848188,249458,390643,7,39
17856,690004,89719,675758,29,33
40045,408882,364211,382762,0,18
236729,994089,370593,722566,17,37
381497,644298,139903,293330,7,13
296732,981995,557349,918796,18,34
47597,981681,388640,951626,28,46
44889,216745,624772,766380,7,8
64076,928194,209411,222070,0,43
75337,564493,87111,779009,34,24
348106,855555,8588,593173,29,25
327327,885518,418505,998914,29,27
505844,906616,373972,461470,4,20
366491,577860,659620,764361,5,10
268601,853090,8081,978815,48,29
329742,933366,39444,113385,3,30
543746,603985,515933,524678,0,3
880330,984383,241670,934178,34,5
111422,753627,164185,882795,35,32
185043,579031,163223,565734,20,19
489125,918705,56787,985814,46,21
21529,95316,230358,908492,33,3
26002,699672,193945,886989,34,33
2949,989718,361279,545307,9,49
184003,403168,692955,908481,10,10
511444,875354,365434,965281,29,18
886711,989453,214260,842666,31,5
49036,870621,297156,570730,13,41
49215,936090,220103,955606,36,44
1508,994982,218186,427237,10,49
819579,973284,33818,752294,35,7
205853,901069,19469,830621,40,34
87248,869360,365438,631155,13,39
69356,955557,129085,980943,42,44
60565,682446,56966,831328,38,31
472092,651691,315207,365055,2,8
249799,769020,42441,807270,38,25
21294,997385,363326,541325,8,48
174239,746081,17354,721939,35,28
209664,976040,366339,791222,21,38
178978,939581,12118,453366,22,38
375961,548616,198307,855630,32,8
173424,674410,286193,434156,7,25
26060,626518,107139,370834,13,30
152488,840834,122342,823535,35,34
7812,959979,139485,828084,34,47
33618,622437,678764,850408,8,29
56030,694616,101502,534967,21,31
226332,876275,238317,389946,7,32
116407,466787,10003,997315,49,17
298091,668607,124635,987201,43,18
27335,803102,662104,980229,15,38
194422,862995,4078,291201,14,33
684586,703974,41151,871661,41,0
429335,965982,440078,619602,8,26
376112,509813,71388,869281,39,6
222336,296495,78100,671738,29,3
117257,310960,113327,524274,20,9
1344,672604,552670,976677,21,33
686226,704014,267115,587046,15,0
99317,771336,130391,671544,27,33
521979,923338,721312,991160,13,20
5128,994242,103756,992473,44,49
540326,796953,553560,690073,6,12
448764,691418,741797,835637,4,12
471889,741271,133571,572234,21,13
177885,376601,63027,975227,45,9
68938,256656,943160,952775,0,9
399254,975566,204275,470744,13,28
29829,134000,4257,928846,46,5
79904,827594,61963,934906,43,37
381722,726745,230036,886226,32,17
140173,864735,53208,502541,22,36
470281,669515,232571,872707,32,9
20287,530518,58310,598830,27,25
559686,737831,56014,979330,46,8
152066,831606,206223,220938,0,33
97387,692380,65306,824730,37,29
10853,997593,8615,54762,2,49
6639,953096,2891,993897,49,47
41339,104196,309636,390208,4,3
283990,544883,213314,411788,9,13
639127,981739,792520,793324,0,17
52436,945948,313673,975928,33,44
722646,946658,80733,837289,37,11
82766,897664,200221,478532,13,40
104385,716513,464377,994942,26,30
91997,891271,110355,988680,43,39
4908,991462,75732,998482,46,49
102932,368058,147449,452577,15,13
80791,966518,199668,672964,23,44
714862,747681,624653,776256,7,1
83196,974111,159466,973238,40,44
1808,916260,54122,743481,34,45
159478,859734,76465,579478,25,35
245208,909128,93904,994329,45,33
266295,796522,698821,749553,2,26
394822,960590,18421,933960,45,28
25764,731855,146196,725648,28,35
289489,525749,19232,674953,32,11
219664,548108,181905,855307,33,16
149379,918591,267091,369575,5,38
172255,556182,17275,248123,11,19
56638,212022,100796,890071,39,7
30077,942633,167468,712799,27,45
278462,457190,366534,862637,24,8
18395,999446,306432,320414,0,49
105176,955649,424562,478704,2,42
288347,660921,39650,884505,42,18
144139,295137,50859,137565,4,7
59387,848095,147526,889466,37,39
696208,817346,139654,783745,32,6
201664,842143,355826,414566,2,32
14196,823590,8672,753356,37,40
470675,880648,621280,668652,2,20
92647,969281,80137,764163,34,43
162164,928092,19251,998856,48,38
417323,477015,36275,913392,43,2
76460,940895,350368,547279,9,43
342941,789523,34188,610526,28,22
45011,970185,317333,751472,21,46
279245,666862,398116,613483,10,19
280353,749604,99620,277952,8,23
576495,647910,12861,872050,42,3
76973,818696,484614,780743,14,37
225148,994315,160743,447582,14,38
141315,357979,74198,811718,36,10
399365,817659,381647,974635,29,20
73093,965171,131593,994509,43,44
22220,994991,76643,943221,43,48
64063,950047,33425,953858,46,44
267983,896826,21187,905470,44,31
160286,596163,279243,402355,6,21
151993,947949,218462,996772,38,39
24832,946979,5254,988963,49,46
274267,800834,137820,888435,37,26
8997,993039,202805,871164,33,49
241784,919873,375499,857377,24,33
514844,659689,396742,543371,7,7
34807,992089,435099,822816,19,47
11779,941922,565882,643796,3,46
159576,925240,372801,964581,29,38
168593,672652,9931,988148,48,25
811063,849213,340578,999141,32,1
239343,316348,81910,943334,43,3
131602,957481,64994,147934,4,41
12273,921529,353614,648006,14,45
75528,649625,4487,996365,49,28
442538,705220,126320,609776,24,13
268,976193,6395,986721,49,48
666778,914061,331344,890327,27,12
263095,989708,111207,689826,28,36
426162,818657,111505,935011,41,19
100635,904433,155162,844691,34,40
648972,764698,4501,982853,48,5
38904,750471,33618,894256,43,35
643214,996366,80545,805566,36,17
21793,967371,197809,693306,24,47
157743,863291,803772,985621,9,35
388095,946707,55218,798237,37,27
309396,683450,421271,625648,10,18
820502,894099,314798,996385,34,3
800741,946417,61647,980093,45,7
592855,987829,446751,620464,8,19
255504,417708,33116,996720,48,8
138258,277397,436189,884785,22,6
70309,685294,262358,313010,2,30
82869,999879,206327,674800,23,45
77851,344155,14124,703267,34,13
214465,547928,69191,165107,4,16
172629,741974,3380,530088,26,28
124794,633404,358427,745942,19,25
368844,862249,19872,854067,41,24
109802,715229,279724,830318,27,30
574394,919000,687725,969409,14,17
267115,844261,175147,268492,4,28
2350,100786,125256,993622,43,4
41724,954766,259558,468581,10,45
80611,519722,511798,729236,10,21
102602,922975,672924,870733,9,41
320633,872907,11087,471036,22,27
123641,252081,13796,901791,44,6
421300,957186,308223,980834,33,26
121116,594182,14519,209517,9,23
700995,912368,679617,918249,11,10
40835,171658,107458,635033,26,6
73129,795132,155670,740212,29,36
296817,477613,609638,752173,7,9
67752,75583,297879,365386,3,0
78974,933039,169607,960663,39,42
215459,825343,46379,722895,33,30
23730,867443,286747,532512,12,42
278277,894463,678,855497,42,30
387784,885837,303280,804619,25,24
36431,733803,171259,597093,21,34
83981,804629,94180,975823,44,36
395047,884766,95827,241403,7,24
15003,968931,194225,261295,3,47
107425,850306,78494,579086,25,37
11526,876601,325081,566854,12,43
31096,605480,170154,812994,32,28
946550,991283,21273,689403,33,2
250453,940106,396621,893087,24,34
163798,735161,651230,947997,14,28
156430,337409,12443,201924,9,9
209212,265693,168936,959343,39,2
93128,944917,241552,980931,36,42
126236,878879,70,998618,49,37
1567,716727,569960,829135,12,35
31959,684250,67962,90263,1,32
373130,811227,242421,953577,35,21
936849,991025,458046,532392,3,2
120174,800123,154342,980748,41,33
418757,660666,18503,998681,49,12
210188,885536,501352,947472,22,33
188769,655083,102700,897844,39,23
124394,196491,418415,592394,8,3
853817,912894,245578,727096,24,2
566454,921297,81044,640290,27,17
656692,807122,234777,963795,36,7
391222,635815,86082,470014,19,12
24421,195339,198433,699753,25,8
4734,998298,12447,799891,39,49
150986,359335,106962,992977,44,10
39466,935023,219754,778653,27,44
9811,860861,37175,963182,46,42
377570,457507,440389,885786,22,3
109335,812350,33774,737295,35,35
474159,615549,145611,737302,29,7
7583,997220,492138,864921,18,49
164120,961467,344944,792840,22,39
589117,940361,12556,984200,48,17
68365,687527,96111,999380,45,30
78874,626456,304161,662917,17,27
404692,690214,185028,703024,25,14
833609,896883,695712,907338,10,3
77769,876514,146101,981913,41,39
666092,765004,657840,748577,4,4
3477,987507,213481,916850,35,49
513294,717558,349361,430170,4,10
66868,843124,284107,843729,27,38
579979,834789,46359,90125,2,12
43316,862257,33378,996375,48,40
25664,878330,1090,980633,48,42
616602,801152,69852,768734,34,9
281061,581930,66034,740980,33,15
165007,988484,696253,977883,14,41
50423,674620,468921,525439,2,31
696238,724466,306185,877384,28,1
10489,990203,297095,487224,9,48
115278,556856,822354,965850,7,22
347479,562814,380345,532599,7,10
224455,743827,17506,816849,39,25
80635,981621,178398,849696,33,45
75763,912280,58730,926363,43,41
139396,299833,391405,842722,22,8
264400,939779,41052,984422,47,33
18139,997919,592865,876267,14,48
9618,884564,121358,151394,1,43
159186,924731,62614,981214,45,38
586895,891814,200725,973875,38,15
226604,367902,8608,955784,47,7
97814,990302,85584,133983,2,44
43719,996690,20378,934325,45,47
333326,865394,188355,973896,39,26
524679,716092,98912,995017,44,9
2988,958305,5879,164584,7,47
198111,368245,716552,743529,1,8
136315,629751,2847,951429,47,24
180170,962166,56048,939938,44,39
128390,503781,330187,881425,27,18
3907,570820,554616,869901,15,28
49117,924238,521478,798618,13,43
121755,944535,135075,521237,19,41
988,117681,331818,562285,11,5
499382,558337,35973,953777,45,2
23130,825168,186174,323049,6,40
19939,996336,110094,684545,28,48
364353,992457,667903,835605,8,31
266247,650204,7937,48763,2,19
161641,902882,121057,239807,5,37
11271,986039,126021,949318,41,48
216147,799422,199633,721495,26,29
4146,875345,99530,694901,29,43
331808,735750,50605,458203,20,20
115183,862887,452630,833136,19,37
82250,474336,116247,974104,42,19
19777,921355,143911,455973,15,45
107520,930759,83954,991941,45,41
132433,994756,760986,979747,10,43
284915,841633,23383,992467,48,27
158820,545355,73934,935228,43,19
68813,983769,35755,160503,6,45
169283,710766,155428,998860,42,27
410834,648458,613366,744814,6,11
52552,998539,160946,985915,41,47
73348,367625,41987,597595,27,14
27665,767214,380250,495156,5,36
50879,108952,51251,348353,14,2
741994,768707,655863,859157,10,1
288541,986701,93988,312152,10,34
286076,404896,260398,445385,9,5
58336,982328,140645,535997,19,46
156454,429474,636870,857218,11,13
7114,586543,46415,826382,38,28
311905,466238,99465,946204,42,7
41930,767576,64089,252205,9,36
523210,895772,4571,966892,48,18
101881,882227,333180,988562,32,39
4344,967033,63656,976861,45,48
80039,984846,238232,834787,29,45
171823,251256,356427,661020,15,3
113564,401436,367949,866476,24,14
68477,698152,678210,970034,14,31
331809,610676,273850,516791,12,13
677942,968127,41500,983892,47,14
133753,906815,23335,963858,47,38
84154,995792,194586,580648,19,45
69611,790505,527864,664478,6,36
63438,814581,348113,444990,4,37
654411,773691,52140,639500,29,5
363004,626403,424,937899,46,13
449253,880886,435547,978835,27,21
134584,700651,622586,878916,12,28
565815,728013,421677,797324,18,8
82292,668159,229428,896627,33,29
338386,960658,33406,990131,47,31
250478,661815,410606,691035,14,20
175347,821172,176865,362190,9,32
254261,814085,83748,895839,40,27
560169,788728,676186,902530,11,11
72171,735846,717862,971618,12,33
165403,183668,77789,924038,42,0
107730,639604,138135,215835,3,26
98005,827366,44840,855027,40,36
98955,441017,437405,867935,21,17
349846,843503,96605,186535,4,24
352166,986374,21631,683208,33,31
35529,999543,122021,715443,29,48
534656,884582,573943,656348,4,17
220306,407625,13194,933919,46,9
24402,766409,209610,414958,10,37
210398,650104,79750,894768,40,21
790790,861582,120676,777139,32,3
113114,810106,205635,785977,29,34
239916,248052,77099,852767,38,0
38,997822,400607,780659,19,49
617739,703735,95570,746941,32,4
358540,908968,329850,557505,11,27
402099,997266,22798,919987,44,29
453635,741219,419307,708907,14,14
138282,624915,195786,302309,5,24
331261,936914,500455,533239,1,30
817532,820267,179043,854850,33,0
73730,965902,697632,765751,3,44
608232,827294,460480,765397,15,10
74608,918904,343668,827461,24,42
47651,620588,226506,953653,36,28
159109,714815,664283,731120,3,27
486115,993267,634766,975046,17,25
465966,811837,339275,442108,5,17
25259,982701,51766,575749,26,47
521960,720195,452846,522504,3,9
18231,976192,4393,808692,40,47
317792,418661,152539,801412,32,5
64593,586244,785,826093,41,26
207108,810734,103836,977411,43,30
105271,858970,13491,948575,46,37
185443,939201,136517,983855,42,37
554483,723659,221130,613405,19,8
3324,991994,50011,950380,45,49
8440,905234,30709,613701,29,44
19905,956447,106965,361493,12,46
54355,154956,207987,704225,24,5
437173,752448,528303,640675,5,15
898800,994446,10481,966361,47,4
22538,532980,156407,994501,41,25
229850,642087,63379,831381,38,20
36853,972017,641214,920882,13,46
20133,703910,245134,986344,37,34
153243,984301,15414,991014,48,41
738885,743433,274112,651825,18,0
65962,759826,821208,874483,2,34
76933,568053,98713,939619,42,24
133098,313012,49969,152867,5,8
211928,978661,7693,282344,13,38
219177,697627,354090,786559,21,23
201823,706038,84734,930809,42,25
507999,967940,87227,899257,40,22
209354,968650,145805,812164,33,37
17918,946972,11378,848594,41,46
655870,693003,707842,825729,5,1
162888,383276,745417,843648,4,11
177037,380374,38870,980524,47,10
104066,310581,469435,828694,17,10
2160,964334,514338,821200,15,48
250113,854171,26139,805585,38,30
71858,606733,24098,429905,20,26
779090,891825,517987,778005,13,5
21222,986595,715425,946156,11,48
824,841809,455225,855785,20,42
515947,816498,269179,833444,28,15
4566,993482,588056,698641,5,49
819428,937711,672103,922698,12,5
167176,858525,365341,905108,26,34
269797,756550,29131,991468,48,24
109933,596718,34841,383218,17,24
174665,710528,198219,542185,17,26
381333,871093,232357,537383,15,24
300032,716730,70759,986161,45,20
415875,532754,370584,653410,14,5
49,999906,280822,803119,26,49
211183,968182,215455,803338,29,37
121043,673314,870132,895015,1,27
127325,976124,119792,688010,28,42
468871,996725,235644,456288,11,26
217190,360853,477215,764472,14,7
225275,598258,189571,536529,17,18
231692,270326,550223,920113,18,1
263793,703674,432695,465806,1,21
183744,778659,39002,969613,46,29
45482,998924,646590,935173,14,47
99846,505930,175332,307665,6,20
13549,986657,374007,634283,13,48
783308,950099,389406,580060,9,8
384879,708890,201626,599450,19,16
296448,960800,606703,907815,15,33
45467,100247,187867,988904,40,2
723102,985826,200955,961602,38,13
536897,823838,124466,784738,33,14
416048,688206,6124,867674,43,13
423669,659856,400241,678770,13,11
494139,995176,151978,953306,40,25
21482,996698,545368,749997,10,48
111032,449522,695627,942422,12,16
370448,949737,269972,307407,1,28
130980,719131,550978,956485,20,29
91186,911181,21472,756364,36,40
397276,505011,662288,875465,10,5
17613,968573,318713,897157,28,47
46834,927730,55162,952038,44,44
244472,704475,644096,899790,12,23
124008,991156,927116,978626,2,43
130044,640775,716494,752412,1,25
20649,977582,673888,857216,9,47
282304,732993,386176,579522,9,22
167438,507225,420127,622363,10,16
95096,948439,223840,991779,38,42
603945,835023,526798,874884,17,11
596445,953813,551600,922772,18,17
69373,332327,209932,776892,28,13
476386,961570,641559,673809,1,24
24583,978439,46803,805060,37,47
27280,847839,37513,380375,17,41
160475,880775,545705,843203,14,36
271894,353807,362402,720965,17,4
139735,973901,560031,685409,6,41
119615,713391,577261,863491,14,29
430097,453153,18619,713805,34,1
58196,441510,66233,976053,45,19
127725,179811,768739,878720,5,2
301075,924221,479648,713412,11,31
191118,944108,81323,822815,37,37
26518,924740,157122,591657,21,44
555438,623350,61844,953458,44,3
537993,738918,775221,901278,6,10
235837,366407,2723,908642,45,6
164658,418996,377607,785261,20,12
301651,733628,49192,272161,11,21
83201,439609,447874,573786,6,17
236054,555672,352814,659709,15,15
144072,822872,236944,428836,9,33
15565,715086,52617,951519,44,34
9815,819476,55307,935458,44,40
71468,936953,685387,792795,5,43
346027,582259,86333,896795,40,11
43989,940104,87100,862065,38,44
52106,701466,11791,962059,47,32
154894,460558,331500,764311,21,15
550403,805940,107311,918501,40,12
354884,611173,414975,939694,26,12
23295,970159,364218,731422,18,47
137900,882996,224333,251985,1,37
130025,636421,82909,315966,11,25
55049,941633,571746,863542,14,44
166619,727890,23497,995938,48,28
200273,564080,20179,904598,44,18
192484,937828,41119,998463,47,37
157671,840387,15748,992565,48,34
19027,794266,597024,646166,2,38
494046,675155,594138,706292,5,9
584772,617163,117885,860325,37,1
22146,953263,46067,961549,45,46
91194,944929,393238,493044,4,42
172093,512067,836068,952398,5,16
289175,330403,568124,803948,11,2
593193,596286,230075,758963,26,0
638066,899769,216697,745371,26,13
159723,601636,370717,588085,10,22
231674,819118,625824,811705,9,29
253484,966868,403327,696533,14,35
640,935029,159657,276737,5,46
156335,719944,86355,289581,10,28
7393,767079,187426,587450,20,37
144111,189050,5760,701777,34,2
787179,966741,351691,758780,20,8
32731,939989,173129,520725,17,45
131367,946131,459019,810955,17,40
642616,789849,181851,287370,5,7
476549,936986,357466,928924,28,23
159320,985901,107959,939407,41,41
335199,680638,285274,964788,33,17
623878,868701,339655,585104,12,12
184567,534274,182219,871213,34,17
247079,517317,599796,946604,17,13
8783,853901,84868,829392,37,42
88400,343936,94771,934123,41,12
28124,801536,309439,842644,26,38
13197,410250,100622,916102,40,19
225277,734767,258224,980671,36,25
558331,980466,81586,995297,45,21
509334,986167,182658,289699,5,23
253896,278083,165040,832865,33,1
536776,759940,85904,332404,12,11
400789,801546,327568,552800,11,20
12116,780148,318439,984873,33,38
192054,547141,19155,977142,47,17
7394,381408,175202,846633,33,18
239093,963568,9627,394272,19,36
712932,781130,444483,570545,6,3
3339,380732,35758,601980,28,18
80339,977820,715810,841521,6,44
44039,49627,101215,397801,14,0
524960,552783,267649,999392,36,1
274848,413441,38728,842360,40,6
137356,353808,28769,995902,48,10
253142,719724,368952,745653,18,23
54608,751962,149137,389249,12,34
660713,975047,286725,635233,17,15
180416,716909,289374,667339,18,26
185083,633012,632953,741377,5,22
349294,643398,56426,419722,18,14
54766,958173,23718,995033,48,45
65546,996147,20445,984120,48,46
432333,940693,557791,971031,20,25
458100,682043,146154,261227,5,11
377383,877412,109188,773419,33,25
50943,998774,577419,936516,17,47
166032,349763,179457,542927,18,9
1855,983867,306794,560727,12,49
176138,877330,124725,864709,36,35
369003,977827,133792,883066,37,30
73948,850721,24123,269748,12,38
14076,740900,475631,852064,18,36
191197,193112,4634,416097,20,0
463023,653337,180340,920850,37,9
131637,751535,33250,851612,40,30
164013,552083,425829,766430,17,19
70036,552355,167529,836797,33,24
306001,459666,496256,753293,12,7
47704,767189,857298,963872,5,35
427344,737690,85247,890310,40,15
303088,719266,584345,959778,18,20
191742,253916,88730,819926,36,3
567338,754327,63324,792454,36,9
211065,429357,301317,674513,18,10
218777,552430,34316,759646,36,16
8154,878274,234880,976929,37,43
260064,894051,198589,923721,36,31
619474,826535,534005,780101,12,10
479981,754582,6559,368090,18,13
436623,570667,252015,996145,37,6
12436,983391,105058,827304,36,48
304712,307384,174988,991041,40,0
305598,711725,170439,911725,37,20
80690,626767,39582,995524,47,27
17174,981339,401017,645926,12,48
573081,819542,20824,975737,47,12
197116,930393,131077,870291,36,36
221380,877666,498635,915137,20,32
177061,647167,183821,908403,36,23
524202,896724,78376,893254,40,18
218308,493749,248024,991254,37,13
211497,979967,207906,958635,37,38
75391,886474,408230,813153,20,40
413769,625311,233296,981726,37,10
86209,730579,152444,896384,37,32
21583,890528,98701,819630,36,43
17321,895113,29820,980946,47,43
180257,853410,408944,975028,28,33
448122,643835,243912,920045,33,9
105109,212585,2810,808381,40,5
22374,958847,232661,952686,36,46
197389,911424,14103,956444,47,35
136878,901520,152634,571743,20,38
400398,714435,15428,960239,47,15
706895,869388,132143,805386,33,8
472923,858786,215843,955747,36,19
278013,833546,87611,824259,36,27
401365,689072,87273,831953,37,14
90586,529180,171467,897786,36,21
91404,260488,205538,953350,37,8
144015,972238,12849,816475,40,41
171495,782259,390244,968131,28,30
7188,993393,144260,945146,40,49
13204,935416,60461,729579,33,46
108467,997833,173030,750016,28,44
764726,979797,234255,908921,33,10
1764,999325,419092,990835,28,49
147855,889549,21605,601276,28,37
