48936,989402,351077,866943,25,47
218281,517931,560677,812583,12,14
390103,476606,288329,324475,1,4
258665,917225,462465,564264,5,32
8642,709586,323150,970393,32,35
787178,867360,182112,511301,16,4
579549,840958,325748,531761,10,13
807910,812542,272026,516946,12,0
218856,505202,725689,881575,7,14
304674,857101,270650,846735,28,27
768600,862423,74752,996401,46,4
41174,997396,688725,996285,15,47
80622,884576,16720,332785,15,40
178184,429843,362120,958962,29,12
33957,281456,332684,895328,28,12
188180,861771,573002,924229,17,33
400110,712856,454642,810068,17,15
58338,967832,47097,975418,46,45
381079,705243,106517,531691,21,16
70997,916667,185572,955893,38,42
132611,571742,261,864663,43,21
294808,593946,119489,737169,30,14
286138,717180,207437,567722,18,21
594961,863688,83962,639144,27,13
81999,983905,51084,925030,43,45
334915,527569,450462,526867,3,9
563418,887437,19510,935297,45,16
13043,998590,123604,959263,41,49
499402,551032,15369,657736,32,2
507629,784896,376260,986816,30,13
54656,618581,546403,965351,20,28
4813,760104,59300,954930,44,37
528132,915579,424201,979556,27,19
158986,886328,45948,918228,43,36
45978,322854,288680,747262,22,13
624000,849416,189000,499327,15,11
542555,826566,204618,999413,39,14
45459,926774,542794,560001,0,44
582105,640949,908411,964991,2,2
180189,552781,180444,648510,23,18
387495,929080,424935,496034,3,27
77566,999472,46872,940503,44,46
1361,968774,18088,794976,38,48
412043,695325,26849,965306,46,14
419763,728955,256397,394860,6,15
406307,483233,526506,553382,1,3
72311,955079,7435,367810,18,44
140427,945691,608680,973295,18,40
712991,988635,290266,982728,34,13
327218,830601,302573,918328,30,25
1952,673180,262914,352441,4,33
584919,896769,118765,904792,39,15
217773,417985,351572,798021,22,10
42547,930353,152139,201736,2,44
42173,951680,512172,688240,8,45
17187,919736,603122,947995,17,45
399867,964260,285254,484846,9,28
293674,847922,5674,775501,38,27
335579,678898,174462,507781,16,17
23270,503821,29831,998318,48,24
785077,915352,77086,107957,1,6
289611,961458,314726,916367,30,33
36142,610246,179614,899545,35,28
92375,989246,494642,517613,1,44
108061,755996,515774,674059,7,32
289550,606035,403199,964545,28,15
412020,955206,306254,901339,29,27
353420,721898,426321,770380,17,18
111223,678348,329037,577053,12,28
290624,359485,135093,787033,32,3
45029,794559,594921,884544,14,37
57199,397938,384579,898170,25,17
255448,340038,32990,883762,42,4
223338,468602,110890,996558,44,12
435017,696287,242966,759174,25,13
146832,299112,503765,922105,20,7
269648,730513,395454,530809,6,23
17618,561895,240003,978230,36,27
33248,921630,346885,432010,4,44
169786,831791,5657,705248,34,33
695833,786792,40735,791283,37,4
34884,917104,30004,937536,45,44
221294,908867,162503,857902,34,34
490146,983588,4751,998098,49,24
555205,674180,231468,265163,1,5
131161,996244,134403,866714,36,43
560219,693035,47226,658759,30,6
18505,371868,57100,977620,46,17
386930,714431,600861,752634,7,16
798108,806034,681089,833672,7,0
142038,919186,199113,528686,16,38
275314,495580,217217,487778,13,11
60432,968110,24035,581337,27,45
506163,881825,159442,741982,29,18
199670,711016,65697,196541,6,25
45548,174823,48822,958564,45,6
123023,983154,37398,860513,41,43
51159,211762,531284,717802,9,8
70087,915958,405012,467088,3,42
28108,559631,192378,849246,32,26
8240,951841,207601,913775,35,47
1590,642328,358705,932220,28,32
41738,848221,561,998198,49,40
491411,566706,327900,742820,20,3
2398,960369,54340,934825,44,47
415708,508909,332744,454920,6,4
108016,928593,245007,779139,26,41
19073,995721,10919,896170,44,48
167284,858190,423162,707520,14,34
293499,523213,11652,985560,48,11
524919,890146,232184,412741,9,18
98304,123974,484110,496157,0,1
181998,943146,715935,760709,2,38
148848,874914,317197,978668,33,36
216976,607943,370081,607595,11,19
233884,847626,50624,564285,25,30
166074,476857,10808,945529,46,15
315228,747621,619913,788283,8,21
432533,981959,76192,748716,33,27
12944,985176,549908,606251,2,48
785507,838662,543208,778998,11,2
115810,223193,28779,975292,47,5
6792,845051,615307,783033,8,41
170703,201004,555727,577501,1,1
72366,864632,241491,880083,31,39
131023,871277,320452,568374,12,37
597627,895356,18334,388135,18,14
410852,499310,525773,952603,21,4
622651,928548,29554,308237,13,15
204982,401052,83400,851303,38,9
251960,741875,47460,473297,21,24
729710,832585,115392,446860,16,5
1135,998365,37589,407047,18,49
169557,967049,22499,638042,30,39
167401,686006,93439,999424,45,25
83400,954603,752378,764994,0,43
297134,965891,440575,693677,12,33
154600,955362,487664,847640,17,40
161447,444240,136731,560587,21,14
830009,881403,37713,830054,39,2
115553,119749,13915,988141,48,0
108605,774181,551571,965517,20,33
123124,812960,427048,895356,23,34
62395,935530,84766,540563,22,43
306083,538345,686903,820070,6,11
311774,974795,393849,982787,29,33
308414,842560,297978,532446,11,26
387704,662487,694328,819194,6,13
178490,946216,376465,495682,5,38
256046,427100,506680,845976,16,8
135296,905529,230945,353585,6,38
56128,939783,696,999438,49,44
468956,844920,130295,136632,0,18
84065,671110,1628,998321,49,29
297490,460637,232460,895761,33,8
486901,785797,76553,979735,45,14
456662,958651,122918,209816,4,25
625099,802292,204672,979251,38,8
210045,722237,662205,864017,10,25
42911,840263,15946,979351,48,39
57705,854580,686768,952841,13,39
155277,860879,273975,880020,30,35
14076,970291,2997,437911,21,47
418040,589555,474584,569412,4,8
96266,282807,207128,760325,27,9
281945,709801,85267,715829,31,21
3120,999667,119019,694452,28,49
478449,578549,293037,914071,31,5
294790,951797,610808,705482,4,32
107015,382941,72186,838566,38,13
78106,942830,88124,985571,44,43
495264,805330,198987,839890,32,15
527956,908826,363121,829207,23,19
18558,920431,148856,858634,35,45
62049,963427,82204,168199,4,45
462143,626385,204248,513238,15,8
803373,847343,83757,935046,42,2
306601,544981,132338,783689,32,11
335747,966432,22943,997292,48,31
237899,688405,223100,766688,27,22
153420,942969,648,295163,14,39
139099,249563,549126,683837,6,5
8237,718301,2206,942384,47,35
284430,330843,33716,900803,43,2
4569,986029,301532,916779,30,49
183771,614163,842925,860126,0,21
547569,749836,318624,637400,15,10
176279,996462,109754,996668,44,41
232221,900450,184812,371159,9,33
674145,817679,627210,813412,9,7
83440,616673,87755,614955,26,26
426164,962144,642255,776033,6,26
137427,681400,421473,949068,26,27
512586,895583,4114,796004,39,19
241059,775081,305790,852479,27,26
67313,197388,54367,999113,47,6
48084,648664,331515,566791,11,30
54588,811962,49567,661327,30,37
111534,898557,264538,576781,15,39
64843,973492,276566,870939,29,45
135388,696440,613731,982869,18,28
329642,532135,297718,925837,31,10
505744,600669,160874,781224,31,4
156830,766407,7015,984594,48,30
52343,686727,454310,726495,13,31
73677,281646,270351,840906,28,10
632186,884582,121831,476734,17,12
157990,818760,68751,852585,39,33
585096,932720,586655,969176,19,17
316370,584828,240288,887715,32,13
710140,746585,135381,884476,37,1
668076,687240,108893,890319,39,0
100945,825732,112618,947873,41,36
71773,341485,193852,928593,36,13
466593,883274,70346,695509,31,20
485268,720866,154113,984342,41,11
744631,927513,280957,934841,32,9
285324,312473,236584,890142,32,1
298611,587469,92813,949965,42,14
1494,999637,370546,920613,27,49
330302,918865,66629,894831,41,29
539069,672572,323836,661274,16,6
185632,973085,262770,830439,28,39
93428,969863,177297,864071,34,43
119594,998661,559571,800920,12,43
237931,807339,202704,982289,38,28
111347,960439,109167,418259,15,42
364248,692596,97020,585885,24,16
146595,800062,165179,833033,33,32
245724,612880,642995,967290,16,18
92126,964384,183,853248,42,43
363430,902651,3845,986175,49,26
791857,958097,381910,857577,23,8
268616,475801,743378,852775,5,10
413658,658946,186980,479993,14,12
128203,800670,642887,942242,14,33
688620,995557,71177,944003,43,15
96356,350768,83694,800927,35,12
578366,900320,411616,873693,23,16
43109,997123,369176,891317,26,47
1889,977633,252999,382069,6,48
27087,815962,3869,997406,49,39
661078,991117,548202,720040,8,16
200197,513937,41814,497125,22,15
30322,979542,283687,977519,34,47
718453,826490,136115,249229,5,5
320607,769562,352788,808724,22,22
739073,936483,714505,797469,4,9
118150,852744,43808,999042,47,36
520041,681718,270192,628955,17,8
227243,634557,274841,342561,3,20
936588,977063,67945,329429,13,2
31040,319655,217204,494920,13,14
253294,782197,260234,890694,31,26
164081,828543,240238,347916,5,33
513694,753763,707850,762394,2,12
132395,582719,324642,619253,14,22
40802,997526,15435,395967,19,47
259100,724596,177367,773514,29,23
214682,808854,42970,917242,43,29
356727,961962,577136,828193,12,30
3436,990425,215903,892948,33,49
448132,505810,795891,961945,8,2
239466,767089,53197,936925,44,26
420508,635823,855412,891747,1,10
12535,988572,1429,730708,36,48
317502,861683,45829,838512,39,27
35819,735989,123819,500948,18,35
84478,426814,18301,997924,48,17
25033,860776,43439,130742,4,41
80337,763491,75425,999051,46,34
461576,793850,210351,612398,20,16
9693,994894,191144,225454,1,49
116362,958593,79380,926171,42,42
53,961427,864,997995,49,48
38640,998877,551365,851566,15,48
348987,461747,632106,798104,8,5
217106,473009,151373,409466,12,12
47129,535893,877327,911821,1,24
136239,227518,428743,904082,23,4
65270,779912,47581,242938,9,35
6345,947836,3696,977314,48,47
160001,952852,24301,271216,12,39
127549,439812,2529,740304,36,15
25778,401190,10193,882528,43,18
821315,976996,338520,688532,17,7
57198,695883,135515,863638,36,31
75862,242920,300009,355379,2,8
397332,881297,129262,910966,39,24
65902,343172,32909,421402,19,13
172524,245841,286024,600972,15,3
383979,888631,260383,335306,3,25
264947,848120,43790,983856,47,29
188860,244880,308624,919368,30,2
220465,484387,524514,608429,4,13
42837,954961,461852,759515,14,45
801813,947833,70136,999156,46,7
103093,271729,534229,965522,21,8
72658,843457,151634,901105,37,38
352664,972207,203543,978377,38,30
173332,481526,477558,943467,23,15
338076,906992,16444,999195,49,28
21175,856460,332037,696896,18,41
241187,888226,379256,881525,25,32
540015,910873,385416,991143,30,18
121289,223635,365003,921404,27,5
237115,952546,68578,414431,17,35
76592,497759,434919,486630,2,21
48421,981829,81888,496917,20,46
177884,567650,27913,883527,42,19
207330,913075,27454,915647,44,35
57541,337234,472746,802736,16,13
403473,643268,76312,501431,21,11
924147,999882,359396,931980,28,3
139038,424132,323216,501576,8,14
172090,563326,305590,949421,32,19
190025,722497,1987,86800,4,26
897250,975244,164251,976742,40,3
229490,658553,340828,476035,6,21
76434,402092,3601,190850,9,16
44662,816821,36842,994051,47,38
265807,308404,9122,997983,49,2
141357,856993,780046,984159,10,35
216986,985372,487322,793188,15,38
294148,955148,117328,834277,35,33
89145,454151,21375,993456,48,18
166435,450131,16063,353128,16,14
51528,980342,555433,613117,2,46
587121,605791,688596,870357,9,0
653988,857802,351704,790224,21,10
133367,951729,158969,949625,39,40
343312,702011,178304,717075,26,17
214883,730018,61108,948921,44,25
73189,955568,99335,739243,31,44
44299,998006,243405,574785,16,47
340825,992397,3696,996454,49,32
307748,516949,124939,260616,6,10
11299,970292,281051,887195,30,47
154453,753814,156590,671203,25,29
353949,354071,53033,776749,36,0
208395,769576,294003,925168,31,28
585012,958041,57901,548680,24,18
7597,962434,137742,691661,27,47
274996,881610,309558,933078,31,30
370731,868589,103571,508087,20,24
346792,647059,375154,744319,18,15
31523,598299,76655,809252,36,28
31496,707931,191075,915281,36,33
14635,958093,807823,982061,8,47
499773,947855,214561,991294,38,22
366229,835944,31836,964434,46,23
173326,808674,47885,868331,41,31
4470,542660,615697,823665,10,26
8654,546231,230371,810579,29,26
690893,987739,409164,453890,2,14
30616,986297,82849,986986,45,47
346601,603720,78802,980959,45,12
80217,465709,112211,745520,31,19
36640,950601,47619,789608,37,45
163166,342805,223433,958089,36,8
238452,947044,644952,789048,7,35
421549,861046,46173,963064,45,21
150280,768552,611471,948788,16,30
49636,685692,19660,501637,24,31
455583,689863,33468,732554,34,11
35834,394858,268468,868875,30,17
239863,739667,80411,919779,41,24
141967,794493,98808,874811,38,32
205137,416630,466824,855651,19,10
299126,372551,5888,956396,47,3
175350,874104,615818,993540,18,34
427093,979664,97286,564189,23,27
411963,899021,10996,394761,19,24
682094,714095,577145,861002,14,1
469778,809803,478953,948389,23,17
8987,911996,480573,818581,16,45
426290,945521,418896,979612,28,25
379226,807883,201624,733880,26,21
12371,916912,556735,671853,5,45
211358,782216,568452,800797,11,28
6534,734644,168617,581036,20,36
397822,990692,187977,770898,29,29
540494,828381,676010,769798,4,14
489904,646319,25598,58786,1,7
12311,947728,517673,832014,15,46
89390,987666,73702,672710,29,44
52793,854224,529569,951172,21,40
46967,145141,93239,989806,44,4
293898,615718,269442,554215,14,16
32912,971074,24340,981682,47,46
419422,778922,363145,619273,12,17
226894,868322,21676,998782,48,32
293684,787315,67760,742146,33,24
27711,998525,367593,391232,1,48
261884,830801,141859,838712,34,28
326298,395584,290826,570260,13,3
629245,646963,28601,683762,32,0
29985,766419,56019,839647,39,36
32847,969072,278862,968269,34,46
108246,927874,158655,762879,30,40
442252,576700,446939,726283,13,6
418648,563842,46938,113275,3,7
215060,810966,321255,495420,8,29
112455,971637,49146,997641,47,42
604425,905690,13415,823468,40,15
120794,867739,50674,628129,28,37
922942,996841,694744,910807,10,3
226645,729977,481540,898354,20,25
62022,996188,318125,588875,13,46
303071,965922,270956,747948,23,33
27235,764452,645383,698910,2,36
447703,516724,287106,391162,5,3
425383,466828,105666,497311,19,2
41395,959829,228529,623494,19,45
669116,757247,99207,824632,36,4
97781,847159,881986,937517,2,37
39583,973612,148036,947540,39,46
749512,814610,713073,873788,8,3
31864,973934,465796,609303,7,47
117685,944866,260358,966697,35,41
70816,305598,341525,445318,5,11
228298,957436,226485,843253,30,36
532290,987724,40787,967740,46,22
136613,882960,606994,924635,15,37
72064,603714,101885,710095,30,26
127790,578655,170571,985405,40,22
116005,541372,18106,854769,41,21
141122,643923,575128,733799,7,25
328,998211,26037,983208,47,49
90716,975549,74429,770073,34,44
141007,963206,72108,87041,0,41
256842,882026,6444,996248,49,31
321273,615300,54704,831713,38,14
9175,876457,538691,767508,11,43
59121,997609,209800,963942,37,46
106690,818489,137607,408838,13,35
173747,310859,444117,570363,6,6
38278,277865,289722,993050,35,11
120371,979271,170405,965163,39,42
11382,413304,615463,615935,0,20
256393,317957,576576,621822,2,3
309546,611889,859313,883084,1,15
132307,256567,181952,908843,36,6
94930,917540,186273,747175,28,41
30437,819179,2499,771290,38,39
124812,572289,148484,220899,3,22
10775,663047,418335,801129,19,32
237458,848292,224158,957136,36,30
113674,800077,308675,395084,4,34
31432,920706,65717,767338,35,44
234353,829073,112031,680944,28,29
641093,903817,61321,114939,2,13
681010,899521,24831,759341,36,10
126346,774148,568151,851371,14,32
481893,829445,171704,985069,40,17
258990,815651,705643,944421,11,27
75623,880487,576637,963841,19,40
768543,857255,636439,799039,8,4
97544,330560,270448,864230,29,11
419066,559312,159212,930734,38,7
82072,189799,85066,999083,45,5
38184,932124,779388,919592,7,44
121271,672443,680413,690117,0,27
85863,750280,257974,334482,3,33
255440,532528,489759,740492,12,13
126153,660443,39346,917106,43,26
59760,762891,589314,928412,16,35
198608,575846,56675,188410,6,18
310195,623917,125658,724343,29,15
289083,921789,417856,722233,15,31
527626,528179,547995,646972,4,0
534151,615407,500390,850797,17,4
614921,754189,51171,301818,12,6
266944,718255,39047,384282,17,22
449813,565196,250505,869115,30,5
216427,984933,217737,874608,32,38
6824,676082,583558,962742,18,33
549534,973139,447261,695109,12,21
307298,814262,267456,799180,26,25
74499,994072,43538,729869,34,45
12196,473604,354917,960512,30,23
439103,519095,16968,636586,30,3
112689,448952,33501,999495,48,16
414708,711576,42704,696131,32,14
113512,854519,301167,720416,20,37
68259,373890,272924,907238,31,15
230081,863329,23310,969638,47,31
284057,899976,190677,497590,15,30
58857,987687,700363,782615,4,46
499179,740095,392853,551489,7,12
100726,840732,448802,644747,9,37
393367,538279,108548,769717,33,7
7311,196562,40441,378455,16,9
4683,997645,562048,714516,7,49
782416,857880,245258,583096,16,3
27,960610,622533,801095,8,48
493065,638077,77387,548129,23,7
69705,968991,240947,673647,21,44
127065,929093,104486,400524,14,40
573216,721317,39739,463504,21,7
859399,947261,265246,750094,24,4
58850,939417,27663,892389,43,44
108825,405018,263322,995226,36,14
600602,840003,513661,718932,10,11
116261,918468,314564,574795,13,40
88276,927746,311867,448732,6,41
2065,945574,725697,847408,6,47
291266,687252,268958,751860,24,19
4934,934558,56182,916726,43,46
428550,829504,396478,590141,9,20
45850,920674,24281,980756,47,43
97561,775937,8180,570351,28,33
99678,644941,499437,818920,15,27
261580,438430,17623,947672,46,8
500541,764867,131595,655460,26,13
59797,192023,194084,828112,31,6
207547,673539,83762,982484,44,23
405950,945800,117966,510502,19,26
269009,834965,7153,966308,47,28
521089,530221,253491,729085,23,0
437415,851257,28369,389688,18,20
108626,824905,248748,720892,23,35
102089,950452,886,998911,49,42
40058,174284,602131,669070,3,6
495251,499565,681223,733371,2,0
170571,934922,268371,521633,12,38
181865,924285,25116,976988,47,37
8456,989037,112319,648362,26,49
278935,901572,343902,949726,30,31
6241,80511,550132,687969,6,3
273900,831647,408694,655558,12,27
266513,798987,121108,909190,39,26
722917,798139,122815,366513,12,3
148042,954396,41973,805432,38,40
108586,973234,636004,995891,17,43
386098,741440,464034,880177,20,17
261665,923780,637297,942673,15,33
130434,532128,668646,804168,6,20
384238,822355,96346,992453,44,21
470441,608954,549601,695629,7,6
351150,800462,686027,812670,6,22
173857,853598,293242,435441,7,33
350689,882302,670820,960485,14,26
255877,999591,651917,973490,16,37
280113,556100,44988,890530,42,13
362276,736729,449451,612559,8,18
151794,780582,777686,984387,10,31
481776,509924,323235,375265,2,1
159196,972474,83354,406170,16,40
50928,980934,40482,817736,38,46
342454,743653,75052,967124,44,20
463578,945410,381208,548767,8,24
237253,475060,44702,812473,38,11
196727,956586,644223,817760,8,37
847709,996305,1183,631134,31,7
440302,453795,342633,946268,30,0
3345,997391,437743,716358,13,49
154308,590387,136035,910559,38,21
681596,851101,709998,832863,6,8
297189,767387,53648,956294,45,23
242835,372655,220246,620013,19,6
478392,503827,27628,843127,40,1
544183,999433,212802,633261,21,22
41242,913580,312109,602904,14,43
205212,565828,33528,769403,36,18
129550,387670,77111,867034,39,12
9700,731761,295286,984412,34,36
23425,941471,212922,405667,9,45
316644,764720,171892,784112,30,22
341045,901570,800933,943735,7,28
252877,731405,202204,936588,36,23
400061,523365,10873,999741,49,6
143820,584114,11933,548817,26,22
291706,913326,263704,501120,11,31
304419,420135,866,994460,49,5
340668,789753,263101,921107,32,22
145451,997724,501210,596958,4,42
420758,687929,51031,62441,0,13
197896,449477,363567,579852,10,12
63119,967471,216439,706917,24,45
328626,828044,109760,398317,14,24
10781,936052,19637,990586,48,46
236581,902367,467890,994507,26,33
275300,932879,9340,254657,12,32
183259,296593,489396,533727,2,5
481806,968289,216993,909777,34,24
398313,812826,509035,615651,5,20
322097,952291,17243,301148,14,31
7213,834874,102364,776900,33,41
9608,994468,288709,732747,22,49
170275,753382,122366,617176,24,29
352045,643842,90033,842112,37,14
12472,828203,450229,517997,3,40
72314,834642,362062,539052,8,38
125967,975840,855879,993886,6,42
121671,678228,40565,984727,47,27
118619,883330,509156,893776,19,38
375170,566379,534491,989824,22,9
49918,464722,69370,291772,11,20
51955,784098,717804,972087,12,36
457570,917115,86108,827232,37,22
200951,975786,477432,497882,1,38
132346,762078,648462,680083,1,31
160569,938306,344664,918865,28,38
406711,921994,448957,878458,21,25
724631,899339,151321,940931,39,8
1661,980311,67208,999653,46,48
199863,731378,80844,893210,40,26
420752,450693,134762,965194,41,1
98492,913498,42253,987905,47,40
243388,279080,482615,814578,16,1
157291,937771,128873,847086,35,39
150296,646422,250979,895896,32,24
59812,917282,159354,516034,17,42
682317,742672,77119,145347,3,3
97910,940650,248026,615009,18,42
316860,696517,30618,973276,47,18
167880,817511,55999,233739,8,32
698648,834287,180494,473955,14,6
816690,944269,72230,550506,23,6
25648,338882,253529,797687,27,15
211367,969329,23756,373474,17,37
700570,929123,95734,254718,7,11
88349,793381,287145,882992,29,35
24412,966314,10048,680032,33,47
150275,814690,369178,789539,21,33
66758,964598,711198,779989,3,44
635005,928852,262715,890910,31,14
563,999592,788993,847146,2,49
273994,793279,86685,929412,42,25
81476,122968,803783,927250,6,2
232506,763935,839845,998241,7,26
814087,862609,308851,391487,4,2
230930,267078,572214,831050,12,1
181162,743225,300517,369385,3,28
119382,546433,48590,452960,20,21
14527,830509,779685,995231,10,40
551853,760358,15438,980929,48,10
576698,617613,406775,596796,9,2
83364,956397,324394,900620,28,43
8732,996568,614528,705403,4,49
495429,866249,517539,758028,12,18
151766,675614,167796,522994,17,26
427775,959594,494016,951888,22,26
733564,967715,326950,486950,8,11
129762,860691,78230,511486,21,36
776807,949215,19884,649419,31,8
21556,993308,643009,711270,3,48
26046,963114,155485,824538,33,46
380083,769669,268040,685876,20,19
628730,982700,98471,671790,28,17
763477,948445,220609,950700,36,9
389465,662322,439123,546425,5,13
438187,970140,280301,848702,28,26
2128,994689,186477,814561,31,49
13934,955857,200561,402219,10,47
62935,974101,619202,855885,11,45
59414,929977,236658,938697,35,43
18680,999445,19843,940179,46,49
131638,500556,279664,727379,22,18
178282,977550,148816,700704,27,39
107050,390936,869180,940202,3,14
323734,390806,8652,907518,44,3
178064,832713,58892,980084,46,32
238037,540316,127656,892705,38,15
185201,976238,197069,368848,8,39
4455,739401,295188,868582,28,36
276191,519225,297109,421520,6,12
380591,701272,88492,740151,32,16
23201,992950,17315,613743,29,48
152121,363041,661773,738287,3,10
46991,965511,294546,820339,26,45
740501,849979,6361,903839,44,5
211769,711006,422643,873273,22,24
231755,629314,143708,422065,13,19
444351,599919,147533,862385,35,7
625089,741549,454967,707566,12,5
34762,765732,152534,474291,16,36
707838,749419,103355,881190,38,2
100082,993694,503618,800591,14,44
120987,894352,164863,175754,0,38
243816,573457,127512,924146,39,16
72743,946751,851659,933489,4,43
669675,768889,116000,935519,40,4
124834,825539,64254,935018,43,35
321296,848053,14090,979355,48,26
315279,997741,303302,956084,32,34
49554,571066,18387,286951,13,26
204235,596837,2634,883274,44,19
32207,829653,96412,103421,0,39
237268,949689,347195,755034,20,35
193305,819617,88303,934662,42,31
359633,383910,401837,944390,27,1
396802,744758,541929,665429,6,17
192,98365,478386,750697,13,4
115644,238944,359453,924733,28,6
310891,526831,86994,911045,41,10
120356,963870,83296,981594,44,42
55878,869020,522233,525696,0,40
4651,890285,161148,779031,30,44
115450,786639,24189,998372,48,33
721387,838742,314371,399000,4,5
146742,986190,260630,861762,30,41
516511,519815,868,958920,47,0
58566,612391,51352,905955,42,27
255020,748383,35157,673879,31,24
172670,823741,528059,939086,20,32
218645,761771,11257,368976,17,27
895345,992150,552013,969400,20,4
469403,718000,33172,678100,32,12
25588,931435,2426,953179,47,45
27153,982203,28057,590336,28,47
333913,988730,157161,531734,18,32
561153,709237,781599,912245,6,7
193521,610017,148233,893330,37,20
442104,467687,127791,438141,15,1
147493,988104,16020,990253,48,42
16509,999028,8325,992910,49,49
60277,308137,122792,851956,36,12
287,920013,327722,699757,18,45
468653,912936,38266,345680,15,22
539870,709779,228973,869015,32,8
651093,896931,535976,975525,21,12
415641,812963,52163,794726,37,19
13233,981395,206763,829629,31,48
155146,496652,590930,611259,1,17
139953,653385,460684,948181,24,25
362766,691438,244324,971445,36,16
51175,595902,278280,718299,22,27
317353,377781,7839,556096,27,3
221322,964490,212934,283586,3,37
277551,358664,66,996638,49,4
13980,991752,430416,807152,18,48
555692,893974,13762,818413,40,16
460796,894678,67787,284840,10,21
348430,679717,154573,600756,22,16
631880,871101,736144,827908,4,11
317014,784398,28133,771302,37,23
418018,461511,54543,789188,36,2
246353,415588,225192,433950,10,8
471676,892885,69107,714443,32,21
137189,971403,202376,450003,12,41
8859,668331,82743,681516,29,32
165136,970831,157144,976894,40,40
82623,958398,366110,574922,10,43
89614,287667,12796,977956,48,9
136176,733984,15115,946844,46,29
823709,855294,95136,660080,28,1
69835,577138,426897,607126,9,25
248912,881991,208461,739602,26,31
587437,840818,472013,699832,11,12
21258,270027,365690,974379,30,12
42490,871500,11233,444928,21,41
277197,736421,258803,667583,20,22
12137,951623,473948,855290,19,46
84945,962958,622344,818112,9,43
254280,328454,358172,993359,31,3
49449,685411,28194,896609,43,31
135495,548612,63661,860983,39,20
376743,773876,215410,933749,35,19
60148,775690,56009,723280,33,35
59900,984765,145615,877721,36,46
498208,772690,31066,869154,41,13
13132,716445,84566,625728,27,35
7769,625232,331896,729670,19,30
36155,909393,186522,596538,20,43
128480,624351,720281,827547,5,24
625225,683154,109816,539317,21,2
931507,961357,4034,993174,49,1
188718,902336,641563,960813,15,35
12802,992794,36666,984843,47,48
262521,702073,502082,893687,19,21
395567,586644,29084,907361,43,9
181724,662647,7230,959349,47,24
104808,737254,66768,954403,44,31
478090,715915,54625,843148,39,11
148806,222691,88080,95195,0,3
208256,854782,93663,538497,22,32
103811,865056,147973,947388,39,38
101332,920459,175116,713941,26,40
207455,775135,36037,517715,24,28
35834,988195,45704,843820,39,47
59260,805772,140385,921440,39,37
124703,281756,386695,566358,8,7
764813,942165,516576,686724,8,8
16578,671841,11130,435482,21,32
2016,974498,329690,944839,30,48
51223,841941,216039,948787,36,39
39518,999066,775,994458,49,47
104504,684923,236007,424009,9,29
299563,863256,687846,859592,8,28
8924,942897,158163,615087,22,46
69187,431581,212214,731944,25,18
371859,553085,8579,907515,44,9
482676,952645,204251,212227,0,23
588039,841120,372069,752401,19,12
366967,753538,32145,995499,48,19
522564,637738,666850,955759,14,5
229214,751156,85831,130260,2,26
305544,827973,275057,988494,35,26
10334,971754,324958,405347,4,48
103440,968464,73632,699453,31,43
42567,927448,429392,941316,25,44
375535,874740,13188,514156,25,24
96299,874548,9909,992534,49,38
40934,795977,656059,926960,13,37
148588,985507,7572,747244,36,41
188454,951522,365786,946164,29,38
62970,976850,309072,511480,10,45
94184,970400,56531,958419,45,43
424936,995700,32308,624150,29,28
501553,919848,128703,579433,22,20
128814,976385,42795,706870,33,42
93273,680965,170867,705228,26,29
94,998385,28504,992229,48,49
695018,974094,235379,859399,31,13
18480,793067,151723,972938,41,38
207383,581852,172549,924508,37,18
20368,930967,35028,297285,13,45
82549,714493,60512,443091,19,31
40893,423649,41904,240680,9,19
376333,881248,5927,739549,36,25
168056,675796,142190,981190,41,25
373423,646983,14372,436057,21,13
295040,856871,52556,910597,42,28
455130,612521,421237,514034,4,7
130424,254406,376284,468767,4,6
127126,256022,210532,668527,22,6
126648,186725,110541,983715,43,3
430276,816688,162131,744233,29,19
227874,582938,258686,889696,31,17
39333,973584,556992,704581,7,46
661423,840223,157979,604911,22,8
157180,820726,706319,927708,11,33
84035,853852,230880,689148,22,38
411556,925032,557802,576622,0,25
162899,568238,30360,945485,45,20
91946,565356,102586,869326,38,23
413716,522054,266869,752672,24,5
374015,606050,405258,701912,14,11
157734,655683,212235,692555,24,24
301888,971308,80248,904375,41,33
267115,834041,416958,949793,26,28
396303,426642,27297,992013,48,1
433834,940194,13302,997994,49,25
189111,865457,675808,695739,0,33
461594,487364,316225,661086,17,1
72213,121778,334418,823811,24,2
686200,959220,403920,821348,20,13
165378,845594,194425,947558,37,34
103149,976952,109626,763577,32,43
876742,980011,327186,633052,15,5
186975,603544,601343,843369,12,20
42064,787599,346852,781581,21,37
269595,296855,26846,741822,35,1
35290,975866,47065,779940,36,47
224737,745741,626558,932746,15,26
75014,645101,446228,870897,21,28
172633,809557,8036,49861,2,31
256589,364865,58222,883199,41,5
288860,969391,224957,558323,16,34
4294,904923,379618,458680,3,45
157858,905879,34050,855104,41,37
235008,617307,96192,153137,2,19
193685,416235,80824,969999,44,11
314363,981484,53783,73979,1,33
173930,695567,512316,979729,23,26
437408,603067,18820,925226,45,8
291854,906929,256450,867647,30,30
33748,813301,226603,843826,30,38
55785,879095,701289,939613,11,41
85446,978012,121949,378204,12,44
31695,857139,507943,795170,14,41
47752,782619,88495,938914,42,36
82988,770539,407194,890903,24,34
822685,945181,796986,855927,2,6
51658,641909,391652,693184,15,29
199171,367705,65253,868025,40,8
375198,792906,770304,943943,8,20
890548,937702,96730,620401,26,2
355816,410407,106053,810656,35,2
15649,222471,373850,959973,29,10
183385,936543,401287,890443,24,37
225489,262297,70870,269203,9,1
194793,529908,61837,930655,43,16
617184,775508,77577,384706,15,7
93684,552665,518295,787203,13,22
342406,986893,132328,861502,36,32
670913,860688,482112,975369,24,9
198926,938597,149132,220362,3,36
187264,299456,57371,729916,33,5
47924,674590,245021,622341,18,31
95245,333904,341938,839291,24,11
970337,987390,81408,854587,38,0
356917,894306,38718,893068,42,26
5398,896390,448714,989273,27,44
649934,843628,22295,24586,0,9
477044,672907,57141,558545,25,9
362653,949034,640558,741915,5,29
30043,961097,211335,755151,27,46
155619,830246,246582,423211,8,33
248334,557616,178577,881964,35,15
746764,885960,837082,851866,0,6
141478,659640,448313,781229,16,25
10094,711033,220733,703137,24,35
813050,921459,162461,700608,26,5
9093,797503,124400,477886,17,39
31954,984335,482621,847428,18,47
73652,807058,16752,979784,48,36
94187,992980,81837,859139,38,44
175524,945274,369192,878917,25,38
60323,803053,78291,853912,38,37
303512,390127,497376,809689,15,4
269489,863493,244429,972027,36,29
353741,760486,351750,909532,27,20
407580,869412,58521,905511,42,23
7475,998689,191331,539093,17,49
241764,567838,388389,955615,28,16
494030,539311,15897,297583,14,2
184824,732141,483426,988578,25,27
23595,844725,412404,911670,24,41
151581,820306,707667,754894,2,33
1991,968590,217847,482493,13,48
55763,601745,281005,445407,8,27
345697,951628,54585,653106,29,30
220803,738764,598965,643900,2,25
17068,746512,315319,790852,23,36
405852,795944,425679,741644,15,19
349675,633704,6115,987867,49,14
22138,986522,182556,701010,25,48
64341,808534,303300,456752,7,37
26301,766680,101900,487994,19,37
102348,847675,724657,805419,4,37
280527,723600,110256,840810,36,22
99117,845027,916918,943009,1,37
40435,503844,898635,950661,2,23
127162,874702,360033,579940,10,37
28834,975606,532792,883628,17,47
109066,923223,233733,818083,29,40
84094,498634,210507,971845,38,20
960458,991446,66988,346197,13,1
14261,809014,191859,721273,26,39
383742,524492,557357,790050,11,7
13067,849879,414179,800299,19,41
461149,725529,49379,995195,47,13
375421,722426,18244,961352,47,17
163360,498926,415348,966288,27,16
199352,819956,497794,639788,7,31
113559,863536,275132,925065,32,37
282587,979814,12730,983111,48,34
140727,586207,352146,359350,0,22
605342,687743,316784,466406,7,4
312565,707305,294903,971865,33,19
12393,639102,490704,834686,17,31
2494,966149,313242,610579,14,48
5794,812474,344805,909652,28,40
428666,871012,200218,394242,9,22
38879,234808,257080,425170,8,9
344628,786685,139918,197756,2,22
180219,995875,239651,685027,22,40
528216,951852,356008,589315,11,21
601412,989790,530804,891518,18,19
137576,650239,462374,965364,25,25
566220,985702,162679,865207,35,20
80656,586356,461402,928182,23,25
276719,901501,175943,964924,39,31
84209,932919,363951,962179,29,42
81521,392005,472517,484746,0,15
5860,656043,353548,663943,15,32
8813,318337,20038,67504,2,15
547239,663288,487803,869265,19,5
146061,990328,324295,328675,0,42
275775,469793,294881,921822,31,9
688653,727003,840880,914099,3,1
352847,633097,237965,943217,35,14
202035,672274,367669,829689,23,23
9209,198273,10234,995015,49,9
175752,591679,56923,930118,43,20
63630,914326,228494,954421,36,42
182400,521398,306236,901653,29,16
109375,916586,115757,974021,42,40
318118,521396,78013,336513,12,10
76558,323805,63905,988760,46,12
221129,986002,447586,646363,9,38
256263,939704,269101,712259,22,34
469946,913129,297892,548321,12,22
47399,850181,577640,745578,8,40
226597,331345,350627,807079,22,5
101532,401168,200054,735884,26,14
521910,822313,104300,586127,24,15
417831,505425,425639,495847,3,4
465457,665577,211054,900103,34,10
4215,897894,193454,504129,15,44
276947,939659,105403,231933,6,33
308282,465581,48043,777097,36,7
10221,941760,230574,825168,29,46
40516,529568,277863,999306,36,24
484367,798978,603464,934735,16,15
489849,885333,376757,724040,17,19
111443,963155,36374,609509,28,42
78021,847519,58727,986271,46,38
509956,943302,193905,684890,24,21
78173,599741,29394,974149,47,26
202399,489873,3876,902201,44,14
143926,793814,83413,834969,37,32
136151,985178,21694,302953,14,42
2151,528244,111153,879005,38,26
93835,852592,64722,977525,45,37
471849,735334,141024,418705,13,13
210328,878025,162912,783875,31,33
201974,866189,353737,905517,27,33
1347,762845,489368,957785,23,38
250463,785756,507003,540063,1,26
256828,851656,451565,789737,16,29
811011,925144,337306,843406,25,5
359742,826817,44531,121239,3,23
637815,643438,204628,722853,25,0
25769,934209,404152,843565,21,45
153131,459524,495094,686010,9,15
629313,694427,247897,613026,18,3
451663,941725,250555,825312,28,24
134806,798469,184941,674895,24,33
756223,854973,556833,564528,0,4
35687,420556,473296,728245,12,19
464524,711335,665546,773888,5,12
51641,982512,218162,779598,28,46
3580,810354,122361,955136,41,40
358858,961793,130028,877243,37,30
825284,867275,36737,954551,45,2
38372,580066,362417,455215,4,27
352442,943597,6081,655374,32,29
35491,790943,395509,906300,25,37
58429,891710,76065,528237,22,41
149638,600653,28323,824206,39,22
712980,822986,275966,744924,23,5
140532,334607,58560,620220,28,9
113570,141433,12323,925197,45,1
245088,966801,361640,367638,0,36
317171,688010,853944,924561,3,18
298840,803824,235009,528740,14,25
563322,642249,461122,912615,22,3
318713,666603,546954,890252,17,17
154925,719493,138593,168999,1,28
295594,942843,40975,362520,16,32
4838,895731,155194,884703,36,44
649242,801605,708301,978643,13,7
482496,726395,679549,696807,0,12
148947,463762,241349,660674,20,15
182115,527003,65725,430692,18,17
3472,949085,675963,923717,12,47
172487,519534,674902,896926,11,17
20311,807345,276095,366925,4,39
728464,916866,635527,991777,17,9
664614,976560,731902,819576,4,15
26755,963871,47226,975175,46,46
127844,744412,57866,974879,45,30
288182,989349,6245,989948,49,35
7849,944691,269249,376973,5,46
489038,864710,152941,579629,21,18
388622,892772,26824,980969,47,25
45095,201210,634122,634696,0,7
361770,806431,462699,852312,19,22
3229,45058,96716,573999,23,2
238883,946778,442586,870826,21,35
63892,806916,184039,907068,36,37
609979,729609,257248,534083,13,5
937,997374,544987,763569,10,49
383719,942104,314210,739646,21,27
33236,884321,903197,923891,1,42
131777,669028,232318,641918,20,26
178898,289000,8127,730401,36,5
186782,865441,475738,934450,22,33
201158,667564,345724,767652,21,23
62916,882006,518950,999587,24,40
101004,783932,362122,994857,31,34
50869,628850,328266,940166,30,28
104720,842977,281038,496995,10,36
3548,461549,108248,769541,33,22
119496,606506,112281,632967,26,24
399315,913973,184281,847509,33,25
478012,765934,159029,293001,6,14
96486,992513,790342,919475,6,44
35763,209760,484761,781447,14,8
327079,469139,285170,529279,12,7
547202,556358,50316,768061,35,0
377420,934893,5733,931480,46,27
385268,517295,112938,974636,43,6
55396,65149,214441,875451,33,0
90759,562566,205169,706921,25,23
23007,807121,270081,603064,16,39
206891,410363,514005,786562,13,10
53383,260081,840702,938529,4,10
579612,621959,227072,743574,25,2
65159,995107,421138,650873,11,46
208401,859244,39686,923794,44,32
98065,822261,2267,711745,35,36
240107,713183,184819,413519,11,23
188798,988539,26927,955123,46,39
190825,677561,120928,997411,43,24
58423,836555,109877,870662,38,38
172926,691253,442759,686736,12,25
68804,976656,486782,640636,7,45
572695,924645,30881,818769,39,17
440268,943326,70939,240385,8,25
50757,82919,61169,661411,30,1
198287,655145,84286,765112,34,22
249995,764175,671966,785207,5,25
1219,997292,39766,287976,12,49
108828,242681,83855,665000,29,6
46369,886163,564329,638155,3,41
11100,404754,57647,564858,25,19
362843,985824,85659,790599,35,31
134198,600605,192605,978587,39,23
482587,883750,40000,875185,41,20
566823,901712,138564,974635,41,16
18412,861337,292892,497194,10,42
30708,929830,148755,612995,23,44
450367,675949,575390,595914,1,11
868739,938294,535520,728244,9,3
174552,725745,257620,972398,35,27
11247,976771,182343,749407,28,48
154606,938278,312235,979811,33,39
75425,983443,380784,437890,2,45
135821,402104,499704,981470,24,13
68193,941712,264245,684506,21,43
50902,885397,54424,961032,45,41
17672,988547,398198,656170,12,48
316479,726907,514153,930716,20,20
753020,912197,384506,918390,26,7
37512,942648,301305,961075,32,45
588398,989492,878150,916630,1,20
72037,569553,541814,679040,6,24
551560,761127,33701,572260,26,10
41724,973491,36381,952204,45,46
617955,975680,105265,175492,3,17
463322,613287,60316,445542,19,7
23560,999414,93523,783246,34,48
242836,246693,526333,789830,13,0
139340,265500,226070,706073,24,6
315071,877694,841200,860796,0,28
12080,995624,504478,633938,6,49
27988,68129,673453,987105,15,2
137205,750559,276604,339808,3,30
45882,848802,52080,959518,45,40
11167,998033,255428,683937,21,49
52589,827532,55679,913123,42,38
135883,866271,89525,187350,4,36
241580,544508,8738,925418,45,15
152575,569680,34191,77520,2,20
163019,286137,181471,950002,38,6
620656,782206,368945,786707,20,8
322754,728312,225295,793492,28,20
413778,893790,210631,308641,4,24
68942,978103,661961,907550,12,45
28048,312869,79298,896043,40,14
401231,861664,130087,828625,34,23
48387,515180,145472,681055,26,23
245630,655483,149039,879535,36,20
578,962382,303027,853019,27,48
15905,798107,73452,958339,44,39
27056,999711,179482,969618,39,48
164477,949540,414608,798951,19,39
38128,160571,140027,985418,42,6
438423,863257,48077,778182,36,21
274748,810341,484962,679728,9,26
20612,981819,81637,939087,42,48
256707,604043,472316,676037,10,17
210357,278243,261457,936486,33,3
679374,969534,448466,912685,23,14
653646,787441,245127,885954,32,6
142009,689970,58568,544373,24,27
170622,903252,172553,770461,29,36
32907,973252,182793,583651,20,47
145037,792593,117487,121132,0,32
36338,993833,27979,650149,31,47
431103,965210,43051,982854,46,26
694918,698317,333385,454850,6,0
900900,967708,189514,572273,19,3
55735,968974,336002,853366,25,45
130581,739867,473335,884633,20,30
158958,455425,151354,717970,28,14
223315,336483,11190,445315,21,5
64350,66386,328075,655436,16,0
27273,862450,111644,704611,29,41
548896,706610,4583,154437,7,7
38662,819838,735323,778634,2,39
486385,943506,621917,952393,16,22
69742,785930,155904,887610,36,35
85575,976319,628088,828150,10,44
200118,268795,298447,992067,34,3
481753,937691,7071,906405,44,22
671510,997972,882662,980824,4,16
29375,778609,128012,715895,29,37
39213,330917,134072,644732,25,14
114616,498675,118673,949923,41,19
126037,843253,78521,601489,26,35
8226,930341,323733,796434,23,46
95605,414701,2328,857807,42,15
116908,713648,96634,186530,4,29
576769,793716,147040,705807,27,10
87243,677047,889879,903986,0,29
98640,303622,58834,833729,38,10
387503,991408,87641,531846,22,30
249232,550921,171639,680851,25,15
138381,800570,8366,906505,44,33
10346,922223,712042,725172,0,45
103843,383249,33652,847892,40,13
640582,982540,6999,601370,29,17
247694,850364,786969,903704,5,30
646178,988672,489812,536031,2,17
27766,981659,135250,592523,22,47
586971,939888,452019,940363,24,17
78616,788714,150729,595656,22,35
939727,942324,19594,883284,43,0
237451,367743,310002,618931,15,6
25335,195433,284107,540390,12,8
110911,606370,611916,652350,2,24
697460,757257,60413,892819,41,2
81718,879283,498265,908101,20,39
500273,616951,202893,206257,0,5
271684,752317,434604,700807,13,24
324454,921597,183604,461431,13,29
647594,749380,93104,499603,20,5
67538,400263,296473,900101,30,16
356178,990459,270160,962619,34,31
183190,958654,27954,915313,44,38
232451,288239,580828,725865,7,2
29713,152924,78538,194825,5,6
444511,816500,132047,921008,39,18
270819,859107,106712,552254,22,29
382107,523618,291061,735197,22,7
470292,578608,21582,955261,46,5
482887,516557,164316,570792,20,1
412472,984606,163484,604596,22,28
99014,175513,196022,943057,37,3
220547,799459,501879,808417,15,28
54849,366740,60560,959969,44,15
91844,556627,405,952433,47,23
613413,619073,371,999824,49,0
237299,539192,525795,946591,21,15
893733,939968,35572,666240,31,2
38447,267469,319449,764928,22,11
22977,446257,877006,989151,5,21
142445,788376,26665,982532,47,32
348354,782836,230969,972923,37,21
46805,358526,19360,967542,47,15
95045,506835,112380,331507,10,20
750594,933032,106772,632870,26,9
47904,825792,224775,505919,14,38
149311,606052,582594,806540,11,22
27268,267711,125370,647054,26,12
766452,998359,6330,964113,47,11
529691,858613,213948,889740,33,16
110452,686617,31648,967735,46,28
419451,931623,14810,377749,18,25
93983,471477,379408,789443,20,18
332070,653641,307811,570602,13,16
463771,902966,53482,908699,42,21
85647,768652,169624,984802,40,34
158470,240094,271858,981491,35,4
56775,886580,4592,988398,49,41
167303,803684,6133,122083,5,31
717833,857807,63170,991374,46,6
603759,896018,245562,730394,24,14
50542,427827,384865,476099,4,18
76780,103910,216029,993677,38,1
3759,801635,166550,392641,11,39
209199,992900,421612,864165,22,39
5151,985219,53267,700518,32,49
295038,486714,14637,856969,42,9
329373,653698,666684,981958,15,16
649006,769228,72083,970100,44,6
60218,944343,126839,886738,37,44
393422,991024,262815,415729,7,29
268382,659900,166333,235644,3,19
161190,727577,87361,995439,45,28
509409,649441,2539,894976,44,7
95855,802426,19542,950718,46,35
739675,809623,21098,546722,26,3
287858,814300,85153,97963,0,26
323672,979702,376992,931266,27,32
453247,606872,60413,566108,25,7
32776,860666,210169,993939,39,41
170172,183580,447747,677009,11,0
239637,843234,400181,421388,1,30
14663,858259,164199,695748,26,42
595895,912009,9647,996201,49,15
450640,843461,706975,856268,7,19
328554,585716,223264,702382,23,12
16149,937723,121072,628321,25,46
489859,662930,47956,988231,47,8
175146,658401,80499,663876,29,24
793670,827506,347794,439161,4,1
732608,792833,83675,674415,29,3
474601,796270,26944,882405,42,16
16453,991034,75743,994983,45,48
222876,841088,911828,960790,2,30
153038,357762,373488,419726,2,10
331185,743066,50453,982818,46,20
31459,920197,17837,902711,44,44
283975,868096,97613,990494,44,29
81654,535082,53162,550199,24,22
41762,89186,399802,408746,0,2
678288,857427,74874,933883,42,8
93562,929547,334456,749698,20,41
48834,981526,363467,795559,21,46
22575,965463,15454,212822,9,47
892344,915290,598310,726104,6,1
298159,960266,282823,617207,16,33
72677,807747,253224,746237,24,36
116480,806347,7352,584286,28,34
75493,837718,289987,995333,35,38
425734,537941,52873,237183,9,5
9415,975341,294190,716032,21,48
59134,451866,3671,947991,47,19
321939,684988,74505,889431,40,18
220964,375617,66642,714929,32,7
246489,806698,11748,874104,43,28
321042,797521,595216,897483,15,23
173614,769945,180492,781685,30,29
43602,866447,497110,958336,23,41
24932,926411,417893,730660,15,45
535305,982751,555509,924641,18,22
42045,920339,150413,669609,25,43
209383,396044,41531,969941,46,9
437406,994429,283498,336351,2,27
48920,983939,622680,873804,12,46
169387,564666,354255,777527,21,19
559958,717801,132854,996628,43,7
282535,856423,20287,839032,40,28
200013,845492,163665,658718,24,32
209802,831315,336713,794592,22,31
766504,830101,63096,768329,35,3
380167,687652,87123,762918,33,15
227634,899140,2088,992963,49,33
170468,698307,275366,524966,12,26
701997,908324,218563,978167,37,10
153078,838133,133748,921459,39,34
661371,777410,916502,988031,3,5
52541,681854,644740,781992,6,31
355623,917218,22464,998042,48,28
557479,578272,190952,827035,31,1
7685,196365,145528,864944,35,9
4968,829427,156517,262221,5,41
607759,614677,52120,865866,40,0
38351,274460,148406,673407,26,11
187620,896320,71284,831591,38,35
9537,960614,302912,952146,32,47
85402,484750,54271,993015,46,19
443715,846428,31500,977229,47,20
496947,724088,7469,998526,49,11
16032,875778,506278,993028,24,42
337227,373696,349354,857736,25,1
12440,916284,238235,702142,23,45
3343,409312,76385,365743,14,20
717607,912805,581327,949087,18,9
454130,594888,501228,544845,2,7
836506,870226,37130,821905,39,1
341941,573334,709668,712384,0,11
45430,632849,265911,734568,23,29
583040,771332,204954,873724,33,9
555322,720300,66314,962301,44,8
393453,749819,672023,775644,5,17
13254,356770,56763,937134,44,17
379107,941696,18910,660066,32,28
70358,982198,131230,924495,39,45
517276,950619,123064,204666,4,21
205258,903322,97764,984456,44,34
405177,832450,46669,973336,46,21
921355,925453,66182,469694,20,0
538395,751746,330762,815064,24,10
217398,722631,81471,524189,22,25
89955,366472,107327,249761,7,13
416622,816425,249296,816300,28,19
101824,705883,88639,741386,32,30
652292,750466,9202,973703,48,4
389230,549452,447046,720839,13,8
369713,924224,44321,844499,40,27
270709,658372,408969,741914,16,19
13451,991133,237253,759258,26,48
138572,917822,75316,611351,26,38
23280,788868,635147,716069,4,38
310593,932526,144114,905004,38,31
194493,312903,120293,778623,32,5
523026,684604,100331,673989,28,8
479253,991418,93892,970393,43,25
337381,992680,163782,303072,6,32
132007,206843,397119,902506,25,3
306579,543235,94425,999152,45,11
68115,978054,19980,984498,48,45
6394,929753,393026,458543,3,46
274526,511412,827852,883348,2,11
203845,900490,144243,975571,41,34
599371,946146,549433,996617,22,17
197944,787898,489088,785650,14,29
575703,992680,84014,769864,34,20
199470,895358,138392,912224,38,34
402179,652710,194733,690115,24,12
192116,311435,184865,957193,38,5
48622,975754,398673,882111,24,46
5876,957401,171366,939310,38,47
590875,749787,194685,757427,28,7
659182,966879,298015,984722,34,15
301818,842358,402860,791184,19,27
644542,844488,79420,885752,40,9
226276,683759,161799,278426,5,22
783472,878512,462943,561932,4,4
622630,840425,64665,972051,45,10
401097,863168,375869,770486,19,23
51695,944513,107973,965210,42,44
18168,582157,367641,450371,4,28
94253,783048,477925,721548,12,34
514278,610528,53543,820620,38,4
617383,842713,209896,939674,36,11
559786,985960,9458,805687,39,21
517756,964087,509098,650132,7,22
390481,953129,71606,394688,16,28
467400,898726,591205,772852,9,21
301060,687260,34788,653486,30,19
122572,990402,140234,416794,13,43
257485,862323,318352,746579,21,30
74155,879416,67834,964059,44,40
161994,750926,577954,650940,3,29
53648,848044,88214,601998,25,39
488810,557807,92429,879135,39,3
4070,980453,159672,639684,24,48
1559,999937,472146,878108,20,49
587542,911093,456096,591999,6,16
2121,145220,10139,595179,29,7
149091,938794,23237,773826,37,39
186736,988988,127105,759163,31,40
487754,853981,200879,585153,19,18
321439,804767,280200,994635,35,24
9179,839311,93060,604196,25,41
751881,900375,142006,942896,40,7
164372,494793,535126,781318,12,16
199718,831961,682191,926185,12,31
223101,852011,359868,927895,28,31
72433,716702,92145,925456,41,32
85937,998155,241409,377537,6,45
88697,937148,14092,441744,21,42
691292,901660,62783,997001,46,10
1117,993948,64307,794139,36,49
41420,399209,28975,308022,13,17
309187,571186,284464,861263,28,13
185780,643126,5051,986751,49,22
265025,802704,265686,937749,33,26
2285,867254,850344,959885,5,43
334765,619292,396850,432855,1,14
202231,856367,16689,733402,35,32
624147,899861,63683,960161,44,13
313413,970294,255440,729384,23,32
302201,902541,185943,189033,0,30
177908,801095,276465,857461,29,31
691447,907741,185377,657851,23,10
10197,562959,293910,666945,18,27
546242,921756,86272,774762,34,18
267600,894672,543948,717435,8,31
525559,762638,378745,752855,18,11
1169,945259,463456,733383,13,47
12103,185632,114752,661531,27,8
348608,961661,15921,883844,43,30
469034,934091,505861,746425,12,23
256219,460907,636702,816548,8,10
661920,715287,831880,911776,3,2
402601,788877,424490,589765,8,19
112607,826110,6094,134554,6,35
76154,748143,58142,992218,46,33
69378,942364,54909,844324,39,43
650478,926678,346042,525953,8,13
631435,732381,39171,819363,39,5
107596,700313,109692,163258,2,29
328168,717929,73134,521669,22,19
168213,865612,345947,727754,19,34
360957,391506,236184,971053,36,1
133180,502008,145763,981622,41,18
495107,693739,195014,483028,14,9
138039,281015,41852,988269,47,7
42375,848959,98131,959647,43,40
222809,764339,522464,719501,9,27
89460,436250,69719,834102,38,17
572546,615347,5454,902310,44,2
246322,405206,39447,949177,45,7
230111,675772,151626,719674,28,22
20361,977934,470566,497300,1,47
280255,959924,21872,963307,47,33
9536,884598,913167,959511,2,43
74612,813715,500639,762951,13,36
441380,939242,802582,876002,3,24
290548,354576,76745,909184,41,3
127905,961951,269099,544802,13,41
23212,267043,202328,702852,25,12
596060,974490,305535,685192,18,18
479936,731747,260353,597756,16,12
710611,748254,186935,571660,19,1
56391,820853,259639,530158,13,38
38758,591191,15107,998126,49,27
683000,847571,13746,534927,26,8
354249,944891,513224,885180,18,29
87930,826148,402949,595065,9,36
436360,855476,212451,870607,32,20
639072,871056,157520,910934,37,11
27529,157174,220179,625722,20,6
304615,443114,355826,699761,17,6
238752,709189,358,812345,40,23
14023,995464,63029,862548,39,49
804779,830861,273864,717062,22,1
168033,854962,7979,955053,47,34
373184,913471,291997,986105,34,27
580522,930611,78330,758782,34,17
110692,598187,665094,970425,15,24
45168,916255,177316,256075,3,43
632373,741617,11190,986911,48,5
447550,925530,85774,786301,35,23
261583,909219,109069,975773,43,32
42790,565725,30715,870133,41,26
35588,631652,604136,627188,1,29
539679,687881,131087,965511,41,7
312645,586716,339326,524816,9,13
450141,495237,54693,805265,37,2
17197,830334,653562,839737,9,40
159201,795310,125189,462392,16,31
558152,821095,353302,940900,29,13
254588,989133,464258,491702,1,36
420493,767430,58170,370626,15,17
399411,513609,113674,932610,40,5
10558,888358,523348,823500,15,43
204262,779472,238771,752080,25,28
203,885122,43567,994270,47,44
199954,896680,135204,315035,8,34
181301,775952,193296,961542,38,29
272146,989184,59710,919680,42,35
60880,817355,125367,992783,43,37
18172,446416,51922,648058,29,21
64561,234057,353393,971357,30,8
514356,955177,13126,973502,48,22
541919,863375,232840,333117,5,16
648674,846624,741506,888339,7,9
163869,237698,399727,492027,4,3
323833,944482,75437,998005,46,31
210956,702044,340270,707593,18,24
190747,742509,503936,920746,20,27
162944,214674,282007,655697,18,2
4824,985009,68494,963197,44,49
55835,935817,538,976674,48,43
48476,834454,392646,980317,29,39
79218,919938,224812,674548,22,42
127610,636895,130373,754009,31,25
319835,460772,196287,397817,10,7
32718,708860,456646,967406,25,33
7035,589535,152589,584594,21,29
763997,823425,846759,870700,1,2
78366,807003,66157,979596,45,36
722116,796471,205849,678483,23,3
423822,921003,289286,765006,23,24
336410,489615,15821,995567,48,7
618948,953354,6384,892238,44,16
1912,897273,87273,747767,33,44
5031,986844,125336,840493,35,49
226110,472247,62794,941047,43,12
53954,896503,6699,657927,32,42
47914,841061,68481,557154,24,39
403570,826022,55620,770781,35,21
324379,869510,2285,322477,16,27
450624,630588,7504,993161,49,8
645108,922382,106614,900886,39,13
29862,967300,327400,944857,30,46
865641,958553,300946,819425,25,4
964129,995409,226592,691494,23,1
253975,961013,275059,973095,34,35
222852,665756,46117,763031,35,22
3787,986055,180081,465511,14,49
90292,341687,37797,993375,47,12
82046,927841,249864,661063,20,42
225283,780217,548460,823360,13,27
567784,973528,35097,888381,42,20
52562,591491,350673,519992,8,26
53755,833772,32854,977509,47,39
252344,861058,218356,901045,34,30
50263,737539,31366,757095,36,34
104158,933779,19628,858468,41,41
87265,155061,35010,796447,38,3
250500,947029,383424,567498,9,34
170048,425752,2305,988973,49,12
121714,305798,24088,275743,12,9
207678,874424,294015,935240,32,33
437991,837338,418772,702280,14,19
123076,975051,151419,763078,30,42
80900,995197,6579,744959,36,45
266809,957057,394768,669203,13,34
176261,866920,180098,739744,27,34
314033,452152,41341,793894,37,6
63910,974139,524089,941171,20,45
2230,914694,144909,601253,22,45
115092,884561,61337,975088,45,38
528416,769566,615760,698865,4,12
1506,997117,259206,733123,23,49
291857,599135,68487,892806,41,15
295112,379717,169823,747740,28,4
182418,985277,133730,852015,35,40
219378,225033,255943,652422,19,0
220221,739928,152663,916207,38,25
2218,995309,386305,886012,24,49
173190,313008,1680,794678,39,6
183000,648362,718038,807091,4,23
169603,889426,7925,987042,48,35
178730,862915,120377,982360,43,34
27022,977837,879592,924754,2,47
4948,870656,512728,909127,19,43
100638,401649,700056,871827,8,15
13338,960909,280624,504295,11,47
232693,918267,200582,357729,7,34
21686,993487,17486,992723,48,48
239520,367810,110411,822460,35,6
353937,528440,8643,398254,19,8
505406,872437,50605,680641,31,18
140580,956322,213965,273655,2,40
125197,936007,229263,649188,20,40
57285,988013,7873,384624,18,46
167336,737820,175476,313375,6,28
85846,927252,427737,616965,9,42
690587,913871,584596,919174,16,11
176863,582315,348102,666890,15,20
147610,233505,471541,997240,26,4
61031,223428,15832,733339,35,8
284977,304798,158212,170509,0,0
87551,913194,717445,764686,2,41
51348,740068,183816,783015,29,34
430966,609581,560748,629045,3,8
199596,437225,86647,900816,40,11
675991,718872,523141,777184,12,2
19403,971428,22497,957459,46,47
396120,757734,7799,995043,49,18
149973,987420,640054,824307,9,41
392123,888844,58245,835254,38,24
213845,847070,346447,893449,27,31
20135,999630,73719,292647,10,48
357646,762460,316237,930649,30,20
595837,660158,402545,686869,14,3
267720,462910,140297,884236,37,9
161245,319381,187613,975126,39,7
221141,681930,268518,756359,24,23
44394,384428,515530,611196,4,17
569077,863525,37054,999340,48,14
235842,661894,288016,323618,1,21
5572,295353,634832,947102,15,14
56532,524906,356628,689082,16,23
440490,521434,313683,967732,32,4
616198,928415,130597,421254,14,15
19822,177436,75423,183715,5,7
133609,612414,11501,460737,22,23
111667,523568,312223,403897,4,20
791138,881304,145366,944775,39,4
40493,851753,70935,211046,7,40
18091,891020,137374,683940,27,43
353640,960327,109344,989607,44,30
311537,712579,86887,521542,21,20
15538,621367,233269,401590,8,30
155044,892772,69371,701644,31,36
26143,923828,307342,838971,26,44
28694,361216,48650,568725,26,16
233,999437,245196,748916,25,49
253403,796435,225166,856456,31,27
311456,384210,328261,548434,11,3
138010,960915,43308,997561,47,41
55851,981263,540375,553414,0,46
763478,833036,177387,915337,36,3
98079,985388,145999,603263,22,44
117560,846786,26872,794383,38,36
338806,870627,42181,771311,36,26
55374,967743,383220,952686,28,45
155941,796032,71731,921497,42,32
401082,627356,319791,579293,12,11
62590,727322,731090,993969,13,33
11456,994426,30554,908900,43,49
469436,718455,213094,657063,22,12
73777,358114,328151,522041,9,14
419415,993699,152885,196238,2,28
147532,384545,367657,878346,25,11
62845,941330,515404,658544,7,43
199589,417164,731663,950774,10,10
34059,915413,177461,343910,8,44
309043,567841,17392,189456,8,12
121434,963855,95099,351196,12,42
660051,899473,887933,967803,3,11
113718,615687,77171,766207,34,25
345147,384071,58808,944380,44,1
503576,510282,415912,731433,15,0
359074,687432,54866,997857,47,16
65551,461162,12768,994040,49,19
331702,589342,1070,550578,27,12
457458,623155,21244,992813,48,8
421137,475895,247871,841629,29,2
17228,968622,804982,821226,0,47
7852,681118,97708,900662,40,33
410088,881816,55370,595593,27,23
197750,753798,78143,954649,43,27
456705,880285,40018,999052,47,21
45548,870783,49504,892489,42,41
3839,877228,533426,996433,23,43
9072,932283,548733,570847,1,46
533048,993287,592784,853218,13,23
416098,834577,138793,721710,29,20
214775,820283,364474,635778,13,30
3233,949827,20807,965382,47,47
185341,662601,98385,933101,41,23
704692,975130,205031,962818,37,13
48398,732389,502433,940604,21,34
129264,731928,608133,820118,10,30
104532,328973,118649,731544,30,11
519928,741179,276464,513439,11,11
544682,710178,65559,663913,29,8
39661,832940,111457,915029,40,39
10671,995693,111364,442476,16,49
103047,241219,468855,890922,21,6
411745,424467,185140,734026,27,0
332736,385090,56803,716880,33,2
79011,999513,440434,572171,6,46
269103,769326,29929,299073,13,25
165534,848943,343589,876316,26,34
104287,596737,202867,945125,37,24
245387,322148,9749,984518,48,3
15875,955276,762681,947690,9,46
260350,587215,815396,881004,3,16
466299,717894,7786,985231,48,12
2546,856412,510384,668162,7,42
24726,929962,324947,996015,33,45
440309,941772,97725,684200,29,25
36902,354209,223173,974769,37,15
493876,842053,277873,453245,8,17
139777,898549,64565,185168,6,37
156205,589587,248641,555498,15,21
247680,864731,50941,245043,9,30
695,603434,29705,706978,33,30
8870,975437,560356,667477,5,48
120743,847412,701891,826333,6,36
2401,819204,89113,812807,36,40
29150,958239,355942,878435,26,46
154660,996449,315298,827362,25,42
413308,671409,131297,907300,38,12
68310,899851,1578,971746,48,41
335900,816085,17603,570850,27,24
57262,962840,10047,994556,49,45
31979,715083,29231,33468,0,34
61528,144523,390574,989279,29,4
124958,764362,851404,921453,3,31
564751,652999,401259,792824,19,4
1613,990053,619382,800330,9,49
376082,494369,720107,861126,7,5
350160,543190,169320,358733,9,9
235560,963897,6620,994112,49,36
135174,390222,164342,237344,3,12
154241,848908,828209,965846,6,34
40030,583657,131806,253909,6,27
206190,985595,149433,871903,36,38
43720,983918,389774,889337,24,47
337558,777764,12171,958288,47,22
426790,858312,440011,589046,7,21
4964,600898,100947,331807,11,29
366747,939118,115541,686948,28,28
124561,935916,268691,926665,32,40
201792,284473,258947,919540,33,4
471114,953289,325754,525692,9,24
70093,812044,483937,591749,5,37
112708,262683,637242,976823,16,7
483442,683461,555842,748338,9,10
762221,809301,43348,459741,20,2
893756,987056,239911,487154,12,4
337848,931640,96211,877793,39,29
149171,733874,287832,531361,12,29
593,996004,47915,891236,42,49
751941,938778,425311,702877,13,9
299481,437096,252530,944129,34,6
334701,685621,372051,805592,21,17
142671,955083,19676,982607,48,40
509749,630954,226164,733497,25,6
138647,980251,102171,971177,43,42
123392,547940,190230,757405,28,21
276926,848185,281966,951483,33,28
65820,943438,76719,847056,38,43
109822,734674,125547,558660,21,31
94735,798108,456422,631646,8,35
103965,994163,87260,873368,39,44
48056,245051,60795,651481,29,9
80143,959094,12090,389860,18,43
8016,969352,281064,737266,22,48
68025,240216,136541,141919,0,8
621449,909118,321839,996545,33,14
116135,997358,86396,917534,41,44
442570,457263,16905,764123,37,0
7343,435769,113435,588616,23,21
46549,747961,814331,814427,0,35
48386,901746,8776,549198,27,42
17252,996023,137101,517917,19,48
103521,881330,24486,688307,33,38
20793,985804,473836,938105,23,48
132981,230181,369654,425752,2,4
408352,841542,161,999961,49,21
293087,433290,533410,910211,18,7
29047,993416,2311,812249,40,48
169023,236443,5983,860249,42,3
194131,996093,205122,764714,27,40
36406,655631,99391,568721,23,30
7785,993255,205069,978178,38,49
78873,693701,818587,939108,6,30
320892,932432,303385,798720,24,30
160377,195167,111503,958956,42,1
280015,659820,459928,677151,10,18
493265,506757,152664,989923,41,0
497572,507535,293297,713537,21,0
230583,670632,22679,923102,45,22
418651,481055,181700,339355,7,3
143362,541622,292373,829967,26,19
665843,871556,42141,939740,44,10
464102,822020,255730,984669,36,17
343482,986607,321840,948080,31,32
90994,241686,55289,606407,27,7
115062,297336,186630,569189,19,9
164245,835103,92005,953415,43,33
440794,708551,14672,928862,45,13
553076,924518,330218,388467,2,18
116154,606583,39995,369187,16,24
26853,781850,302909,306015,0,37
56270,851137,330802,356389,1,39
242145,849563,436789,521466,4,30
24757,284486,276109,694496,20,12
75727,998452,84300,366075,14,46
606820,840917,62281,608918,27,11
242768,784625,76224,823671,37,27
187719,788045,12605,996769,49,30
160174,488637,25014,959554,46,16
78466,799269,512007,686238,8,36
317593,920862,49545,901028,42,30
11027,990958,228939,465257,11,48
449928,532562,1607,543471,27,4
36660,927907,465369,803914,16,44
260850,659249,107527,876703,38,19
162927,844707,416915,496712,3,34
252704,511519,10407,389308,18,12
75282,908496,1627,922250,46,41
416474,882542,192753,851567,32,23
342778,991004,60,801445,40,32
38461,422128,78464,809617,36,19
123641,947520,173387,920764,37,41
620185,801007,35017,987836,47,9
72930,977324,140811,996849,42,45
36959,855364,253251,510158,12,40
160312,984815,297543,954616,32,41
245021,455669,73352,449716,18,10
241571,828457,187866,812321,31,29
17085,957660,137715,877989,37,47
306353,497709,214862,999335,39,9
725862,899153,90764,961011,43,8
57388,898331,234128,981188,37,42
19822,758969,3777,145666,7,36
230044,816935,394010,947838,27,29
695472,892812,313189,629333,15,9
153905,888573,345347,728808,19,36
13174,976804,540367,960335,20,48
129158,893810,369124,777301,20,38
351608,988353,109624,767033,32,31
83218,939124,468130,516201,2,42
90452,631833,61030,707049,32,27
137767,507653,328230,600180,13,18
234555,908969,49766,957895,45,33
97762,852275,35431,665685,31,37
45366,788602,224097,672432,22,37
505311,832606,150168,926529,38,16
735542,989170,34770,784933,37,12
21563,983143,312782,497425,9,48
116787,208632,490505,936437,22,4
206634,911854,584728,826498,12,35
138598,426197,30166,619165,29,14
105290,953751,152928,782179,31,42
51985,98082,125708,686711,28,2
371039,959061,40416,714203,33,29
616646,836177,85501,961458,43,10
170742,454910,454119,463548,0,14
199754,412389,4357,797701,39,10
460611,768777,173218,422450,12,15
572222,654670,645543,931949,14,4
62601,470341,190579,705990,25,20
510440,718046,238114,247056,0,10
106326,987654,135745,630508,24,44
92409,815271,113151,848200,36,36
45913,835433,88649,993246,45,39
438103,548001,373657,970890,29,5
130785,871603,15480,980026,48,37
220614,852482,323121,723738,20,31
43378,936479,24323,998573,48,44
79380,806212,503016,946629,22,36
480979,834717,75105,749063,33,17
137600,197664,7796,434964,21,3
390049,398641,319355,434373,5,0
25101,244201,328221,742307,20,10
270000,991109,74314,893822,40,36
63351,849428,150412,947645,39,39
124743,748954,253986,876664,31,31
205846,624518,190786,999958,40,20
20458,574635,7320,970749,48,27
146659,569920,117774,619171,25,21
553102,832853,259202,334393,3,13
76647,717353,72734,853014,39,32
198582,477035,427952,743873,15,13
231877,445264,134419,950156,40,10
175888,779339,150047,943682,39,30
272950,955930,38181,439723,20,34
920561,943597,33400,961340,46,1
922,933244,2109,982384,49,46
851279,861493,190890,778583,29,0
399669,841174,163257,797869,31,22
46665,734931,377866,494028,5,34
42366,562560,68689,141446,3,26
4048,999492,879582,954579,3,49
139082,664575,66909,560539,24,26
394061,781380,881539,974305,4,19
30911,997213,205032,205943,0,48
82800,487183,229471,691467,23,20
163622,909499,6102,989125,49,37
330884,908888,143637,930312,39,28
543633,764939,41402,602813,28,11
318807,799447,743896,999166,12,24
750183,968240,5819,950067,47,10
188865,255749,124156,607405,24,3
489216,827019,694628,754265,2,16
133684,716595,15565,990724,48,29
176275,539914,77281,732477,32,18
385886,990471,3378,960922,47,30
66246,444688,213986,893749,33,18
175750,228503,575443,685377,5,2
689134,727765,164276,753706,29,1
399986,764733,609533,715013,5,18
88028,953908,85283,699343,30,43
538519,895481,274037,987428,35,17
186904,887494,1668,796869,39,35
754518,942420,7594,49752,2,9
140382,547712,865,999923,49,20
462910,702178,117495,594294,23,11
93517,613422,170808,970303,39,25
227064,663945,137875,489111,17,21
36712,458440,56944,511056,22,21
125253,973541,100583,929379,41,42
165699,947900,358682,797159,21,39
270282,817280,160459,764798,30,27
593169,917102,884419,918835,1,16
238804,672672,166418,974395,40,21
331747,845836,23869,999132,48,25
477866,548502,29458,963118,46,3
491449,923655,254212,681275,21,21
86796,923666,22678,788881,38,41
103426,902803,463308,601531,6,39
262513,932480,708079,908589,10,33
180018,791078,125703,655758,26,30
142201,956720,646323,885156,11,40
245216,586888,3693,995162,49,17
92197,758106,213295,971132,37,33
6439,991642,171451,766281,29,49
343518,695001,367244,921231,27,17
680966,832362,6461,986773,49,7
6280,19094,302424,866764,28,0
48201,810977,71908,695205,31,38
80953,708892,573735,769961,9,31
458216,778147,179895,569075,19,15
65703,906491,42131,371880,16,42
22323,993404,53597,796130,37,48
48542,566541,660865,689893,1,25
598246,634989,177164,671937,24,1
49164,826783,374170,740756,18,38
169979,553947,573023,591440,0,19
834251,845064,309943,801741,24,0
314595,980609,210823,973424,38,33
496747,892529,151028,966999,40,19
818505,857548,226206,655413,21,1
370057,982940,408180,697063,14,30
180398,582172,20738,983330,48,20
9512,901373,245110,647522,20,44
438501,802757,381232,908564,26,18
72311,802967,554803,930701,18,36
739264,953739,4574,991552,49,10
63682,972167,147111,916228,38,45
86712,947899,457614,779374,16,43
133001,907330,398203,897142,24,38
287516,947016,197384,394891,9,32
163723,875871,323232,381831,2,35
230202,873235,662132,713601,2,32
82410,466629,612389,742981,6,19
144736,911017,95209,313323,10,38
201155,762073,172053,997264,41,28
565826,576969,272712,970760,34,0
344924,373153,870645,976013,5,1
139091,944095,347879,439060,4,40
623972,643556,60395,951669,44,0
58615,675870,34152,858218,41,30
8221,983750,99466,812845,35,48
274888,669181,57606,934021,43,19
65609,692554,970108,976647,0,31
136732,697059,556258,665774,5,28
295936,348249,36075,987116,47,2
260205,340065,11057,998118,49,3
408411,872576,390184,966984,28,23
465594,945332,550718,669848,5,23
187553,311596,84513,746887,33,6
117814,962907,2183,922431,46,42
159629,442834,22949,981778,47,14
522158,813584,157468,452745,14,14
203409,987487,247855,406006,7,39
152995,517641,70247,847435,38,18
62740,597509,119122,541051,21,26
246592,468048,82573,271624,9,11
259220,873160,187249,751460,28,30
128754,702871,580513,856974,13,28
49972,513088,404462,812292,20,23
24898,886308,10507,997154,49,43
557319,910742,649618,846457,9,17
675395,697570,30617,974492,47,1
35509,855196,14061,118960,5,40
28054,650697,234364,326234,4,31
412790,968527,126700,952862,41,27
298290,555282,707111,984857,13,12
676605,978006,210206,734876,26,15
88520,834178,69430,784228,35,37
338183,418673,2486,958465,47,4
404777,736807,3284,998550,49,16
34166,310060,343662,812374,23,13
89493,106549,102494,742480,31,0
35851,910274,259107,857077,29,43
410579,594775,66662,531821,23,9
119126,912928,400177,871325,23,39
114486,214056,314213,918809,30,4
10874,895137,125435,696826,28,44
183330,222514,380092,903706,26,1
20527,124143,509809,862713,17,5
107682,307536,418479,637966,10,9
416172,428166,100989,625487,26,0
173878,550240,107220,344689,11,18
140607,982956,464172,854461,19,42
51897,172565,13158,992800,48,6
214992,471572,2304,680855,33,12
88165,689911,352310,504728,7,30
1868,682093,44966,958457,45,34
261675,832858,199185,943273,37,28
197485,888400,723849,771884,2,34
120149,674390,44296,961803,45,27
12631,975154,154838,498246,17,48
154166,991867,196090,830057,31,41
41220,816817,319848,867486,27,38
363297,892746,65873,806302,37,26
257848,766847,346982,740195,19,25
109836,926260,46769,178749,6,40
355635,765159,430531,585897,7,20
31094,993732,598473,739455,7,48
184011,316103,300091,534483,11,6
54546,540811,47761,986127,46,24
420858,709713,222165,322700,5,14
18881,648984,57783,802493,37,31
746665,868052,8792,836100,41,6
20761,898587,282515,814512,26,43
136326,736136,1360,920493,45,29
184079,906236,30900,133276,5,36
142389,773645,149895,829246,33,31
47036,752126,171357,996858,41,35
85197,88239,170251,456865,14,0
1920,857080,363379,628154,13,42
114817,402388,293481,645716,17,14
801512,949568,262682,755723,24,7
48663,386606,460605,477007,0,16
66682,991467,154713,779804,31,46
792898,842450,323776,769652,22,2
122657,960551,519598,838480,15,41
36996,475234,15389,685281,33,21
184747,711104,210211,530842,16,26
541256,960203,601512,934665,16,20
13589,920487,37883,841746,40,45
197555,681115,538908,548142,0,24
209208,511276,8921,973752,48,15
10572,985120,72442,894181,41,48
39104,754043,345883,921308,28,35
695564,797253,349087,909242,28,5
322141,635004,86055,158434,3,15
39810,403294,230550,808914,28,18
77860,721579,618261,887680,13,32
70268,940997,267254,765993,24,43
390001,544220,85043,780396,34,7
388497,964691,21940,403258,19,28
106186,940603,34110,188459,7,41
58269,219043,287148,775986,24,8
411970,890001,110460,780262,33,23
628880,733416,568590,936900,18,5
297601,674127,285591,986848,35,18
159537,939423,548607,983038,21,38
195788,906733,370115,755045,19,35
31908,844696,158933,911276,37,40
529727,746208,8957,294562,14,10
120655,419230,141986,553519,20,14
181298,971457,736945,838938,5,39
243039,859619,416241,973266,27,30
7988,989245,941470,952261,0,49
314995,608091,586317,811005,11,14
334522,686830,745855,753755,0,17
56613,801588,644061,880341,11,37
326561,736859,451765,938352,24,20
131479,405929,192584,893151,35,13
122120,493508,160376,459704,14,18
192057,857462,244626,918075,33,33
133176,963124,9585,336404,16,41
140365,933850,124087,999203,43,39
201685,553380,140198,795826,32,17
227164,989566,109990,802383,34,38
72540,779557,178439,808456,31,35
795723,954564,55690,909708,42,7
324084,639556,533313,637247,5,15
25114,386441,297647,840555,27,18
146223,679639,159245,672969,25,26
42158,763431,349475,885476,26,36
362848,650013,3090,447479,22,14
103070,705596,557317,934439,18,30
56219,888759,129024,681103,27,41
28907,910427,661240,937882,13,44
403644,992980,827256,954068,6,29
274979,753630,189380,371882,9,23
26396,752046,500351,819215,15,36
312754,491805,10712,751985,37,8
72586,957250,66810,988929,46,44
144068,902663,39177,978320,46,37
580568,785694,256794,859696,30,10
32318,941657,394490,998534,30,45
18966,942612,95577,939173,42,46
60066,999669,474417,794722,16,46
364637,797220,356666,910632,27,21
87454,394849,322122,468887,7,15
232045,770130,50932,956402,45,26
23294,50023,297263,975743,33,1
181827,995891,381271,883746,25,40
12335,998700,248499,471926,11,49
118688,994227,228527,351023,6,43
32761,113152,108414,346441,11,4
97176,381503,314430,699513,19,14
174417,855654,937,990918,49,34
354029,570063,72599,747197,33,10
106774,776575,14026,870830,42,33
235831,708198,388,978758,48,23
415027,788544,449846,753487,15,18
257024,943111,267213,776348,25,34
3307,270814,20346,893735,43,13
238720,595827,109017,394475,14,17
26020,983385,15494,831563,40,47
499897,597856,449717,668862,10,4
31635,169942,33530,232750,9,6
373310,830583,349313,936663,29,22
254935,961045,62242,157636,4,35
172059,799404,53508,855482,40,31
2880,980759,130494,459749,16,48
60175,332547,15576,998868,49,13
129338,859558,59033,992393,46,36
91132,873310,721910,910321,9,39
29884,977067,160288,242772,4,47
78427,350395,1130,975650,48,13
67348,946658,50282,979255,46,43
2933,980836,99663,755441,32,48
567138,605585,161537,387341,11,1
172166,223522,136014,823941,34,2
167403,646998,232084,383420,7,23
300139,553646,163267,471563,15,12
573275,789786,161896,303836,7,10
28672,503889,316143,338407,1,23
717419,769802,289082,500996,10,2
481366,945878,148622,430136,14,23
124800,138840,262249,705903,22,0
571933,585034,875431,947885,3,0
186100,813577,416156,925254,25,31
541713,712718,155329,527169,18,8
710145,967222,20670,656041,31,12
497641,899614,105204,766280,33,20
474251,883686,347749,869501,26,20
6341,803356,641265,720954,3,39
552936,784826,34903,441727,20,11
40300,907188,87499,894122,40,43
308688,499945,772555,907330,6,9
9190,968604,147250,618734,23,47
207416,541514,368997,991015,31,16
484049,582207,135150,826504,34,4
120795,490980,101314,998851,44,18
40818,631503,172588,577423,20,29
578699,911181,177111,538308,18,16
148293,839913,25076,64309,1,34
14236,673816,277702,797784,26,32
64046,508945,363190,447162,4,22
24853,945531,537381,739840,10,46
110440,353515,63958,897584,41,12
2147,999185,21148,199438,8,49
164958,560560,276556,669152,19,19
267900,874820,19270,819810,40,30
228717,974832,98815,947330,42,37
3878,999016,555445,857816,15,49
491532,941612,207170,371563,8,22
158933,278171,278,715217,35,5
21755,555461,772983,875135,5,26
245403,927558,426911,631748,10,34
203533,542755,278535,619050,17,16
170236,821556,148752,226074,3,32
26896,402231,259465,414029,7,18
23087,832955,477882,515659,1,40
166006,968891,468566,943306,23,40
76573,898011,98410,967257,43,41
230513,464642,108710,953771,42,11
427277,968059,799303,905818,5,27
530897,967776,151206,766693,30,21
127581,790700,209553,594501,19,33
574492,911096,413561,748286,16,16
91378,834901,26190,502487,23,37
599777,847873,115511,807333,34,12
135781,605239,16511,997975,49,23
157374,926554,658668,807646,7,38
624908,827219,225080,865171,32,10
106062,737550,217655,683131,23,31
58263,967429,29876,920195,44,45
682799,787715,128247,353861,11,5
178897,967280,341607,707346,18,39
402706,749605,228185,985343,37,17
94372,292063,322739,735400,20,9
107389,344051,9453,945586,46,11
185269,961791,26335,995602,48,38
19352,973571,12182,607272,29,47
242512,695965,137102,639427,25,22
223162,638115,530295,798174,13,20
13618,237586,89842,472397,19,11
486781,864626,131941,981659,42,18
642720,695515,420165,770152,17,2
254474,470730,363742,690745,16,10
516143,855928,84894,844892,37,16
117484,885841,934178,995687,3,38
467831,552895,49516,414274,18,4
228696,450200,111504,974341,43,11
515246,532499,18804,388269,18,0
14561,897420,230170,883312,32,44
448388,880960,326285,609033,14,21
445216,766735,189915,571970,19,16
557880,594571,743916,958206,10,1
742433,913730,268948,419702,7,8
193899,944558,360062,883436,26,37
282853,595128,1458,612878,30,15
222638,812700,666310,884366,10,29
466669,982485,26469,345508,15,25
531432,664879,174903,340322,8,6
757658,950724,99460,535738,21,9
335952,388585,17858,994765,48,2
763322,883739,424091,957129,26,6
499002,702500,133432,371477,11,10
93967,974874,510050,700200,9,44
10573,503465,737032,896914,7,24
68085,924301,603985,768457,8,42
273369,979817,144456,895396,37,35
47633,797656,160375,977440,40,37
134685,979630,383166,847833,23,42
148171,576378,16107,988856,48,21
606491,957502,81299,947479,43,17
48937,981876,148250,498101,17,46
227808,870950,10262,923860,45,32
69363,836593,21775,822182,40,38
74524,561469,198589,800995,30,24
726964,964385,268856,936683,33,11
682001,780267,702274,891688,9,4
2619,967337,62085,730759,33,48
327709,749352,589957,851558,13,21
736183,882009,400788,685897,14,7
182247,747636,24582,913612,44,28
688364,844711,227717,839646,30,7
729852,839822,104826,954656,42,5
600382,896764,384057,585955,10,14
871854,959652,31790,942456,45,4
123956,368504,664380,864182,9,12
300270,897231,26125,784906,37,29
186484,230877,16084,824082,40,2
779549,973351,109968,948437,41,9
32491,379757,450326,591063,7,17
146480,194480,345155,666240,16,2
27687,63901,128009,280364,7,1
330959,895923,237873,710396,23,28
534480,552274,682669,852964,8,0
53547,478314,555609,893006,16,21
586441,683844,27626,862976,41,4
37616,429803,625026,742206,5,19
7371,996281,727137,841411,5,49
693880,938882,52867,908527,42,12
82687,772816,273996,885477,30,34
528148,875687,154847,985827,41,17
74429,977442,27023,862292,41,45
87423,800658,624931,909046,14,35
281476,973890,112491,414565,15,34
719952,823884,509067,727269,10,5
330242,870871,206504,347982,7,27
147685,854752,29554,265389,11,35
282665,971844,88243,748770,33,34
143362,877548,73311,591517,25,36
145612,926678,140073,993388,42,39
721561,728316,112027,964382,42,0
32555,986424,126862,964159,41,47
393446,574169,390413,997367,30,9
5582,879438,1764,750061,37,43
296192,441869,87363,839919,37,7
55818,913845,55667,868428,40,42
125351,773043,278646,921993,32,32
332960,772003,29544,103619,3,21
46677,992978,260031,372081,5,47
69916,295851,315203,950713,31,11
64856,581567,15888,947588,46,25
6830,763368,151912,820183,33,37
3377,543492,923984,954091,1,27
114606,378795,232470,600621,18,13
60438,104867,300135,857928,27,2
133444,186662,50386,977733,46,2
32614,918133,227341,624280,19,44
348990,799454,9298,483670,23,22
664610,867937,295726,645551,17,10
85964,354711,139255,361603,11,13
212489,586565,77273,980522,45,18
410009,716619,652124,874203,11,15
399491,959159,106220,994427,44,27
387703,700453,307117,622670,15,15
677256,938280,300391,597055,14,13
12993,511554,69859,960889,44,24
5373,994165,441024,835277,19,49
77918,875511,258144,468205,10,39
6510,812081,53624,981125,46,40
49461,652254,24490,944695,46,30
164302,631828,183305,810448,31,23
27627,831715,49204,718650,33,40
83225,677320,119985,960662,42,29
214079,916780,379559,416473,1,35
928811,961877,334504,705236,18,1
264436,591436,262278,976336,35,16
591934,861483,14633,943831,46,13
3077,936234,53124,888989,41,46
160844,684324,548308,927882,18,26
8462,941683,813438,985914,8,46
122845,252051,79657,455963,18,6
56396,628906,150294,497957,17,28
281321,929795,187103,799094,30,32
374769,591647,119266,965740,42,10
362311,486779,370547,578435,10,6
535780,871359,264499,491196,11,16
104422,876939,270712,493668,11,38
508512,979135,62206,941826,43,23
1617,328936,163650,858119,34,16
119300,404530,449823,992795,27,14
678435,794968,75479,830975,37,5
185471,886257,91065,602620,25,35
2261,919604,363987,989696,31,45
62762,544426,73909,976012,45,24
138500,983775,445295,678264,11,42
722494,947432,474663,833146,17,11
319813,935150,114983,827036,35,30
374972,918649,70166,354440,14,27
497907,980529,539692,882260,17,24
669144,702727,225665,918320,34,1
85717,472408,690464,907503,10,19
505534,971621,415653,789031,18,23
62987,993045,287717,935476,32,46
15050,766161,194917,944415,37,37
373874,968715,56324,439822,19,29
113972,967272,843948,950759,5,42
343977,666756,363705,883371,25,16
1283,834552,151295,842885,34,41
324173,539561,368867,887009,25,10
11327,954229,820899,898706,3,47
379633,964336,98573,917751,40,29
202384,947568,580063,942955,18,37
326248,503975,258865,777414,25,8
478581,834197,75017,916366,42,17
317918,734245,445650,827683,19,20
15440,291109,194806,866657,33,13
119271,996447,179623,852986,33,43
683316,941453,21855,828544,40,12
238439,924524,101726,957009,42,34
179775,252968,85939,989339,45,3
331788,459481,299630,842588,27,6
24598,947641,157242,974658,40,46
42710,656445,548727,892101,17,30
39566,998550,70739,915764,42,47
229660,522635,246558,936462,34,14
179136,910539,9668,904432,44,36
282042,796192,467429,823361,17,25
206900,994385,121021,767174,32,39
375094,772305,641485,675821,1,19
99008,811803,295406,357305,3,35
152790,876002,329158,883378,27,36
648009,827813,76272,912400,41,8
4765,872800,310393,332773,1,43
242786,535055,43140,878323,41,14
701927,725605,572638,734739,8,1
57062,795250,189533,933325,37,36
220285,803803,86628,793500,35,29
450112,965598,256139,897152,32,25
723833,737999,61603,982714,46,0
2625,767560,59805,404443,17,38
102055,966902,678147,843132,8,43
6510,720253,81752,900656,40,35
48492,959913,18704,925986,45,45
22664,948404,267543,971003,35,46
260010,717431,116640,952713,41,22
197135,709192,75647,825679,37,25
612187,808714,78554,993227,45,9
261506,969917,49806,750414,35,35
376096,846675,143216,307633,8,23
64037,758884,44234,761803,35,34
414459,990374,255761,471825,10,28
86083,545533,326321,348934,1,22
841779,917093,232668,590433,17,3
1728,991010,129790,930055,40,49
44890,878464,257599,611435,17,41
433123,918712,13260,823242,40,24
688441,950936,651982,675935,1,13
782655,943772,622883,737952,5,8
24353,570967,50605,605034,27,27
514982,685251,415203,640389,11,8
581205,957602,25215,947479,46,18
74519,794740,70617,712346,32,36
35229,788510,212351,907669,34,37
367951,549299,750115,982165,11,9
395683,533155,147661,967160,40,6
156528,950582,140224,973562,41,39
5515,993942,162700,905029,37,49
357977,852830,93169,940944,42,24
273028,797842,103155,786521,34,26
194990,440059,526898,550415,1,12
56282,823103,78500,957647,43,38
306343,759709,129078,974113,42,22
561244,855021,108663,986722,43,14
179110,667133,314185,537365,11,24
313838,703275,119701,813124,34,19
16582,896643,42052,847965,40,44
159296,999319,40417,745801,35,42
14757,841851,40774,842278,40,41
105570,680025,325298,873644,27,28
704268,868677,735885,766558,1,8
101495,814130,54538,960991,45,35
201007,641731,666944,869120,10,22
171755,919447,111249,659242,27,37
15007,752085,691167,914452,11,36
333801,815676,312320,519962,10,24
28020,728122,362798,470467,5,35
83775,775018,198289,424819,11,34
332044,844876,396954,943306,27,25
101341,114434,59793,976741,45,0
36375,696184,21112,238719,10,32
44515,230440,263590,285549,1,9
638283,852664,126082,840005,35,10
147592,969290,475353,690342,10,41
102514,615534,81169,894069,40,25
95999,694202,138910,833382,34,29
60590,788664,197747,492896,14,36
461891,927985,355488,711670,17,23
223617,957245,551815,909970,17,36
37824,130112,99430,972225,43,4
546827,924567,43538,69174,1,18
285983,788960,164234,875807,35,25
624020,817248,26527,141133,5,9
9975,999303,98984,797857,34,49
562631,576373,324907,682015,17,0
208314,289049,679464,786470,5,4
73118,904417,556490,591526,1,41
153213,798106,252669,479035,11,32
23932,987165,31746,910464,43,48
188469,538997,66800,985132,45,17
82319,932775,69456,751183,34,42
3589,899974,597815,708795,5,44
89306,648924,252747,463760,10,27
178346,824130,1447,343228,17,32
167507,739357,211113,502826,14,28
17889,863074,83998,990085,45,42
42688,946067,954681,975685,1,45
71036,513067,103346,975689,43,22
232,996979,46557,951444,45,49
9316,965935,143088,428293,14,47
578105,679268,62009,928767,43,5
516186,782511,264191,623883,17,13
690966,725917,32554,900618,43,1
234181,860712,40488,943753,45,31
436463,821880,14312,919050,45,19
631,889574,442123,680124,11,44
609524,932093,442367,645745,10,16
737,946848,124119,985052,43,47
114462,987486,113648,977725,43,43
430659,943099,279647,507848,11,25
361893,669472,355264,563236,10,15
171319,862158,90691,439240,17,34
69791,962003,641641,990091,17,44
34539,848315,15989,705672,34,40
588032,592097,549232,759949,10,0
218129,410006,175278,858005,34,9
446417,924546,710916,922399,10,23
171512,770410,87509,443147,17,29
204107,999364,63803,760914,34,39
344710,357041,99138,121113,1,0
336980,756779,322920,672708,17,20
261517,697781,102215,789816,34,21
18486,126178,278097,963427,34,5
94650,738122,901766,940510,1,32
93758,752765,160715,843948,34,32
12837,181159,148716,840421,34,8
