563556,695851,648180,930886,14,6
287241,954950,154877,916948,38,33
514472,877423,76313,807015,36,18
155866,324409,418206,929565,25,8
213090,833501,66195,874618,40,31
556547,841112,103404,476597,18,14
27532,694188,136598,272710,6,33
301528,635665,118992,968252,42,16
203793,940853,449669,882839,21,36
133664,872834,2004,980833,48,36
126640,890237,89915,275518,9,38
315609,847032,116114,435664,15,26
16805,982321,324317,527712,10,48
20112,258293,191162,470814,13,11
699616,763788,567336,960593,19,3
1859,995094,764115,891433,6,49
175637,336654,25330,31818,0,8
61583,868218,137294,700338,28,40
114024,905279,297375,652179,17,39
123521,698574,61942,575748,25,28
545329,737017,683129,749727,3,9
83623,855181,478678,992630,25,38
28012,988481,124191,636075,25,48
238599,657956,330683,982335,32,20
229508,705785,347705,781679,21,23
27272,690778,108396,570527,23,33
313577,747679,743937,781396,1,21
613340,923868,460098,515077,2,15
454803,639282,66378,828169,38,9
588088,866552,5322,988883,49,13
598092,623634,144756,208356,3,1
156350,909222,38242,949514,45,37
105358,447114,63091,808795,37,17
163852,937861,394164,683075,14,38
148007,736785,37650,947846,45,29
618125,775845,267585,801736,26,7
152760,293718,451651,636680,9,7
202655,912565,173629,656031,24,35
348384,793410,145902,516051,18,22
78274,865503,38272,786795,37,39
437789,946035,552544,858473,15,25
30482,647127,585945,984051,19,30
293135,883731,479076,751627,13,29
99369,946942,398706,974642,28,42
86946,592245,217790,551485,16,25
420591,921668,404161,998959,29,25
294860,922395,14566,990178,48,31
131977,913713,59657,441877,19,39
474268,604323,201302,613604,20,6
19874,949975,677478,881877,10,46
549803,702796,666433,811958,7,7
22671,801205,36382,639226,30,38
670240,743302,131623,934051,40,3
297366,843444,78480,897741,40,27
115468,357251,13643,925559,45,12
291472,375944,262314,938084,33,4
7094,325698,405053,875443,23,15
68912,980438,361254,545745,9,45
284145,409359,398928,972591,28,6
44714,590883,70322,780868,35,27
869699,927205,608521,773707,8,2
88816,461130,4987,581188,28,18
160266,992145,70112,577506,25,41
650840,952738,110711,344659,11,15
70740,453415,439696,477995,1,19
18584,880032,434929,974347,26,43
157111,521640,305704,857497,27,18
453716,938928,37962,635670,29,24
245656,500816,685405,863816,8,12
15008,998599,220503,621367,20,49
242962,520753,157416,979607,41,13
97265,576745,61636,999626,46,23
237520,794115,48501,993956,47,27
398947,883437,71269,973730,45,24
316489,408065,6205,556565,27,4
477963,717618,329475,710333,19,11
808008,953837,430662,722571,14,7
29468,592828,307497,638660,16,28
702590,816274,430788,957669,26,5
41669,883131,506264,962130,22,42
217527,518649,325749,648382,16,15
136586,568658,62089,980783,45,21
703957,987985,13906,844095,41,14
149209,834860,494038,914420,21,34
334156,970634,314047,898177,29,31
74162,325941,221884,891752,33,12
229468,565305,10606,999876,49,16
36472,541640,369899,920669,27,25
199400,683675,545377,660280,5,24
92915,196261,18331,615023,29,5
30513,181814,188433,979201,39,7
45973,261402,549795,608658,2,10
162725,173996,477695,609878,6,0
414980,419352,246371,733357,24,0
138566,802278,2140,809856,40,33
2802,313824,340991,985082,32,15
5520,906810,410452,855051,22,45
43538,994878,94852,747165,32,47
686351,731107,485898,999592,25,2
419460,422672,37059,941549,45,0
10046,997374,172740,327283,7,49
154234,603577,882428,929901,2,22
327342,985409,320879,836942,25,32
6349,320842,59924,665609,30,15
10949,942099,271875,946378,33,46
134880,867546,3202,64042,3,36
314111,338800,468200,968079,24,1
616912,855749,695067,846423,7,11
14650,469005,28583,963483,46,22
72157,977357,62643,657529,29,45
504440,921350,279206,953817,33,20
83199,946803,576960,754131,8,43
7709,954813,155257,901089,37,47
460194,607800,339715,473229,6,7
192936,989302,125599,396740,13,39
661185,666766,105799,947587,42,0
194063,934787,9314,997014,49,37
423783,903811,47989,819485,38,24
114991,967748,413821,824895,20,42
238229,529172,483255,909299,21,14
397577,781705,268169,309385,2,19
75571,889480,89343,984134,44,40
12872,920937,172077,750676,28,45
570134,906197,44585,805879,38,16
39479,413665,304929,719655,20,18
461752,871818,327221,841419,25,20
37081,954784,829811,934400,5,45
521022,605817,2533,987872,49,4
166163,831428,154519,945879,39,33
208466,847127,535966,902398,18,31
15166,583743,192518,837980,32,28
5297,974932,231064,633142,20,48
93816,902421,248963,841268,29,40
194791,709306,121270,798038,33,25
124623,576286,801400,970518,8,22
59964,993272,501249,567794,3,46
84136,266021,452079,866675,20,9
160690,993718,186875,964184,38,41
179402,385274,1564,582275,29,10
86316,977354,720884,751037,1,44
238856,932393,767504,981010,10,34
233883,611632,71019,98332,1,18
35490,432024,632871,931906,14,19
426563,889969,227548,785703,27,23
203969,573875,99193,849825,37,18
20148,977103,167166,588270,21,47
102329,705140,53635,992268,46,30
46935,945650,347954,947720,29,44
166571,561107,361960,614609,12,19
386810,879189,297202,910027,30,24
46721,530725,564991,945255,19,24
87437,858066,621847,668838,2,38
8401,989504,23711,880657,42,49
106933,826967,96755,310730,10,36
85832,699117,175138,938232,38,30
338570,382592,452101,478714,1,2
374260,551317,188665,812041,31,8
172075,867948,61853,820829,37,34
202910,608033,686099,801219,5,20
586273,945623,496560,705040,10,17
312146,844664,131374,406029,13,26
62960,944833,491954,910884,20,44
232092,765068,830998,842620,0,26
2130,571734,716666,765119,2,28
104103,435678,626469,970074,17,16
180955,936327,594784,716181,6,37
373779,708404,582745,964906,19,16
412583,655195,24300,924246,44,12
148401,865871,3314,188233,9,35
507144,958786,342011,864157,26,22
118238,624904,590304,845293,12,25
182562,870502,148488,985862,41,34
61789,690866,141837,778421,31,31
513686,750364,260866,737485,23,11
207890,495844,143936,901009,37,14
276021,557171,17241,886141,43,14
365315,488974,16189,138688,6,6
175806,823817,1923,623226,31,32
78861,593483,788661,962847,8,25
141491,952162,55447,152980,4,40
487781,514193,16016,533552,25,1
88400,736696,690712,720207,1,32
431465,720994,553835,832167,13,14
69395,930357,186787,972017,39,43
254796,407510,74472,338725,13,7
12595,978126,697506,818741,6,48
25316,964006,112975,522055,20,46
564578,764729,585193,708179,6,10
823184,961223,4707,956518,47,6
207120,936912,776971,952214,8,36
283386,393472,274862,938804,33,5
704544,966384,607602,995890,19,13
453980,680576,62469,419077,17,11
32173,971700,639842,905839,13,46
366674,396516,23576,934059,45,1
221050,865518,27741,474075,22,32
220611,633665,13123,986841,48,20
63742,934801,108190,326891,10,43
9338,471169,157886,690096,26,23
861208,971199,95386,905576,40,5
317117,767145,259266,654947,19,22
767802,933477,207972,772134,28,8
21722,995185,165863,917688,37,48
83297,989959,204156,626098,21,45
680175,825755,112168,752695,32,7
808369,922792,207442,909380,35,5
87885,947890,913832,954585,2,43
689291,926450,78715,950661,43,11
112830,526490,180976,416472,11,20
127910,724716,46592,845216,39,29
142679,576781,147238,956878,40,21
778302,810133,664431,894961,11,1
364383,745213,91847,464285,18,19
67945,834655,305059,380616,3,38
397166,955424,64320,751198,34,27
122398,870942,88422,620014,26,37
205435,439016,10211,919376,45,11
207918,231890,141426,783242,32,1
23423,928716,432223,899326,23,45
554528,957266,38008,507407,23,20
477520,896162,465240,843842,18,20
236052,698613,409786,873966,23,23
445246,617859,344761,878973,26,8
82121,650978,104628,302849,9,28
499339,593274,87043,108251,1,4
621805,634186,394948,556457,8,0
71254,896951,337613,949444,30,41
28379,990964,147600,966641,40,48
175465,380256,642176,903434,13,10
4342,948589,402703,429269,1,47
212251,413346,1551,963202,48,10
15484,958061,35875,813844,38,47
515984,648802,194001,215882,1,6
329149,821430,374335,835775,23,24
353693,814866,791716,901297,5,23
325951,648379,427554,692496,13,16
777861,801666,367558,754748,19,1
232487,548599,358035,954009,29,15
42320,976608,35195,637598,30,46
1460,934410,852878,988188,6,46
306864,932192,31509,987337,47,31
8266,996462,211218,466158,12,49
657805,721731,509774,512673,0,3
72189,899325,96533,791758,34,41
35988,214515,194417,346500,7,8
225607,395203,110666,383839,13,8
38237,444194,139883,924401,39,20
612394,839291,202042,774452,28,11
72235,78194,162728,714408,27,0
256527,854752,230034,780446,27,29
39433,953431,9396,11851,0,45
114776,142134,508807,715130,10,1
168362,775091,259706,824843,28,30
754579,760454,8033,460119,22,0
436074,943357,264531,373767,5,25
69873,924779,245145,969970,36,42
455018,795566,54774,980425,46,17
517126,964845,253286,532927,13,22
316555,512459,178072,717565,26,9
265598,690176,278456,411280,6,21
476130,777594,100521,166731,3,15
242489,582567,117966,894253,38,17
402300,958556,320310,585329,13,27
624,983949,47832,730030,34,49
488734,868028,354644,470366,5,18
275505,411533,732257,922793,9,6
159730,285186,764240,832990,3,6
428824,674516,4242,959985,47,12
76562,405284,209684,811480,30,16
609932,948781,249533,841528,29,16
139035,970672,830127,836567,0,41
285763,358387,30241,960819,46,3
548279,857499,222432,572325,17,15
301441,962179,1078,995918,49,33
109383,982538,236602,316410,3,43
145993,969252,399187,893628,24,41
148309,870244,165202,880256,35,36
156673,278071,235905,741205,25,6
169583,678913,400936,879967,23,25
336683,549503,1418,525516,26,10
408627,830362,214708,987621,38,21
84602,999163,119481,998294,43,45
318787,645883,248190,995433,37,16
220877,326468,193203,325524,6,5
112304,846059,275953,634638,17,36
497960,718620,545322,845935,15,11
306042,947262,114612,191275,3,32
428377,963196,410722,811225,20,26
12004,127525,286035,683378,19,5
752694,926845,735494,784598,2,8
428014,543479,266895,925158,32,5
502225,771137,412596,568480,7,13
78277,986718,728919,939569,10,45
400218,578978,314776,745758,21,8
106838,907920,93867,591505,24,40
535876,918795,483106,617707,6,19
124393,439486,391026,883327,24,15
177732,450974,472397,993991,26,13
537477,740841,42792,654262,30,10
37874,334873,563472,687279,6,14
466868,750280,35840,393390,17,14
1389,984974,67045,832610,38,49
156133,857661,145938,991888,42,35
70326,605428,410860,744626,16,26
597890,733498,323971,681023,17,6
112014,598095,457381,908581,22,24
33828,986549,122656,957785,41,47
61469,978900,445305,973089,26,45
519778,870090,304515,664546,18,17
197362,950434,148463,853770,35,37
77516,122138,451387,833285,19,2
261227,851071,756131,961731,10,29
142207,491064,197645,366973,8,17
89004,973744,14425,730602,35,44
284993,609760,68198,887080,40,16
473680,489502,298512,822363,26,0
7484,991496,477934,931202,22,49
293371,792180,38007,986734,47,24
8792,975928,386341,821426,21,48
364011,534344,364663,807993,22,8
430884,955350,229014,871787,32,26
4556,862983,35366,966483,46,42
226089,901963,286487,742653,22,33
107254,850181,912392,938553,1,37
46315,662263,2502,966689,48,30
425589,854906,14809,958114,47,21
177966,471299,760149,980316,11,14
54700,935482,921789,986978,3,44
390651,743374,176345,893061,35,17
165426,985005,54148,459130,20,40
569883,870345,724260,862688,6,15
651769,905478,39514,818238,38,12
45086,876277,440667,719111,13,41
466624,787481,511254,957482,22,16
28672,504759,318212,726488,20,23
128058,517184,365392,909821,27,19
259300,509122,19500,989055,48,12
453597,920102,67795,894728,41,23
49638,770081,4430,999907,49,36
181157,732443,102402,160786,2,27
893092,919513,314995,569324,12,1
125269,702459,555284,988434,21,28
242085,661356,96215,868992,38,20
3636,415056,57801,967427,45,20
38177,951598,554185,865429,15,45
673284,847338,32615,840461,40,8
372995,972519,87045,491407,20,29
437372,547548,39701,989724,47,5
213035,796862,285425,807182,26,29
110979,982973,123828,901841,38,43
24916,676378,192714,891618,34,32
5599,966712,297214,839221,27,48
876102,902196,263831,411138,7,1
212184,240891,2647,949379,47,1
242256,854793,2659,223169,11,30
584626,849908,378610,839059,23,13
674942,880287,457060,896741,21,10
327139,345332,166453,849433,34,0
1758,919435,40471,972838,46,45
46390,569076,57211,186099,6,26
43278,721457,430547,521004,4,33
594186,941585,143312,745715,30,17
61092,924489,213453,959863,37,43
502026,751377,142826,211761,3,12
104003,597986,445595,631080,9,24
100919,950066,5933,143006,6,42
507854,756231,31781,964891,46,12
413399,555904,830230,910319,4,7
714365,808663,3010,895370,44,4
121518,607881,681696,957677,13,24
465646,957804,616773,856072,11,24
17303,951149,110187,801949,34,46
658611,851606,38761,930904,44,9
38015,915248,59337,993319,46,43
90340,812563,163203,929339,38,36
81186,885264,658723,929237,13,40
32638,483657,402005,916443,25,22
205426,748972,421735,729724,15,27
796639,799586,347654,559925,10,0
416572,961829,29791,859456,41,27
36975,342893,563784,566379,0,15
33226,763535,658896,789304,6,36
39767,962104,459082,902932,22,46
10452,823610,300295,658727,17,40
115099,715090,276443,590758,15,29
198544,936393,33649,704925,33,36
801689,944016,180393,557224,18,7
10859,299670,328608,638114,15,14
681988,719915,45470,924594,43,1
484007,698634,25524,978186,47,10
248371,965943,422561,900608,23,35
302239,903678,214261,937295,36,30
97022,996835,378258,984844,30,44
209684,895888,134117,660291,26,34
29586,931688,363589,965915,30,45
9205,994012,387201,819654,21,49
453975,850049,284215,903030,30,19
283100,467750,38443,994654,47,9
210689,271102,218544,776653,27,3
191899,952036,553304,665262,5,38
12507,975140,85313,480181,19,48
35744,475836,96043,572791,23,22
87499,119957,335305,345963,0,1
468141,803694,381286,620404,11,16
20183,845660,57295,904477,42,41
690559,929014,263389,977039,35,11
38585,976149,449,872854,43,46
265403,601767,109611,787287,33,16
15771,79829,32027,869170,41,3
971443,988839,420695,443674,1,0
195952,791066,847040,927492,4,29
1339,997875,141858,345218,10,49
649363,764598,136343,680777,27,5
87646,761026,167493,914852,37,33
412706,686682,526430,712628,9,13
660685,891565,7999,140282,6,11
603735,848709,126681,635769,25,12
209970,671359,68701,274280,10,23
273269,683765,97665,676114,28,20
149626,761381,390525,861568,23,30
161758,878760,378702,780813,20,35
219188,797543,410777,776796,18,28
561349,987159,748349,813988,3,21
551787,981629,93888,590850,24,21
592572,593809,386660,849765,23,0
24018,968906,41057,779168,36,47
359809,802563,276606,502474,11,22
110325,435184,661562,773675,5,16
96929,166484,646815,885058,11,3
7229,962759,107367,281506,8,47
146129,703211,388781,925603,26,27
326926,328314,46925,868057,41,0
729507,879196,214391,643110,21,7
3616,981575,68983,941010,43,48
192387,960915,138011,945318,40,38
161815,857408,127919,226393,4,34
360742,494258,108171,983178,43,6
421736,950423,488085,646386,7,26
474971,579875,56892,520762,23,5
389435,798696,37411,861818,41,20
196373,375550,748449,919098,8,8
633929,979790,224485,682933,22,17
74222,281580,31778,588689,27,10
86059,882887,87471,877014,39,39
307561,989405,12874,736847,36,34
87524,350183,23109,623810,30,13
21287,991085,882325,916370,1,48
311847,650741,272354,584290,15,16
237567,318022,732632,894079,8,4
259163,891647,69109,990193,46,31
60610,460755,2604,728390,36,20
284433,763349,181172,372574,9,23
64387,948547,274166,909697,31,44
319337,585997,475799,842374,18,13
227159,412391,17252,833099,40,9
330759,920459,240262,825907,29,29
544268,789674,56902,515341,22,12
579562,662164,461314,756042,14,4
320857,891781,158952,788898,31,28
3515,942359,206606,603838,19,46
257385,541242,518228,968473,22,14
96222,278627,192010,362180,8,9
19979,921435,332137,604902,13,45
458106,667214,866341,889513,1,10
50586,168310,121279,959231,41,5
504458,998045,651510,860307,10,24
513620,807926,272522,326396,2,14
233172,999529,339750,896664,27,38
522589,841584,43774,877886,41,15
16877,906021,264809,937956,33,44
106263,962777,580496,607211,1,42
425738,787697,255111,719984,23,18
120896,787804,297174,567196,13,33
14403,873250,234450,835653,30,42
37523,966362,18419,520558,25,46
133741,187673,528143,650060,6,2
46783,603582,308899,987809,33,27
87351,851224,28203,990429,48,38
252867,951597,134042,294832,8,34
460526,934510,437641,751357,15,23
123114,134048,24154,407881,19,0
204425,746981,63724,133528,3,27
4713,317222,19006,948575,46,15
220484,937626,669390,687923,0,35
218700,579051,308003,659145,17,18
841046,934067,195184,906192,35,4
24999,862823,125226,782227,32,41
55355,746399,386030,577859,9,34
166312,855035,613488,943730,16,34
231004,479109,195952,474401,13,12
40818,391376,686934,963296,13,17
175069,943955,69770,966293,44,38
25362,793931,9456,650740,32,38
70765,992659,206070,798057,29,46
369996,542783,165521,450706,14,8
129023,649135,131770,855609,36,26
214240,950257,433484,747982,15,36
137900,806532,516104,941569,21,33
25568,674490,18346,478442,23,32
635707,902353,123678,789687,33,13
247916,916661,87020,916504,41,33
534925,999686,364513,626337,13,23
597081,987247,290693,805555,25,19
8313,995025,12568,962532,47,49
99188,654754,387250,891238,25,27
13054,953259,208543,324656,5,47
59923,841305,20565,981893,48,39
335866,946212,141154,970269,41,30
122204,830243,219582,387083,8,35
283296,986023,498508,952156,22,35
116687,968949,165804,994123,41,42
40823,998884,920981,989767,3,47
198393,998144,519628,995173,23,39
400227,848223,296533,442981,7,22
665669,957063,98387,796603,34,14
228807,824746,120266,898108,38,29
784,490588,251876,924087,33,24
11545,995306,399903,925599,26,49
21874,916950,280990,977076,34,44
20584,978235,355468,967522,30,47
64209,260981,547661,834560,14,9
475624,671118,91881,234109,7,9
88088,901431,184957,991601,40,40
502642,742856,137724,940267,40,12
748760,868525,69714,840910,38,5
556076,698464,393130,622144,11,7
35987,636481,3908,447720,22,30
23838,996545,495471,682347,9,48
176387,850812,76475,666448,29,33
224997,296630,97901,459589,18,3
411065,852593,203080,897053,34,22
372156,951187,37815,532984,24,28
498001,720018,374036,872531,24,11
686305,981740,699,999518,49,14
525642,837186,368640,869294,25,15
346121,921821,546232,716119,8,28
1524,947370,628245,724902,4,47
658130,869564,262456,824913,28,10
157850,574806,91214,949050,42,20
173955,740804,564763,775634,10,28
538347,964747,30700,904748,43,21
79640,459007,33410,265791,11,18
350810,961095,571266,995085,21,30
7351,751861,92686,844555,37,37
24987,851606,50478,640527,29,41
399260,939148,70293,996591,46,26
788162,792971,247769,480040,11,0
476195,846761,246345,760553,25,18
222126,891853,138077,837898,34,33
320417,387880,306102,629552,16,3
631756,943263,67470,243654,8,15
104958,607566,38438,989249,47,25
393485,718651,177046,891022,35,16
430727,924703,1226,972210,48,24
346087,697253,716738,754026,1,17
160807,333468,283212,699068,20,8
20122,684303,408051,695693,14,33
129162,796992,636534,855642,10,33
375636,722548,49519,391088,17,17
546306,712036,5613,992754,49,8
91007,469506,136924,968249,41,18
341574,503389,111452,698153,29,8
524264,958159,354783,789715,21,21
324281,912945,546197,607077,3,29
40844,651197,122053,312700,9,30
29872,913348,43978,505268,23,44
5540,995901,269731,944060,33,49
217143,843363,393823,486929,4,31
931143,946930,667136,909850,12,0
542818,907518,527668,746877,10,18
68306,154650,84889,994965,45,4
654668,798651,14572,396309,19,7
115322,900207,92338,817953,36,39
24335,960702,728703,906561,8,46
449650,665416,482935,990184,25,10
166921,962686,2159,992507,49,39
579360,857312,402017,459507,2,13
31368,265970,322464,916414,29,11
3694,987238,37550,305251,13,49
19199,698430,324678,982772,32,33
233247,840876,181941,437414,12,30
245852,688308,482069,681927,9,22
38313,985081,22668,282216,12,47
904975,907376,95713,813680,35,0
164540,951599,35782,961789,46,39
550175,844810,490761,500830,0,14
214299,745145,316087,709855,19,26
45960,843183,158014,961506,40,39
558374,805966,257540,914095,32,12
317552,820108,111150,984335,43,25
125174,487445,142812,289178,7,18
713753,722581,256302,905080,32,0
6794,991622,613837,808868,9,49
257124,355029,447890,758453,15,4
6492,998384,162745,975702,40,49
297635,904876,492269,539302,2,30
424659,691402,228171,789989,28,13
47700,976223,698514,896691,9,46
197682,366019,166903,946311,38,8
262817,948987,270378,311510,2,34
326438,996967,112101,525675,20,33
18074,960461,211801,623785,20,47
771307,952093,261562,918803,32,9
755488,895399,10179,990894,49,6
115372,869481,345336,982778,31,37
10503,752700,23054,297032,13,37
160158,815810,328462,431095,5,32
730744,923599,349453,440799,4,9
501636,743470,643071,695363,2,12
691856,888791,194662,413890,10,9
493047,712139,175309,183448,0,10
39938,667871,470238,710505,12,31
346102,429973,59936,998036,46,4
250206,977252,241482,786564,27,36
236114,844322,294815,828576,26,30
10577,982524,137709,215362,3,48
741203,819816,23242,878288,42,3
67002,933735,198514,378767,9,43
408026,871913,88119,773517,34,23
116755,390221,337314,965163,31,13
148432,894105,25704,589075,28,37
93203,989237,79708,565482,24,44
963478,967277,25116,336853,15,0
7148,897714,259289,980007,36,44
76191,683231,142435,839540,34,30
14329,394628,138726,217305,3,19
342816,918746,185350,770667,29,28
444770,689491,102022,792037,34,12
109432,666431,167030,529075,18,27
17770,572511,523213,641597,5,27
11707,969307,484130,615748,6,47
535288,668014,260417,517851,12,6
129600,615526,266216,990660,36,24
210213,865064,505698,637292,6,32
193597,888965,20170,130009,5,34
363135,988743,329276,440208,5,31
262914,985571,272555,495129,11,36
298772,520255,45926,852412,40,11
63009,332073,245069,945569,35,13
30281,416205,7486,748237,37,19
291384,313569,235477,871540,31,1
416283,514735,502296,992596,24,4
617741,946018,64790,194887,6,16
69552,924493,491808,723024,11,42
161218,373387,140439,532934,19,10
35445,974611,983731,988994,0,46
27256,998055,168375,482189,15,48
381069,971922,181228,807589,31,29
13828,953166,56127,904666,42,46
436075,998935,252285,507508,12,28
46324,714728,114894,977331,43,33
34890,711718,83060,989422,45,33
355026,743429,692690,895388,10,19
177989,971683,27306,967625,47,39
28568,238928,204631,935491,36,10
499336,859046,9381,102793,4,17
87695,913079,61586,94715,1,41
1449,994889,156546,465508,15,49
47638,602383,9517,368937,17,27
756485,780822,40703,877702,41,1
482401,747212,172078,677801,25,13
457269,509043,125820,893403,38,2
97354,746286,605556,757676,7,32
236335,719719,357169,606191,12,24
624309,991925,14404,702042,34,18
342221,742826,73871,999873,46,20
64556,804509,272143,841061,28,36
41465,887776,12875,993206,49,42
377903,725787,103826,977013,43,17
24329,806510,146740,478277,16,39
3656,431220,12688,990971,48,21
844269,873459,81031,974096,44,1
110792,985387,389,999616,49,43
35389,906173,321814,901606,28,43
2933,432856,216627,879688,33,21
226359,967798,271387,882035,30,37
57920,867892,317948,356685,1,40
129805,956955,292384,630907,16,41
14035,990411,542793,544318,0,48
810417,923670,408231,835061,21,5
69891,479695,550955,756003,10,20
223130,322398,40677,404638,18,4
322655,623642,77653,925120,42,15
347773,391117,89089,159485,3,2
427492,738865,378227,403958,1,15
12501,967471,249873,753554,25,47
658028,891593,490187,925876,21,11
722652,844343,291610,568617,13,6
316876,814581,109224,949418,42,24
247777,933694,422774,842687,20,34
155776,852977,148328,919333,38,34
85345,744770,183633,851523,33,32
319728,807913,264102,553195,14,24
317811,809433,380293,781836,20,24
136382,836944,1379,957073,47,35
13048,980403,659606,751775,4,48
5151,586965,533324,975415,22,29
4793,947772,114107,318891,10,47
72528,814224,159636,945719,39,37
208791,731835,444662,688664,12,26
43331,668275,31111,111055,3,31
42013,880739,7019,977704,48,41
137216,807673,653786,655528,0,33
201897,777706,29148,905903,43,28
42377,880181,13661,839623,41,41
254986,893627,42887,909184,43,31
118436,911864,305224,472644,8,39
346789,391020,150948,602884,22,2
14370,882140,40072,169323,6,43
99183,641982,200923,586004,19,27
57830,702655,226730,630941,20,32
228685,643025,644855,962273,15,20
399102,660417,37625,678463,32,13
665852,746971,19496,887109,43,4
248083,358125,617521,865261,12,5
78689,654386,194693,498021,15,28
612779,647520,343883,366875,1,1
34594,837673,642813,719124,3,40
529876,980630,310366,393614,4,22
123957,945249,176196,534209,17,41
168306,867674,56729,976750,46,34
14027,705347,13392,882307,43,34
11995,968863,72125,958750,44,47
394063,844870,146193,941109,39,22
239661,668128,549,998778,49,21
59637,688913,101905,256260,7,31
123559,968124,44576,331312,14,42
231073,577566,594199,713043,5,17
177723,634765,372370,988892,30,22
33733,897407,23337,998878,48,43
19993,923005,162446,993896,41,45
554824,920567,147144,855987,35,18
60142,978750,121213,464418,17,45
349663,911801,17482,977208,47,28
79085,471201,207998,386916,8,19
146331,427420,162849,781937,30,14
3515,418052,200568,821104,31,20
50853,941457,627160,719418,4,44
34459,897858,20912,612533,29,43
553453,606588,95704,956376,43,2
162818,873917,197642,509026,15,35
33647,832899,53081,595555,27,39
96282,778906,6908,991159,49,34
243048,828879,557533,985085,21,29
305540,648935,154687,157028,0,17
418895,711620,101469,565921,23,14
701774,858104,300,995917,49,7
44483,838647,897624,932035,1,39
547000,585387,121739,801571,33,1
161537,783252,415573,983884,28,31
82340,967003,170202,989835,40,44
65693,688554,609345,729745,6,31
90698,745674,60817,593540,26,32
343607,355258,594666,958605,18,0
66491,169276,138039,933520,39,5
184549,893764,395564,420138,1,35
227454,243775,24592,607040,29,0
313703,605280,15343,564851,27,14
210713,932020,27506,541679,25,36
34283,796307,158,983674,49,38
93224,840686,458747,567417,5,37
93538,507316,448976,719632,13,20
16959,996118,56712,509033,22,48
349974,681389,60536,608641,27,16
31086,998404,216319,955594,36,48
243818,655285,615070,776084,8,20
308264,407169,199094,933578,36,4
135652,905786,44292,775466,36,38
24815,972950,639913,987508,17,47
336872,666404,262371,595599,16,16
639,991422,391852,873492,24,49
2478,981207,73319,843424,38,48
155079,774988,163252,676720,25,30
14696,989257,14663,634188,30,48
81043,738872,322008,415363,4,32
3380,984787,48643,918566,43,49
135420,965981,31016,979557,47,41
1376,997380,352570,928940,28,49
139846,647602,156626,439326,14,25
39900,570669,630933,700946,3,26
224055,850408,244510,532859,14,31
326936,984730,281031,505989,11,32
224889,415090,33795,874119,42,9
642084,949129,36662,950305,45,15
663778,964483,61907,760291,34,15
450322,976519,36046,463713,21,26
140443,811580,72585,924446,42,33
223527,361108,365610,913392,27,6
4851,832144,112553,578915,23,41
401831,906154,72418,485124,20,25
142920,456781,143122,938566,39,15
267663,552659,159621,362210,10,14
48561,225119,72980,442433,18,8
276132,969120,151986,832012,34,34
163898,972041,29415,894363,43,40
295843,885502,385837,865894,24,29
39900,450573,54518,308005,12,20
177433,955753,260165,972897,35,38
454232,852723,523447,955050,21,19
308475,815719,797207,855924,2,25
272271,790296,315117,577328,13,25
81647,973663,22206,989787,48,44
91543,392162,374884,900378,26,15
75229,402276,147321,581291,21,16
148434,635977,14866,565553,27,24
435733,978392,703828,940205,11,27
137708,248163,134360,409915,13,5
787860,967226,67616,953749,44,8
75561,285156,31767,955702,46,10
476373,487260,5170,974199,48,0
410301,831034,17536,748902,36,21
56895,231091,294266,505144,10,8
118047,436502,6146,893368,44,15
7635,559568,261398,846714,29,27
229908,745041,591262,609684,0,25
108339,730831,2807,999884,49,31
58669,949629,927582,983622,2,44
59113,634497,780735,790929,0,28
356649,830967,507628,855751,17,23
114477,808181,116984,928119,40,34
100695,244118,397835,906950,25,7
457533,863902,170425,308383,6,20
71800,461894,89508,945610,42,19
20777,912090,810698,942063,6,44
195273,867352,89486,812410,36,33
814643,900834,567794,912872,17,4
199991,609319,3115,999759,49,20
278841,813388,19819,985340,48,26
214029,561687,275162,862112,29,17
95420,145030,121929,644372,26,2
241810,993364,211002,637607,21,37
154160,996846,174675,955934,39,42
240290,404242,564319,785935,11,8
16872,892064,88003,930918,42,43
169145,881162,262098,375682,5,35
914505,981161,394284,991419,29,3
458944,938262,17657,832776,40,23
59508,658048,4154,990797,49,29
368799,718958,542,998535,49,17
95100,987553,167051,719527,27,44
45000,605879,208175,822134,30,28
27839,829929,512,992186,49,40
56719,921814,325337,711026,19,43
46607,439228,113440,983568,43,19
265451,367050,64157,806335,37,5
305787,691016,457173,899032,22,19
53446,830212,87128,987469,45,38
493111,765336,391187,452320,3,13
661878,950018,347971,928174,29,14
336708,504186,162421,990066,41,8
46873,840312,64557,718822,32,39
783052,811752,266120,824081,27,1
357929,857401,368947,413054,2,24
22737,761359,262107,344774,4,36
320694,920373,13762,576967,28,29
560657,624777,394593,708421,15,3
327005,885052,101137,872838,38,27
371800,915308,164820,948177,39,27
653517,741776,378523,981105,30,4
130436,965932,554924,922629,18,41
50650,779254,24699,141900,5,36
381432,955378,94359,948724,42,28
500068,920962,27379,874079,42,21
5403,944367,21938,999207,48,46
201654,945543,201181,759811,27,37
2415,997775,200831,793016,29,49
16136,991423,34897,623165,29,48
727592,910185,286268,478254,9,9
617310,762948,146040,996462,42,7
248755,401407,726347,890398,8,7
388351,497329,53890,676478,31,5
52976,834607,512747,928272,20,39
675470,947893,262636,344650,4,13
75213,350322,120028,600054,24,13
80816,519617,143261,927409,39,21
29609,914384,188986,837220,32,44
285349,791766,66653,698041,31,25
604330,996235,69748,987398,45,19
594841,848586,650062,990639,17,12
43293,121355,442907,887835,22,3
136521,901381,29358,454306,21,38
563319,979432,645599,985364,16,20
576904,989418,106914,251769,7,20
68897,998912,156502,978616,41,46
78410,797711,496246,737597,12,35
322603,764958,767255,773891,0,22
520613,832709,87120,863403,38,15
240164,331381,225009,635441,20,4
50369,486287,123863,403297,13,21
62559,195558,13479,840957,41,6
336220,875099,49070,800281,37,26
282740,924907,10467,998335,49,32
21767,895760,147970,430021,14,43
250487,989970,546375,563405,0,36
767957,793030,64744,677830,30,1
624932,862972,46926,980837,46,11
238176,319413,108026,624545,25,4
252506,942862,429568,651289,11,34
92499,979730,145078,319974,8,44
352526,805043,58712,932238,43,22
67046,770252,649556,729811,4,35
243093,719791,237172,868490,31,23
53584,658191,189318,971390,39,30
313992,474721,103094,859895,37,8
51181,899416,86394,517098,21,42
24147,146080,33580,926273,44,6
58754,856019,471794,998802,26,39
100344,732151,38473,244812,10,31
331662,808946,97367,699259,30,23
110465,971216,41306,524427,24,43
172506,976707,316551,774083,22,40
229401,906538,447664,502051,2,33
66122,819871,32885,870445,41,37
37547,980302,5149,957265,47,47
195509,381831,236619,668573,21,9
271474,821124,286597,749136,23,27
104443,876171,279118,305167,1,38
47711,578890,595171,797423,10,26
383422,791207,403423,755544,17,20
446073,631925,17621,689063,33,9
215552,850592,289356,902779,30,31
418182,710850,68616,864519,39,14
249425,777013,265891,766701,25,26
55557,983178,121803,550537,21,46
198296,584597,41122,961202,46,19
86931,877629,220119,671492,22,39
533246,767306,9492,80349,3,11
250898,811714,7777,410025,20,28
420804,929279,808130,939714,6,25
693315,883934,4029,923026,45,9
97571,695954,337729,527676,9,29
63876,195570,95972,774134,33,6
401094,605857,204354,506220,15,10
116275,428796,23257,656143,31,15
207521,893166,27271,626423,29,34
481444,859901,233694,236314,0,18
220050,667455,403212,842010,21,22
381987,804812,994,546670,27,21
184738,840289,212281,390534,8,32
515245,944887,404642,983988,28,21
622887,927378,532250,970233,21,15
721774,887160,244639,967993,36,8
240497,435708,116748,989466,43,9
424504,583471,172517,898486,36,7
96663,928387,112111,988630,43,41
197041,843996,6221,926202,45,32
2413,871082,175057,832834,32,43
341589,626061,353432,536674,9,14
48538,899397,403254,886444,24,42
340059,663716,361533,521397,7,16
645266,759339,126613,361418,11,5
74747,934337,564603,654853,4,42
346530,626078,103880,991981,44,13
411594,617209,93796,587523,24,10
98759,933917,483219,560168,3,41
136559,236073,291655,876359,29,4
91441,718477,124472,848318,36,31
425388,735740,385774,927597,27,15
781871,872904,143789,293156,7,4
559128,932750,34872,896695,43,18
84252,828038,16016,307658,14,37
215293,732795,325707,930780,30,25
733563,976711,798806,922644,6,12
106225,453366,119340,592991,23,17
443185,837569,28009,760095,36,19
67287,87586,145400,959802,40,1
352514,819959,87295,668365,29,23
203261,757180,293015,504788,10,27
154433,919616,340392,717521,18,38
694287,959369,34352,969659,46,13
356223,731855,298575,742429,22,18
44716,397950,338353,486739,7,17
38736,419254,4866,823741,40,19
98985,993865,236713,750524,25,44
44704,133077,242831,354151,5,4
528027,720670,39946,960760,46,9
210303,843591,543783,777789,11,31
200358,237524,395377,871069,23,1
85214,651020,39053,745104,35,28
327872,489775,78873,997410,45,8
159769,989211,412374,811290,19,41
753481,805270,75933,374959,14,2
64294,443422,136014,568369,21,18
171010,430855,377784,960641,29,12
23019,222611,585023,860080,13,9
38097,97802,325760,543930,10,2
78164,923848,181339,689184,25,42
326395,605171,224386,905532,34,13
138933,914473,208514,378615,8,38
346113,799180,126916,873190,37,22
194501,706882,714263,929318,10,25
237073,961612,432891,572994,7,36
414616,604050,101384,548800,22,9
469259,901061,218718,823742,30,21
18388,251815,317812,963296,32,11
111155,970707,173090,554447,19,42
47469,320431,4329,121803,5,13
403780,554421,361283,770944,20,7
793941,925077,337486,954492,30,6
431420,968243,11998,864614,42,26
282724,805174,82399,963206,44,26
380709,696620,378467,687035,15,15
24543,987952,197087,664781,23,48
505386,760022,63391,359181,14,12
282901,546148,799866,802323,0,13
537803,669547,97844,568524,23,6
804001,929732,834899,841801,0,6
846,986797,47137,975300,46,49
233525,908393,99695,711227,30,33
181552,698459,149416,913240,38,25
421119,785628,31918,557987,26,18
309726,957960,33755,788196,37,32
54278,987623,27911,655947,31,46
136958,942932,250707,909136,32,40
280808,816664,508428,548581,2,26
16426,910238,11431,999493,49,44
70034,693664,67655,986295,45,31
7715,986432,438358,937975,24,48
24135,138882,15982,992729,48,5
569581,823937,59796,482827,21,12
381518,641693,112223,973430,43,13
555764,976498,361992,511844,7,21
443264,939895,163316,660365,24,24
598860,995703,298479,927967,31,19
192774,659283,143569,895575,37,23
476921,793595,328940,624972,14,15
33579,767171,45225,509647,23,36
305322,452398,431,909058,45,7
505658,630995,233016,923466,34,6
345172,618911,75948,810840,36,13
246680,956089,632070,690370,2,35
462043,597511,126313,276109,7,6
525352,866780,144921,954072,40,17
231149,845147,470968,881322,20,30
255267,885127,631151,951073,15,31
149832,415347,18596,769054,37,13
48420,126135,724550,975925,12,3
9069,981740,300501,992000,34,48
41488,755764,129642,649655,26,35
22201,606062,463734,600109,6,29
67485,734776,97747,241593,7,33
97884,933090,351263,892943,27,41
192882,881623,290379,426863,6,34
117471,979354,74196,782732,35,43
128683,397838,129391,721627,29,13
198888,668713,51981,827987,38,23
367414,808518,124658,835382,35,22
154077,989348,744648,911202,8,41
56260,915601,204851,755553,27,42
136276,711980,94353,924478,41,28
729123,856161,11126,217400,10,6
511727,535793,19481,998095,48,1
214608,658632,4590,452336,22,22
502549,888178,753550,987996,11,19
217424,456089,783809,944621,8,11
13988,989456,58459,903963,42,48
106532,259649,359649,437874,3,7
463830,780535,25919,995883,48,15
578374,823161,237171,940755,35,12
18094,887731,611583,838586,11,43
676645,830808,87806,922283,41,7
250861,589875,4714,56237,2,16
339601,525276,310681,424629,5,9
155899,921838,314088,644522,16,38
138980,915848,149297,240272,4,38
120391,966613,17757,716951,34,42
407724,713201,89062,962728,43,15
10730,962288,145232,992177,42,47
6378,631522,76784,909987,41,31
498660,855494,36057,718313,34,17
61750,577102,282953,814944,26,25
159694,912006,322020,579343,12,37
312260,674294,166211,934137,38,18
283666,304084,26685,803782,38,1
21201,980224,26398,990721,48,47
33086,963301,371619,923436,27,46
5613,865112,90664,844182,37,42
673417,719524,457558,648638,9,2
145794,977564,364536,523431,7,41
230677,889051,461631,955555,24,32
329755,956900,371594,703407,16,31
106696,994910,60887,281715,11,44
14095,767404,56760,518132,23,37
107172,714651,21536,823026,40,30
239928,879456,272976,716066,22,31
159176,607606,203249,531846,16,22
708128,757514,110513,938246,41,2
60206,808186,96553,465533,18,37
103120,853824,81459,541310,22,37
130520,714126,7447,946387,46,29
46490,920667,106454,939459,41,43
369153,871324,531256,919668,19,25
180707,906808,83209,867517,39,36
393388,401340,70382,955032,44,0
50799,477436,39023,860272,41,21
115549,791908,209972,911667,35,33
57245,983696,340819,877680,26,46
2664,991894,260648,277551,0,49
374900,817216,87475,684025,29,22
96067,976164,64806,997872,46,44
207500,938335,40014,963666,46,36
5978,793261,11640,844430,41,39
57327,888759,198363,910491,35,41
40706,880203,79739,994211,45,41
810272,909053,6140,80969,3,4
484825,955932,139129,715096,28,23
302503,839037,707484,877096,8,26
74906,674629,578729,868754,14,29
7925,984724,141581,968754,41,48
124242,886427,433131,786728,17,38
303497,897582,169353,335509,8,29
491580,807132,2243,948569,47,15
240792,591084,44208,544868,25,17
59079,185868,11355,937837,46,6
2134,443343,26526,980144,47,22
175839,995259,811,179779,8,40
50932,968572,139786,373402,11,45
39808,641241,22990,199743,8,30
16639,792951,733707,933725,10,38
467478,525970,615727,861368,12,2
742402,820753,705269,794748,4,3
306083,575982,556233,693664,6,13
141614,687143,25188,682240,32,27
8797,750345,279030,787317,25,37
314124,419674,13827,947050,46,5
102095,996020,373828,703539,16,44
17221,120290,40440,913222,43,5
112769,703983,630318,634816,0,29
335104,728118,162768,305331,7,19
303341,883046,703638,966000,13,28
98184,843550,838092,917303,3,37
70230,575337,36440,974726,46,25
172469,687347,118007,687613,28,25
787445,999801,736465,956708,11,10
859360,940364,121958,976891,42,4
43865,826515,454625,657075,10,39
37786,258895,99775,624079,26,11
319394,409692,202979,662996,23,4
74983,831662,342596,503682,8,37
213466,949736,323966,814901,24,36
859543,987186,350488,794984,22,6
16110,115084,194416,623619,21,4
52434,946626,32214,475465,22,44
201839,488521,155766,918263,38,14
373238,717317,78767,304355,11,17
12427,590599,75776,873744,39,28
356746,463625,415645,778646,18,5
186636,309437,127008,889123,38,6
663903,990125,35136,989471,47,16
15379,58742,87346,700909,30,2
274853,284505,1986,188142,9,0
185420,657491,55242,291676,11,23
625,629621,437120,989057,27,31
274261,661857,219210,232656,0,19
256590,872905,503124,533422,1,30
17495,615460,169591,681325,25,29
36616,433137,106070,512979,20,19
834265,885215,532573,997827,23,2
60541,822893,171201,998232,41,38
196839,855751,119926,991218,43,32
249140,995650,142621,842117,34,37
3464,994584,1777,982655,49,49
681376,916213,284529,900893,30,11
6495,944046,67967,844349,38,46
72228,974348,36866,878112,42,45
27446,988103,65813,978456,45,48
44841,567060,103810,685274,29,26
25177,930117,101988,896771,39,45
249218,732536,24301,961938,46,24
100955,904065,21453,995759,48,40
342455,589518,484604,520938,1,12
184671,799279,859337,935926,3,30
512070,980846,406984,914215,25,23
803353,820036,155365,768022,30,0
145693,574969,351023,992125,32,21
174790,620096,110802,879177,38,22
707694,984883,128324,947384,40,13
338612,743775,79730,470502,19,20
144655,902356,275494,613512,16,37
25042,898758,305092,747867,22,43
612787,639770,581418,772011,9,1
361869,838456,251920,260559,0,23
33462,452472,319054,906990,29,20
700,990099,172899,722421,27,49
256356,810408,98783,729536,31,27
676388,690875,134367,175014,2,0
328982,594114,368062,683863,15,13
10847,885963,325259,700099,18,43
1231,955570,323217,789965,23,47
394522,941532,442390,460497,0,27
285074,971278,65961,978414,45,34
92973,948355,56596,321707,13,42
75814,897159,127251,930225,40,41
47895,900750,278983,645333,18,42
166566,966522,250220,342036,4,39
273233,873492,305527,567839,13,30
733148,866847,84053,990475,45,6
137651,826588,35163,328814,14,34
628115,673496,547003,699962,7,2
689511,824440,95112,945598,42,6
193148,973960,20549,144912,6,39
131598,602361,6426,735988,36,23
220608,571319,86682,926414,41,17
43247,925575,394332,672580,13,44
717997,788059,200860,890991,34,3
60777,729615,72765,738114,33,33
238510,726317,314200,330127,0,24
283212,624725,787876,908964,6,17
46528,579711,487224,929742,22,26
35422,912274,96447,374328,13,43
84956,440898,399321,477334,3,17
61802,673659,637237,918830,14,30
142687,877232,184121,931788,37,36
304069,605355,321570,683558,18,15
35720,992996,62648,995819,46,47
250944,731941,337686,959609,31,24
128194,507576,62538,996597,46,18
176036,615386,562385,977196,20,21
193661,393686,243333,684019,22,10
246232,705328,13695,850701,41,22
594332,783101,126982,952631,41,9
110235,874006,462488,920340,22,38
119835,491834,581802,950501,18,18
144115,667920,126337,887717,38,26
289722,406954,524957,944422,20,5
563507,627731,209413,712512,25,3
142909,972544,52926,487676,21,41
685968,752540,20842,984978,48,3
143093,758287,8468,894799,44,30
303497,898296,7296,982478,48,29
625656,882990,251526,613584,18,12
89339,432635,22652,992982,48,17
868647,936730,106768,856446,37,3
64659,920649,166577,468917,15,42
331929,974606,284196,894868,30,32
109589,981911,42483,443108,20,43
564926,757407,91776,111755,0,9
689557,969597,28486,948785,46,14
739314,978249,495115,779912,14,11
150901,952110,952190,963851,0,40
268615,653090,686587,867691,9,19
145916,748230,219795,804401,29,30
83187,721258,212346,645059,21,31
407564,964870,322615,876584,27,27
194116,998917,112384,952032,41,40
225760,556025,15961,841793,41,16
32893,913541,519428,913958,19,44
70407,963747,641915,858111,10,44
12713,985790,229521,875507,32,48
206578,824509,641065,645566,0,30
519027,748496,5424,967068,48,11
251345,726478,178005,880094,35,23
422243,546872,244611,772667,26,6
3913,469219,582711,946720,18,23
243946,658391,255154,805821,27,20
243690,270919,263651,316703,2,1
757642,774254,225234,960423,36,0
257060,563779,284514,541578,12,15
212156,497093,211389,925094,35,14
740512,776545,353033,945348,29,1
127987,875507,652716,706791,2,37
28756,988172,100787,653811,27,47
45422,689401,782678,835711,2,32
265335,622356,7402,918061,45,17
21388,974166,325894,607425,14,47
138240,841226,96401,846534,37,35
115120,704895,154195,962750,40,29
141074,454755,88671,845512,37,15
317439,358892,151099,969626,40,2
348148,910251,85615,428662,17,28
221263,991230,336460,612617,13,38
23974,757634,87947,699866,30,36
82328,892518,93733,851485,37,40
515731,562127,27043,979140,47,2
111904,383397,20288,972919,47,13
68479,706929,320847,785198,23,31
34862,442880,111666,550534,21,20
488968,994775,259293,973835,35,25
624716,873419,284682,829526,27,12
2097,950503,436936,961771,26,47
791526,900679,105226,840904,36,5
266979,996321,471543,844531,18,36
380661,380959,384599,668461,14,0
22082,937058,97701,857038,37,45
303287,448050,137416,881925,37,7
420585,718134,321509,980809,32,14
674749,855540,5069,988073,49,9
844004,933445,85261,856220,38,4
306995,951277,564138,958154,19,32
455650,470055,78488,885520,40,0
431559,850290,189534,633528,22,20
774005,920392,612,107156,5,7
158672,993629,371128,813587,22,41
80506,782180,372341,805405,21,35
230655,325558,330436,963730,31,4
21255,629504,692092,830477,6,30
868604,873707,114365,974740,43,0
30997,844818,112227,827317,35,40
245381,960499,141554,957816,40,35
233017,717523,223101,356778,6,24
714509,758258,251760,975469,36,2
743544,765285,408932,852515,22,1
27274,930671,703193,865706,8,45
445131,529757,638529,877832,11,4
281859,651291,261041,908585,32,18
59538,792799,506627,550913,2,36
404076,849974,261741,897728,31,22
794105,950709,217161,538620,16,7
250490,961073,386132,610100,11,35
397944,910660,603714,687056,4,25
377731,443779,447473,713915,13,3
256931,335419,168244,939163,38,3
182950,712749,506012,743192,11,26
541978,661860,131982,317251,9,5
296578,772818,213995,605515,19,23
863826,998856,79152,396539,15,6
473973,903294,403258,629515,11,21
797899,822504,314886,494402,8,1
380969,855224,420634,678385,12,23
134663,913437,12730,546059,26,38
420509,905143,109662,985868,43,24
113901,140721,224879,588031,18,1
120817,725947,60789,920666,42,30
961127,976622,506516,773851,13,0
105876,729207,72113,915247,42,31
287258,366721,507008,726449,10,3
271468,813779,234766,982976,37,27
122600,717403,260418,925753,33,29
371418,979207,446013,562443,5,30
880728,927758,411774,997313,29,2
399832,923036,11135,999342,49,26
257794,264564,529697,957646,21,0
166047,886597,48696,870036,41,36
41541,980125,396203,888352,24,46
2583,6278,1528,990419,49,0
214744,967499,142927,912628,38,37
306900,924656,545379,628339,4,30
107997,912554,100496,884179,39,40
782921,802204,798598,915830,5,0
170864,978544,712724,845822,6,40
110318,885274,214534,613145,19,38
402873,655864,164135,996843,41,12
109459,998805,319748,740478,21,44
28214,796292,456329,592380,6,38
2280,945057,274393,720523,22,47
235527,912957,690575,719925,1,33
325260,403776,161962,292091,6,3
143571,787641,480253,740273,13,32
732500,994657,216044,976349,38,13
262012,834794,20795,999459,48,28
751223,970087,91728,947064,42,10
571880,828289,235728,443768,10,12
26441,912227,619431,762970,7,44
9072,999510,87699,600501,25,49
106310,459309,253269,887225,31,17
68829,949039,107493,469924,18,44
666332,827665,297254,644299,17,8
650140,873032,18624,775525,37,11
321830,516997,149049,499666,17,9
25987,216496,285514,311365,1,9
177635,566601,153896,939328,39,19
31630,551689,408008,973497,28,26
3399,991877,12192,988851,48,49
17043,865637,556429,699298,7,42
417971,889564,88103,880902,39,23
120589,174033,40755,835727,39,2
386598,675226,553639,966089,20,14
14738,962046,164371,979128,40,47
708743,779643,256646,896424,31,3
208422,975785,390690,890342,24,38
314080,985021,266666,448845,9,33
100264,966317,35703,724400,34,43
169804,672373,98440,530513,21,25
25322,979518,170879,883783,35,47
133764,888884,105478,463317,17,37
254653,403806,135566,352563,10,7
541976,930991,492276,975278,24,19
566420,712970,160266,929752,38,7
193456,980742,310528,823415,25,39
583723,599788,56337,979470,46,0
45359,931029,221298,504537,14,44
41162,621042,698603,938348,11,28
443887,767695,341251,871173,26,16
295240,851144,211900,504804,14,27
493606,672378,435937,571028,6,8
537165,618866,609809,746024,6,4
64624,908327,101574,276518,8,42
106158,681972,920687,999719,3,28
30042,295003,816383,851115,1,13
110803,409617,2657,953395,47,14
223486,655739,339370,878758,26,21
238357,935802,69324,920151,42,34
138824,701365,209188,670245,23,28
392611,862278,108417,785934,33,23
43917,762554,110769,878243,38,35
647977,686113,136666,857324,36,1
77497,932643,812301,872015,2,42
469183,879572,82094,979243,44,20
35992,818352,76598,395290,15,39
236543,781898,68649,801895,36,27
98521,443202,338375,730194,19,17
3366,993390,58169,289342,11,49
307176,645389,66742,970672,45,16
158295,628189,499340,592697,4,23
34845,931070,658269,975366,15,44
9506,139144,241413,969829,36,6
50667,377350,26523,964172,46,16
78821,366051,553958,876759,16,14
137197,732073,143535,963725,41,29
465528,539870,299664,768199,23,3
67720,871876,4970,926297,46,40
3070,722227,181323,761782,29,35
210868,868669,237385,969886,36,32
609718,942085,108811,792430,34,16
675,275756,411514,750098,16,13
118567,956247,363309,888892,26,41
12213,943620,120308,869016,37,46
16622,314860,14681,928075,45,14
332262,576648,30130,769359,36,12
60503,648621,74210,473316,19,29
66879,801931,315865,911765,29,36
77363,950406,94004,956906,43,43
410094,782718,194752,811159,30,18
187960,828189,18425,453518,21,32
56917,276916,708133,919308,10,11
234265,699119,656991,835980,8,23
761435,791805,197369,880352,34,1
368264,970555,380842,981210,30,30
343167,869958,184279,980492,39,26
58591,960366,231975,994647,38,45
164033,631905,128408,456515,16,23
295303,488356,792,130644,6,9
27037,972094,52633,541854,24,47
207761,825981,30461,931238,45,30
88445,929509,3001,954790,47,42
73072,643677,15739,925959,45,28
331155,866313,130950,959487,41,26
106030,402471,365323,655843,14,14
587926,801997,27277,697309,33,10
23058,868942,334117,686131,17,42
78970,999919,369675,456737,4,46
40733,46897,136748,890458,37,0
16650,978276,150183,938770,39,48
123273,530861,194778,681724,24,20
81806,509640,203056,791107,29,21
302413,802075,67306,226591,7,24
68832,886796,510680,658200,7,40
867858,952027,101742,550523,22,4
157854,840717,116509,574530,22,34
55661,608396,35385,965951,46,27
89736,780180,345648,896624,27,34
44742,914070,858479,882767,1,43
283363,577479,404036,659499,12,14
147600,865539,703143,982514,13,35
458889,938092,453193,501677,2,23
21359,922327,182764,907549,36,45
188348,422677,18404,913103,44,11
123362,124003,284486,353705,3,0
342607,770723,135618,882009,37,21
99509,465461,129810,757067,31,18
162737,588133,245073,416578,8,21
794279,828122,405090,826187,21,1
374225,922161,4592,993391,49,27
146351,895391,57680,646079,29,37
469557,595663,29149,652883,31,6
312022,789403,29989,894719,43,23
65475,304408,61176,300966,11,11
2490,989105,490585,837734,17,49
493857,689356,200064,693936,24,9
462631,655319,241140,704153,23,9
82182,830675,101568,764324,33,37
252093,659061,53278,914127,43,20
369794,434534,87774,254071,8,3
6851,838309,11788,993359,49,41
156991,837862,155532,817769,33,34
186612,911826,538392,733159,9,36
345130,347371,99594,871536,38,0
68900,938801,83153,976695,44,43
374013,431706,681617,904196,11,2
221600,530118,612911,822701,10,15
68872,167574,466440,524881,2,4
13104,376040,12922,987991,48,18
175058,751174,427415,560533,6,28
3383,947864,73,999314,49,47
181933,926647,241261,731446,24,37
1146,986263,170254,458025,14,49
419442,814613,25001,616762,29,19
311036,855534,277343,703337,21,27
251352,262212,178975,960307,39,0
344329,687381,39274,881823,42,17
222656,489550,384699,822222,21,13
781629,859720,208713,255545,2,3
786838,828979,419168,475705,2,2
316219,501407,83765,718455,31,9
292697,738069,137390,547893,20,22
48007,937548,3965,772910,38,44
247352,432125,147451,845378,34,9
65255,308535,302770,693373,19,12
115010,765096,35301,870665,41,32
418995,688193,604555,814646,10,13
322962,701666,664656,715300,2,18
630042,776011,283203,913497,31,7
176189,943684,122734,895631,38,38
27871,959346,211923,512301,15,46
230910,983932,564634,575795,0,37
434745,499589,185046,785178,30,3
154364,602807,32211,992707,48,22
140867,502395,569580,695138,6,18
10211,170546,184214,578514,19,8
69974,689598,23713,223995,10,30
10462,933696,44098,782366,36,46
75522,927888,375791,957226,29,42
676518,798471,303199,962324,32,6
326319,627726,10587,991448,49,15
131161,175808,569671,996957,21,2
50570,977740,373682,850514,23,46
309816,726719,133190,661345,26,20
238233,928742,255486,744362,24,34
767126,948291,264801,833751,28,9
3963,943468,171769,977019,40,46
321108,676542,20666,978274,47,17
141882,931003,433421,672127,11,39
473548,968616,507255,815406,15,24
434171,779246,31239,929418,44,17
333175,999911,743846,907993,8,33
543053,620054,33844,827125,39,3
98228,453072,142292,480461,16,17
462313,966856,34508,943652,45,25
30415,634040,327267,989833,33,30
32821,432033,227295,939839,35,19
12076,655249,126931,939809,40,32
205312,773174,308384,987600,33,28
210083,534808,67876,964220,44,16
132513,376828,396380,891412,24,12
147196,609913,22166,990386,48,23
17060,257471,7426,998855,49,12
17169,865456,12324,978538,48,42
411631,655563,339768,571086,11,12
318176,359374,327115,971694,32,2
27052,953923,7775,991452,49,46
161438,390694,140939,911810,38,11
173916,998807,562694,803638,12,41
111297,259784,20146,987511,48,7
42867,826131,246351,960321,35,39
130040,907718,111868,576613,23,38
44125,977933,96765,445933,17,46
479008,869693,15453,493537,23,19
570846,671792,132844,735278,30,5
346977,436581,512706,597517,4,4
332550,436922,734013,901221,8,5
171460,293248,166490,951072,39,6
274150,592077,112213,226890,5,15
37889,704573,53231,603302,27,33
100851,914779,360218,907685,27,40
79968,708569,2581,797201,39,31
499610,554455,82152,935663,42,2
475808,734224,246923,585884,16,12
398642,980199,370993,591380,11,29
5442,935134,42596,994115,47,46
335455,858307,291215,918879,31,26
59934,563069,27717,989503,48,25
24217,99650,148954,861243,35,3
416097,553476,4855,981679,48,6
422009,872315,324582,876966,27,22
235999,754682,15851,839624,41,25
11152,739354,208313,662019,22,36
349574,983698,84729,977013,44,31
96414,231485,86354,169576,4,6
489086,987020,86862,875858,39,24
175600,885484,21438,891133,43,35
140202,918245,922312,932392,0,38
122198,177602,25018,953110,46,2
104142,751984,580021,923251,17,32
58706,944843,28265,859524,41,44
55037,894788,285070,506443,11,41
582264,773949,41049,627065,29,9
482924,691592,9297,839664,41,10
420814,722440,633544,895425,13,15
329081,494660,318471,962222,32,8
85121,987168,21450,983646,48,45
10289,991122,16773,655695,31,49
127174,781683,484647,735170,12,32
176978,346674,151420,757823,30,8
57743,968165,474251,987436,25,45
37635,670008,299273,703464,20,31
286800,438576,625118,980754,17,7
190913,964869,207706,804014,29,38
261605,923294,6480,244152,11,33
151576,985019,552737,764220,10,41
40640,468670,607711,981283,18,21
261198,939316,391488,703120,15,33
923870,938049,497358,577417,4,0
16824,124506,302575,381655,3,5
142911,936809,16757,875610,42,39
38322,880420,53171,718564,33,42
241837,691035,505887,990162,24,22
508394,974427,288270,786683,24,23
23863,978917,167535,766158,29,47
189580,998547,512461,815624,15,40
30571,797524,11054,681300,33,38
17997,254802,23941,847162,41,11
55821,120026,189359,619974,21,3
59408,170574,116159,459210,17,5
479124,905894,132995,647196,25,21
142964,634089,142552,890472,37,24
75000,796873,12949,972787,47,36
94130,859475,364103,585873,11,38
405577,967240,116182,929228,40,28
36964,986424,935595,986062,2,47
330809,985609,298842,627044,16,32
36772,974199,144239,851136,35,46
66297,964584,253,579853,28,44
105697,446011,79635,511429,21,17
361508,893649,76896,787208,35,26
423925,618976,73185,865082,39,9
61438,998702,592803,932695,16,46
559468,700999,75908,657194,29,7
252863,995919,79983,283262,10,37
219704,790917,94315,986133,44,28
3392,985277,331,829662,41,49
91299,796552,23798,415796,19,35
75354,791592,46770,331544,14,35
850261,922442,214213,856158,32,3
8795,903423,38375,913228,43,44
37351,809167,87008,952964,43,38
107736,953852,241734,446155,10,42
907075,990443,50133,852955,40,4
27696,994058,220577,750344,26,48
83555,942793,88394,984173,44,42
159670,587904,401428,735171,16,21
634747,687052,187298,889877,35,2
577101,956021,419111,899450,24,18
175733,958379,6332,609102,30,39
770147,982311,299755,771330,23,10
711194,844650,501385,886015,19,6
399869,872613,388021,843506,22,23
252899,336659,89031,834008,37,4
462319,776944,60749,248780,9,15
209631,911243,463110,589034,6,35
682779,740005,90351,774129,34,2
52981,686283,89361,610311,26,31
236400,629387,433004,779432,17,19
157894,348217,9330,982539,48,9
188515,414894,21032,808394,39,11
507725,904875,94908,987568,44,19
680617,988205,226497,369220,7,15
10019,870713,82536,549883,23,43
112454,910038,80797,671666,29,39
520919,688285,14315,991885,48,8
256,986735,14766,54739,1,49
20224,989735,42521,987142,47,48
55637,451687,652558,924344,13,19
60984,940380,396337,819857,21,43
419985,704079,22987,118821,4,14
487802,790081,246586,694395,22,15
10813,134672,617651,857077,11,6
175456,861702,265309,527872,13,34
142217,620756,467797,614545,7,23
44730,907204,179174,779356,30,43
31344,997131,13746,998092,49,48
328709,406237,241348,422993,9,3
35453,567222,3323,953245,47,26
52522,760417,86571,656481,28,35
632869,667506,193301,467663,13,1
492097,657852,495014,735301,12,8
341025,931120,217251,820119,30,29
68948,937410,121694,379397,12,43
325122,820657,289772,644088,17,24
202313,587580,1537,976167,48,19
682403,909638,11860,999724,49,11
440112,611843,127322,195684,3,8
418330,893563,23393,942626,45,23
145740,563433,535448,952265,20,20
373530,971244,76957,945764,43,29
13611,604565,185946,936256,37,29
237532,669729,388116,845911,22,21
245094,960604,190425,835326,32,35
8913,690909,62556,677997,30,34
113058,653011,231576,725332,24,26
393060,763623,126686,718535,29,18
184364,394477,185241,816125,31,10
172600,724858,280863,762181,24,27
201236,839112,855225,894794,1,31
41300,611014,56176,777585,36,28
440290,596496,214525,712393,24,7
306067,881205,620,450136,22,28
724713,887917,165890,878026,35,8
71159,209845,93209,679804,29,6
124122,791433,197783,448706,12,33
79811,899849,704404,803936,4,41
86935,923798,17589,811526,39,41
123636,215243,121824,765788,32,4
270168,729828,199723,403033,10,22
402911,495007,368589,586832,10,4
5421,536107,375125,992071,30,26
371236,861271,520555,943756,21,24
23746,948729,701827,723437,1,46
386136,697020,478908,894928,20,15
311899,870494,535037,975114,22,27
98466,667525,32180,971556,46,28
104887,401508,117681,973852,42,14
54242,222425,85650,963920,43,8
55448,743823,709129,714577,0,34
382372,637252,13699,881324,43,12
250663,342818,16817,845404,41,4
621356,965038,357518,845913,24,17
481044,523538,330225,950441,31,2
30959,885874,11127,782314,38,42
163480,705470,362802,528235,8,27
34236,994888,19331,720657,35,48
53448,990567,10059,939555,46,46
23822,840642,307754,508771,10,40
2011,952838,44588,717256,33,47
12664,789228,580939,989936,20,38
283576,505663,79322,620915,27,11
431255,540514,17122,931432,45,5
26702,998441,56996,985031,46,48
83140,460447,31897,850415,40,18
436688,968786,626599,919332,14,26
95522,764802,205091,739619,26,33
470907,904379,41966,515052,23,21
237114,413568,292035,785511,24,8
527579,914642,211398,990936,38,19
360229,584298,612276,654711,2,11
94376,974209,337578,454368,5,43
232323,655034,40239,348449,15,21
317715,383783,68139,978188,45,3
50960,748394,51571,611916,28,34
262503,764504,222111,876819,32,25
185154,841861,97546,289408,9,32
45110,650438,314241,628311,15,30
114917,990110,131765,766068,31,43
131227,653729,8486,471364,23,26
244036,297709,126673,624787,24,2
234874,721999,394987,417493,1,24
752877,853916,531676,631418,4,5
359365,906518,33350,994590,48,27
36140,808099,300031,927343,31,38
121257,401757,276331,674989,19,14
22831,430087,731060,739750,0,20
79472,607821,591435,952607,18,26
143100,427135,616085,685234,3,14
79079,907045,510576,913663,20,41
329772,991440,33537,962846,46,33
385138,506270,532656,959576,21,6
24456,556317,106792,784715,33,26
3747,998203,575208,657366,4,49
208079,716123,201657,957206,37,25
175900,681257,341449,366767,1,25
269366,750538,6068,842285,41,24
149659,945405,403266,827645,21,39
353132,748640,8618,405241,19,19
206490,436872,215432,586238,18,11
275846,465203,770700,817364,2,9
325129,835576,184611,676567,24,25
30158,843028,23212,788574,38,40
140164,465402,4564,290588,14,16
13746,721124,72656,393254,16,35
338186,977893,355141,546154,9,31
292076,668852,435622,723700,14,18
175541,656614,370311,435179,3,24
172685,811303,25357,506924,24,31
15619,915154,290776,472695,9,44
125327,446219,483902,486818,0,16
751113,979967,406475,603234,9,11
131236,919752,7479,500507,24,39
275978,962961,7317,710073,35,34
22883,412776,187826,834753,32,19
561898,989202,632970,835060,10,21
87960,874158,821430,922162,5,39
375202,923525,37175,905737,43,27
271843,934424,19473,996106,48,33
461724,797988,200949,237592,1,16
685618,723709,316483,436637,6,1
304829,867241,181061,946260,38,28
214891,892148,447286,549802,5,33
87180,201614,414936,859694,22,5
362145,896142,276449,296656,1,26
253539,835696,622633,782199,7,29
238304,996299,35775,924870,44,37
458065,782413,610495,697100,4,16
336825,981644,127826,897455,38,32
140480,656801,104037,952006,42,25
104655,668252,313881,708036,19,28
589471,874864,45057,715561,33,14
702633,946692,450939,914679,23,12
111587,146074,58422,988511,46,1
110447,323128,19107,904098,44,10
6383,918896,43545,707238,33,45
245924,792633,272973,874307,30,27
14264,572313,665853,916098,12,27
370713,972688,58045,813737,37,30
554629,561653,278515,295424,0,0
441729,740556,209167,743236,26,14
707883,886557,113173,141824,1,8
89664,969390,177942,993413,40,43
133896,944521,8154,439113,21,40
141414,950392,30364,703447,33,40
389083,604578,920146,996572,3,10
92761,850992,685734,919357,11,37
77593,581615,689591,923159,11,25
823097,934845,10916,576243,28,5
236367,995406,220698,624800,20,37
103686,955288,304398,834497,26,42
319716,945634,47673,820740,38,31
647999,825907,37809,349318,15,8
52629,803550,731811,931784,9,37
85565,839101,47547,985033,46,37
25455,662942,10591,287681,13,31
285295,751543,498679,630339,6,23
11320,853279,86457,994450,45,42
144582,580413,448267,735336,14,21
844782,989626,217650,670081,22,7
423107,976136,14383,347377,16,27
65109,793646,78801,989727,45,36
691848,864119,1123,933290,46,8
388470,986732,223914,930654,35,29
115376,907765,75329,845720,38,39
209768,817545,4811,990340,49,30
215890,837790,38380,727108,34,31
27276,972682,592905,956438,18,47
87526,976257,101025,948393,42,44
103624,888761,304793,365804,3,39
16094,834573,561113,948742,19,40
505289,550986,238672,515385,13,2
80148,154730,169209,890732,36,3
86561,975435,27122,822699,39,44
329529,928615,23161,753533,36,29
340991,771910,6393,403627,19,21
58601,962403,70545,122523,2,45
2203,961804,185548,498096,15,47
721716,986412,272005,723127,22,13
256008,604141,398801,801829,20,17
436646,995952,112125,238300,6,27
113502,866616,9413,989125,48,37
16928,942094,81038,987510,45,46
30713,247968,160854,959124,39,10
634326,996122,530093,925200,19,18
55727,688176,49657,763573,35,31
104298,310900,190301,964329,38,10
36889,870333,36958,966064,46,41
168378,849372,289651,808315,25,34
423082,870709,235618,525173,14,22
118572,617569,302250,873418,28,24
18430,930437,2254,404339,20,45
15712,746235,108403,644163,26,36
69700,858262,45013,911775,43,39
22676,996762,173445,436846,13,48
211247,650213,384461,738188,17,21
168196,975407,189670,304769,5,40
448262,882871,243063,940486,34,21
505010,537698,501190,808210,15,1
119403,951256,538673,834850,14,41
362423,438617,12416,958475,47,3
430493,534762,188577,695270,25,5
549725,878310,796733,998476,10,16
424237,764673,131726,653308,26,17
647190,980559,91784,463863,18,16
394223,615474,159375,614171,22,11
183951,981936,552786,710811,7,39
371428,384250,694113,846354,7,0
386591,654313,629611,801630,8,13
123653,875701,72489,873428,40,37
40470,988750,39956,609448,28,47
211299,870568,453542,763339,15,32
47149,763575,37714,858849,41,35
139631,962624,374355,939340,28,41
5293,974337,693807,804469,5,48
63991,452550,175510,995584,41,19
352605,556404,603263,807115,10,10
28865,950490,210462,996109,39,46
28230,575840,127368,272845,7,27
78671,974295,15373,925631,45,44
39737,954310,696733,822615,6,45
297973,554928,72130,678664,30,12
32456,633660,93777,966015,43,30
104583,958615,282993,903669,31,42
381897,647277,225053,523729,14,13
99258,807162,79815,807201,36,35
80259,512904,739725,754624,0,21
483903,992958,479043,920640,22,25
320946,970789,362146,950273,29,32
2093,867078,156535,704803,27,43
463482,606644,236215,848227,30,7
531272,560872,1420,999414,49,1
157622,615626,377941,403617,1,22
447103,716920,309320,728640,20,13
678735,999470,97261,893775,39,16
160185,938693,73471,998916,46,38
196258,407806,163348,347125,9,10
82857,248355,122240,586277,23,8
293592,648213,51117,850095,39,17
244773,639381,214525,520386,15,19
353076,954951,556311,928120,18,30
285687,769806,269094,785079,25,24
8090,915616,357993,905299,27,45
699455,988882,183947,665415,24,14
481434,559605,1555,81052,3,3
225689,321123,248219,779805,26,4
256815,882824,392651,452143,2,31
26484,205697,68083,852660,39,8
265257,898157,14264,677361,33,31
406157,556427,88557,803277,35,7
139132,936705,281773,903586,31,39
376089,471694,116177,801134,34,4
233637,520946,546519,701825,7,14
132620,791626,204760,994642,39,32
47533,203169,35990,976519,47,7
347700,859024,104711,251669,7,25
30465,962686,360618,597978,11,46
147479,841721,71294,954623,44,34
15161,804215,9395,586128,28,39
534191,872986,327635,970011,32,16
145740,897561,457041,853361,19,37
63100,304788,326567,737603,20,12
675160,873844,487335,798067,15,9
292301,842783,878613,972991,4,27
69771,288821,611952,910578,14,10
223270,256256,188439,528498,17,1
533328,768850,300921,967432,33,11
481637,550162,388769,797634,20,3
650419,788345,16290,817572,40,6
463196,569777,266627,483466,10,5
446424,591468,165440,977968,40,7
570134,783665,723213,902530,8,10
51296,994212,77963,273460,9,47
127693,586291,412114,984302,28,22
74377,813156,393549,656757,13,36
64883,969359,166995,880603,35,45
109575,980693,391775,742297,17,43
532627,619345,132517,315083,9,4
553086,811744,614324,795681,9,12
856494,866539,136687,703600,28,0
24420,904360,170790,489766,15,43
90513,400505,251192,960707,35,15
32726,939170,166568,975684,40,45
514372,989070,45525,689760,32,23
520782,521092,131619,635692,25,0
181660,781749,88930,731995,32,30
2137,996206,24884,639020,30,49
395575,589582,126581,457276,16,9
476537,985185,642295,825232,9,25
570082,950064,51145,351428,15,18
229608,511466,20186,914080,44,14
173930,878578,46410,979867,46,35
79256,958212,45489,199522,7,43
42724,919886,78486,992893,45,43
182004,921971,184927,871160,34,36
106083,907745,33120,951365,45,40
238633,724544,39691,933729,44,24
347404,910649,175082,735104,28,28
2025,977566,500124,736537,11,48
116844,985071,33954,985366,47,43
22617,717892,103938,172301,3,34
355488,571452,123295,997568,43,10
54011,898101,17543,861894,42,42
69478,515726,64090,799166,36,22
48185,788804,95900,969829,43,37
264205,942882,557337,635854,3,33
124057,924370,541631,773918,11,40
19593,970053,222317,853726,31,47
30426,985163,71479,985799,45,47
240351,576270,374217,854041,23,16
73696,985977,138099,822509,34,45
302368,603413,53030,866626,40,15
718866,966443,811053,963316,7,12
533679,976620,272442,381330,5,22
88264,988816,26175,929304,45,45
102583,592287,279139,818118,26,24
21074,988100,7482,969596,48,48
265500,301097,117062,681868,28,1
12266,817313,513290,804289,14,40
140710,620737,607620,967998,18,24
20134,973733,3298,878903,43,47
11490,976622,97875,768789,33,48
178863,357331,621158,710499,4,8
240181,425561,569773,806425,11,9
286659,996433,197706,904888,35,35
31980,307384,350807,630034,13,13
250071,960104,674096,891336,10,35
200684,907293,20391,995432,48,35
155659,810397,60244,958788,44,32
225753,939990,446887,511345,3,35
54716,705667,702263,915516,10,32
19089,966096,36595,266133,11,47
107275,969795,22709,528450,25,43
18931,776927,287247,606472,15,37
181538,372125,299805,671173,18,9
176804,645418,343058,635163,14,23
1670,999570,95236,989754,44,49
71971,697190,144546,890009,37,31
526435,598477,437008,779917,17,3
47715,974418,216042,794420,28,46
51909,736934,39043,668297,31,34
100781,751322,159692,539532,18,32
442270,969807,131607,815259,34,26
284027,920928,556445,904877,17,31
144484,998238,279679,995045,35,42
739163,785562,549141,918526,18,2
191955,801619,216237,708849,24,30
84637,847163,213155,519884,15,38
537195,859866,110206,626125,25,16
676585,797633,432737,795298,18,6
63723,102807,842028,924930,4,1
80861,424172,617030,902936,14,17
136741,911859,79580,650951,28,38
20756,652921,294907,675573,19,31
466878,688784,23609,982658,47,11
339783,540042,1498,997851,49,10
54325,968495,439853,922067,24,45
2175,913871,49066,422283,18,45
154183,303384,45275,982223,46,7
499859,571046,74187,742643,33,3
326416,843156,4424,522124,25,25
52661,769394,12632,568097,27,35
41337,779829,340511,670245,16,36
158758,864508,57894,953881,44,35
34111,444475,134496,833661,34,20
9482,978832,321749,957037,31,48
113461,646342,11881,128807,5,26
422031,844524,43945,981055,46,21
727244,909115,81302,696611,30,9
13416,815525,25420,983738,47,40
119477,909783,5797,908388,45,39
115374,967031,775945,849320,3,42
110905,689833,25384,569831,27,28
158841,985390,332514,966583,31,41
37014,91795,2317,965966,48,2
132660,937358,284347,897426,30,40
127422,594623,12665,995665,49,23
290404,362475,963783,987955,1,3
565730,901181,74440,694717,31,16
287688,934800,32412,972275,46,32
167078,567642,227278,978419,37,20
395964,962158,213517,744428,26,28
127378,956324,51348,948379,44,41
530492,933080,184002,994277,40,20
209092,948031,58438,930751,43,36
413113,653042,102020,620023,25,11
184025,566165,209755,732692,26,19
288811,998033,6528,991041,49,35
2166,823131,345090,659811,15,41
31543,957961,236552,883958,32,46
343966,838211,171743,339795,8,24
307016,763028,813721,936232,6,22
265561,869839,372582,727955,17,30
303978,697128,114210,795215,34,19
378598,863556,43035,848190,40,24
339184,440682,485356,495422,0,5
36489,874761,566583,699861,6,41
691603,831595,172266,880723,35,6
568004,900816,119231,695265,28,16
227037,893286,155537,780567,31,33
72778,817494,219951,866547,32,37
522131,612474,29701,306728,13,4
352688,815488,23403,968156,47,23
88534,373330,61092,863541,40,14
365788,640182,226841,454484,11,13
215776,653759,81542,706305,31,21
26686,884887,434391,765731,16,42
687913,749795,61753,934143,43,3
12897,996424,35104,686133,32,49
3376,970563,785932,961365,8,48
566665,910956,87815,394454,15,17
421346,944867,635060,823956,9,26
592051,894781,415968,799307,19,15
73261,846088,105301,861135,37,38
22219,223028,58204,975467,45,10
249830,959634,319982,991261,33,35
583976,798019,162233,876600,35,10
8372,391718,293937,862609,28,19
13489,699093,523715,908250,19,34
871252,909455,179025,892744,35,1
457737,908253,341332,692930,17,22
519101,688600,122304,798423,33,8
206795,571810,105924,202606,4,18
176108,277347,521330,828281,15,5
6644,988953,782113,895107,5,49
711360,918030,29872,729153,34,10
624111,900622,143492,496377,17,13
59382,957797,366262,887723,26,44
4070,999622,126652,862254,36,49
689132,710810,6770,796322,39,1
101402,634727,27650,382845,17,26
31996,751454,124947,738857,30,35
68326,230718,160574,356641,9,8
52422,277685,223877,338944,5,11
104513,352351,314749,843377,26,12
468122,528438,52566,949711,44,3
263233,284308,62634,819219,37,1
50301,636154,208593,238806,1,29
403894,919340,117089,917433,40,25
385774,934643,115883,138185,1,27
446661,569677,244585,583051,16,6
383132,832042,591810,892553,15,22
434583,957206,86421,893203,40,26
70739,635327,10106,996969,49,28
174964,997061,177817,919409,37,41
250184,907162,215338,932812,35,32
21118,978313,160588,436645,13,47
303038,997377,745770,894238,7,34
546818,737257,90600,845841,37,9
71795,793455,164646,799889,31,36
24916,928683,884969,948070,3,45
67834,604371,388245,480672,4,26
6158,982929,427072,789094,18,48
134897,535204,697669,767026,3,20
467437,617018,104868,975266,43,7
118051,736986,13829,156078,7,30
43132,996926,148310,939616,39,47
136709,816319,603603,976848,18,33
215765,856212,301083,587928,14,32
10954,36858,93786,952796,42,1
248477,882481,579443,754626,8,31
632555,913945,251354,990225,36,14
328987,635955,38255,119247,4,15
27273,760101,106525,389473,14,36
68597,329509,192010,982799,39,13
8980,924255,283044,568885,14,45
239543,862262,347503,853823,25,31
305169,493833,450689,964258,25,9
52118,808329,92417,815819,36,37
128602,809183,37776,997774,47,34
261445,936988,170498,662851,24,33
18961,997606,109194,358535,12,48
17152,80621,151362,683112,26,3
6507,701439,173593,485919,15,34
279945,630163,18359,743429,36,17
1016,970366,33471,925774,44,48
82496,894318,38611,677263,31,40
87413,990725,587956,987374,19,45
360892,727464,2575,999933,49,18
116318,819975,44474,545614,25,35
312695,971453,6844,976870,48,32
829795,989664,102970,580098,23,7
35723,237904,282132,935180,32,10
239306,419866,49649,777578,36,9
625982,963420,638060,803203,8,16
72040,939315,19624,35267,0,43
132661,816230,6624,978354,48,34
90882,455616,79630,998671,45,18
336756,915092,719115,739408,1,28
197564,764199,89343,783755,34,28
44069,446676,598739,650643,2,20
111,597190,243967,897529,32,29
124093,779816,120474,777292,32,32
3509,732331,306708,708667,20,36
91404,917417,556801,741161,9,41
2377,996949,23289,810730,39,49
27750,909210,408233,766940,17,44
390399,936238,140237,552915,20,27
321777,608778,148781,770003,31,14
648647,677539,170947,272305,5,1
628244,979210,251451,909072,32,17
466225,799761,125086,319434,9,16
222349,769044,77364,992501,45,27
13851,443871,82114,180991,4,21
7681,818088,312931,821581,25,40
30992,936043,344201,972504,31,45
368543,515767,301440,877982,28,7
172953,879922,93495,999052,45,35
139,845250,84389,886751,40,42
57544,579501,55602,609930,27,26
224124,549352,52776,932732,43,16
21159,622500,316391,954550,31,30
232996,451294,191726,992422,40,10
188244,969631,308315,607305,14,39
4548,725527,348729,742105,19,36
32387,872313,219803,890246,33,41
137485,360722,241872,870433,31,11
25556,997587,99415,664854,28,48
303843,447396,100178,348628,12,7
608745,820017,411972,563534,7,10
399788,794221,22042,976471,47,19
313792,986483,648684,981450,16,33
118777,857539,245181,905029,32,36
8682,776277,9820,959902,47,38
352382,891666,23263,897154,43,26
544731,998700,508219,587073,3,22
626456,709781,302860,561242,12,4
24165,882152,125069,305577,9,42
414264,791741,75318,335693,13,18
352476,799638,164003,976823,40,22
610332,947122,30608,517251,24,16
138823,897753,90815,931570,42,37
729010,847694,493897,975503,24,5
216657,618196,687049,777960,4,20
57851,127611,230459,376633,7,3
316556,462139,129839,801965,33,7
305952,785250,299999,364521,3,23
129364,972660,452377,459576,0,42
433877,674241,190014,941854,37,12
98461,286466,52981,439078,19,9
50120,710918,10451,900257,44,33
617,997914,294525,666944,18,49
77290,372252,545062,705393,8,14
11186,931874,422118,715342,14,46
782927,970962,397090,944574,27,9
487845,699847,156050,564486,20,10
696239,975326,14573,915595,45,13
316834,561970,42340,360166,15,12
17326,934403,2308,990216,49,45
232086,234695,2641,950174,47,0
258664,995266,28634,832169,40,36
181167,654091,105327,953434,42,23
485741,570704,54645,851469,39,4
402116,829083,240821,957895,35,21
290870,468733,27503,973705,47,8
27418,729441,88707,720697,31,35
186642,869571,171152,522424,17,34
564855,916654,255737,802579,27,17
42413,894216,144603,803867,32,42
696220,754983,529472,839059,15,2
598393,607679,356317,774658,20,0
128729,948107,681843,935307,12,40
349071,795868,88426,754283,33,22
412672,979070,97466,851324,37,28
298773,846558,106093,305500,9,27
584082,599204,106694,776984,33,0
884,999404,220474,610343,19,49
63121,881633,34079,874669,42,40
589577,960907,206176,877025,33,18
229138,312795,4607,974964,48,4
45042,853630,24025,759773,36,40
586534,636280,69342,474392,20,2
132654,988242,198432,665904,23,42
19666,981212,418083,748389,16,48
45624,938509,29188,972307,47,44
140022,949476,390437,914416,26,40
742345,855978,8149,992000,49,5
74822,995169,581743,741460,7,46
123168,923382,174932,858803,34,40
811560,918481,399779,699694,14,5
77549,976334,115626,861046,37,44
3711,998120,30195,938947,45,49
352577,599658,359403,603953,12,12
295,988661,200396,955408,37,49
326011,913775,108604,966399,42,29
198667,230706,195683,602746,20,1
23554,903218,675126,757093,4,43
192012,600364,435331,717712,14,20
304157,336456,624178,918431,14,1
9672,995151,38270,753391,35,49
116198,781902,179820,682973,25,33
301326,403629,20015,912556,44,5
85797,931520,71939,951385,43,42
347859,472487,440355,923538,24,6
222962,519969,403331,911927,25,14
177266,516156,330337,737788,20,16
138164,895533,9419,960543,47,37
222794,370294,652017,956026,15,7
198596,275724,479069,964404,24,3
93854,517442,555692,752693,9,21
444747,948212,50097,933027,44,25
827748,861618,193653,730828,26,1
544616,877272,720010,967519,12,16
285791,825407,390559,917890,26,26
238385,468401,308786,719824,20,11
63499,974028,704797,736969,1,45
174793,483291,205059,878179,33,15
191969,305914,295994,633932,16,5
183935,975783,361426,412524,2,39
511547,806348,379769,404184,1,14
128165,996315,124681,796921,33,43
26620,611115,429929,894532,23,29
604278,903028,695,977902,48,14
190550,427111,475235,718068,12,11
132553,173366,410722,983796,28,2
53073,815414,209570,995258,39,38
711286,989265,11911,975241,48,13
112593,862118,731601,884542,7,37
843268,928191,72128,471759,19,4
18703,404914,818,662987,33,19
93244,758027,18926,405883,19,33
104901,804574,110346,135814,1,34
212681,460203,335876,966434,31,12
195310,837036,16857,975740,47,32
1940,961703,551220,935254,19,47
192564,883788,296400,939701,32,34
33925,980143,204025,897325,34,47
171919,974580,368261,688505,16,40
734386,955145,158464,878976,36,11
9206,889110,123118,853271,36,43
513751,887395,586448,768149,9,18
300419,988002,340501,810751,23,34
40509,713568,45349,401805,17,33
11986,808966,295463,656877,18,39
27925,703224,24489,980322,47,33
154342,791591,150375,799785,32,31
286741,663050,143812,940290,39,18
550605,559588,47113,671660,31,0
458919,629042,478021,817979,16,8
79175,481684,88846,272982,9,20
5044,906372,251950,895663,32,45
256170,514128,120879,902674,39,12
118693,808900,60605,857940,39,34
244234,476578,577547,610854,1,11
578807,619668,18846,938497,45,2
135612,645970,124298,915457,39,25
172930,700741,76845,979041,45,26
113469,592863,419657,441628,1,23
33859,281594,25371,882443,42,12
200841,509836,181331,917905,36,15
578140,689590,40321,77819,1,5
400469,953468,408272,980097,28,27
8254,998721,352388,815169,23,49
305638,556381,299271,304886,0,12
243758,611545,31414,983284,47,18
284255,341871,6414,997759,49,2
22445,729622,15374,807691,39,35
724600,962328,560821,660221,4,11
70585,332288,48814,594022,27,13
327892,737873,178354,791913,30,20
488874,939283,43341,959134,45,22
5041,978316,356159,714623,17,48
112050,903714,291804,991097,34,39
211513,935474,361000,392848,1,36
304514,653298,169138,837577,33,17
362681,807964,3169,994364,49,22
195382,913619,167985,857645,34,35
193214,697430,313614,379898,3,25
411837,974102,130402,417601,14,28
842599,857584,523478,850140,16,0
24490,818745,201207,865443,33,39
699148,756797,115174,862553,37,2
721725,957319,642558,964986,16,11
127524,889312,232229,917533,34,38
301645,813591,10106,732226,36,25
213196,361312,632338,682469,2,7
127888,451297,7456,980852,48,16
779025,929511,253557,278038,1,7
410692,925057,553736,897847,17,25
48989,490559,213755,864222,32,22
412715,918202,227573,918364,34,25
880816,921357,196979,858525,33,2
13135,998572,146979,311399,8,49
735962,915667,25208,866720,42,8
511490,721554,214068,458539,12,10
762276,834865,238791,803590,28,3
250759,707331,732865,980871,12,22
643143,988321,343629,388858,2,17
11724,652359,108072,955098,42,32
302465,665596,344593,514669,8,18
138206,947885,312360,791378,23,40
1682,296660,393329,959956,28,14
286377,506948,127961,984135,42,11
135709,955396,434306,482971,2,40
77926,978155,132183,282280,7,45
23380,788435,479883,726928,12,38
71170,670109,371908,714928,17,29
101679,790746,665902,924579,12,34
146817,798364,144133,696649,27,32
311881,808363,19322,671031,32,24
150209,206418,8314,363774,17,2
300379,714480,642230,675967,1,20
30861,801176,258274,410049,7,38
152088,739851,241929,940690,34,29
245036,363392,175157,868133,34,5
50176,325399,306170,560595,12,13
440180,576535,391442,441797,2,6
3689,997465,107205,434161,16,49
183704,896074,743811,894072,7,35
170928,303015,117914,861365,37,6
481158,571323,296405,629713,16,4
535569,743128,122580,488881,18,10
141281,792042,729048,745898,0,32
54966,485662,102320,998814,44,21
31498,954853,262736,627604,18,46
160085,304541,160414,842741,34,7
484722,603329,82999,128715,2,5
158724,527462,417339,672941,12,18
43947,678836,576561,592248,0,31
189004,969756,464696,483801,0,39
371540,990231,44110,990504,47,30
350570,859172,8801,993924,49,25
358399,770463,49724,999432,47,20
142374,929002,492341,739738,12,39
180013,589841,249996,967134,35,20
562578,923039,52646,896325,42,18
70771,971973,617260,940757,16,45
1211,509545,269366,645887,18,25
15999,993047,617378,663710,2,48
36919,635823,859200,901982,2,29
80408,755584,413266,973500,28,33
535899,587436,49563,942146,44,2
232558,355667,239974,415347,8,6
18256,949281,555441,603887,2,46
187520,959058,51356,911177,42,38
966174,996021,431481,769768,16,1
285545,898539,117003,665609,27,30
414257,807258,664319,993825,16,19
176375,229764,627755,728804,5,2
440128,617077,243378,926556,34,8
391375,640196,251853,815244,28,12
66290,980360,5255,947409,47,45
258424,357085,57838,998137,47,4
548031,979114,485202,526746,2,21
386845,978182,18998,964231,47,29
316261,530208,207296,960693,37,10
408400,597676,312315,568900,12,9
624729,955719,95967,175466,3,16
434041,931801,104410,791285,34,24
274219,660229,698869,805685,5,19
63276,303258,131764,824417,34,11
317302,418453,595108,736097,7,5
333456,627904,687562,787682,5,14
573848,947248,403485,472848,3,18
223653,491857,62807,907443,42,13
30640,927695,798382,815596,0,44
811321,922381,124480,967350,42,5
87471,633478,99684,949313,42,27
44314,865023,658591,712637,2,41
18401,991141,467674,751698,14,48
455076,518627,186154,480771,14,3
174239,242327,2096,999419,49,3
357280,507458,73250,615467,27,7
8733,124433,117356,233170,5,5
222750,959263,8413,858673,42,36
967682,970677,571996,919288,17,0
303936,647649,414928,611219,9,17
438942,611392,177710,736959,27,8
10029,994961,82274,161258,3,49
21023,862810,702330,952390,12,42
348019,838287,7042,994552,49,24
95348,806398,406633,768558,18,35
585465,915920,174162,912960,36,16
208964,650509,113238,957542,42,22
3023,992986,623171,670350,2,49
378022,972767,388169,708395,16,29
335564,757657,333139,578009,12,21
135176,740275,114263,821213,35,30
335717,983368,144427,708419,28,32
50554,997431,737269,887984,7,47
341955,741769,148,991374,49,19
591333,723367,363922,467476,5,6
64444,765097,28869,385538,17,35
888892,981636,412943,986914,28,4
61775,878702,504112,872102,18,40
406318,761244,188138,760509,28,17
360313,931686,407447,559681,7,28
137954,620575,193940,910825,35,24
584322,792422,336049,677467,17,10
29148,961580,32199,931946,44,46
658513,912946,333341,429040,4,12
950401,996739,446724,781435,16,2
83456,658951,658173,763009,5,28
631140,866639,158884,176503,0,11
326892,789815,68905,963759,44,23
82402,778335,477508,853354,18,34
116686,165661,111514,664798,27,2
617162,991041,71395,964630,44,18
123080,905998,711294,896873,9,39
43495,926266,11182,902981,44,44
333930,520221,202459,903586,35,9
232519,814248,720193,827564,5,29
390842,979855,503475,759343,12,29
113412,937752,112497,839238,36,41
25662,483012,24206,923758,44,22
209595,937913,94757,816896,36,36
100124,840363,29797,117451,4,37
371416,970698,565672,931317,18,29
105601,359189,77016,181749,5,12
322581,714048,857928,955196,4,19
376705,683742,407727,967872,28,15
266099,830408,804691,892392,4,28
5696,873199,399300,739200,16,43
16940,976365,219888,235446,0,47
733586,888208,301972,313481,0,7
440625,925706,458033,555243,4,24
46396,854594,772347,962964,9,40
83626,702356,436924,775593,16,30
6235,975256,573565,730923,7,48
510753,994413,412527,745148,16,24
26047,913319,582415,685643,5,44
336925,419922,591636,608225,0,4
137670,992444,856739,971392,5,42
90839,814133,386468,638131,12,36
442924,865260,783175,893443,5,21
23967,959885,155071,411243,12,46
45860,926217,643938,888655,12,44
336887,388031,709630,798409,4,2
53068,891631,523784,629069,5,41
110008,896675,81062,980805,44,39
37590,943886,519711,614118,4,45
244814,301511,872703,885435,0,2
75462,438222,66856,392126,16,18
754074,958911,94690,177175,4,10
3702,913090,26117,923244,44,45
56938,651031,65541,948141,44,29
442937,654454,116390,441095,16,10
15650,975059,661160,983743,16,47
262511,805484,97820,993552,44,27
11840,944757,238147,341431,5,46
923,739396,93479,989730,44,36
377354,732819,567920,823041,12,17
91691,994640,181429,423067,12,45
594529,670668,436331,550646,5,3
551170,723263,187295,298841,5,8
616026,773615,30013,914552,44,7
276426,481279,820301,932417,5,10
