602411,812814,753072,979678,11,10
196556,981684,10413,379495,18,39
538725,549207,264495,526120,13,0
89319,371932,398726,953910,27,14
250151,610994,671758,946303,13,18
266139,959400,85191,523839,21,34
227251,921325,28564,747291,35,34
786656,962348,697288,991433,14,8
341668,581581,151148,701364,27,11
176786,792441,311090,604451,14,30
118581,973806,28320,973585,47,42
87725,954779,454265,611305,7,43
263129,701297,643835,698209,2,21
84241,926525,140979,785765,32,42
68821,726209,9380,913486,45,32
84361,612377,8330,999964,49,26
713920,821556,169322,993988,41,5
394270,954219,92911,972727,43,27
34231,962423,237962,283868,2,46
7532,950847,47901,596425,27,47
393800,646707,45736,385104,16,12
460814,673028,253137,921688,33,10
87616,843303,210638,961555,37,37
261145,872511,158605,999755,42,30
136895,966120,86066,756971,33,41
42511,731603,304007,934974,31,34
64709,807142,174044,505210,16,37
431737,956740,28797,982322,47,26
418141,422608,1786,983563,49,0
206473,595399,55400,442345,19,19
165449,846010,63023,882695,40,34
539518,681476,259971,459136,9,7
248951,967812,282769,292711,0,35
200053,849318,6460,972911,48,32
14553,453858,106961,938450,41,21
292678,622608,294973,738002,22,16
54848,129547,33071,996168,48,3
375305,646453,277004,700421,21,13
8039,927989,145325,626324,24,45
145121,177524,725065,936015,10,1
76157,333054,67490,96992,1,12
208635,543534,80243,867958,39,16
328954,834532,84383,665339,29,25
106590,803875,229173,818286,29,34
153,989193,807895,912336,5,49
137688,885393,804613,969428,8,37
546480,982845,63211,296504,11,21
467780,967941,719,997229,49,25
328656,675938,617868,751202,6,17
39126,711170,194945,411361,10,33
101535,665456,45242,736646,34,28
61782,164188,464233,802789,16,5
349226,757998,100829,291846,9,20
410040,972208,194349,825611,31,28
721039,739644,44892,949745,45,0
466843,856805,86235,246940,8,19
31254,902491,776000,826526,2,43
5491,893236,31132,816214,39,44
35049,754287,40059,909369,43,35
77163,694027,508242,958029,22,30
502419,669777,625377,839325,10,8
672415,797881,110082,617670,25,6
272283,910013,215373,696036,24,31
163032,795338,203165,870678,33,31
476697,811651,132275,203427,3,16
202225,261234,71841,926309,42,2
3593,998572,38572,806481,38,49
286248,366777,78527,877139,39,4
341745,465930,321478,860947,26,6
681457,792702,432167,928024,24,5
438504,993695,461708,981155,25,27
28444,981244,5173,727655,36,47
635762,977184,43188,842633,39,17
324035,982545,635086,923510,14,32
129929,980697,43256,666236,31,42
1762,976116,409152,797239,19,48
41600,770274,736647,799778,3,36
565900,824069,33715,573173,26,12
14536,442604,875586,882162,0,21
24060,837950,375129,380225,0,40
467506,622164,192412,706320,25,7
154312,733978,59018,956070,44,28
46972,492707,7337,986871,48,22
209783,968016,220257,848885,31,37
451198,519508,233000,938870,35,3
197360,769441,292589,463433,8,28
227081,369107,125958,686958,28,7
15015,967087,562437,662684,5,47
79327,197108,94307,694752,30,5
94876,263262,7999,640544,31,8
34162,327950,237087,737500,25,14
64703,982562,315793,773886,22,45
443264,838829,107168,766830,32,19
414413,785993,640,726837,36,18
703104,904925,61960,922064,43,10
229297,458206,287903,998054,35,11
28860,671118,190549,621264,21,32
288705,741045,258857,738764,23,22
883633,935433,653002,873853,11,2
226889,865693,63564,864847,40,31
531714,681593,9330,985272,48,7
178195,920266,61961,611786,27,37
25416,875307,145415,967427,41,42
42046,983158,554344,802662,12,47
180640,883841,257083,937316,34,35
12712,964861,265834,281680,0,47
191750,889940,137545,896372,37,34
377511,847577,641951,875890,11,23
512042,581249,142496,982474,41,3
141175,954951,37801,908661,43,40
736618,768378,263630,325287,3,1
155734,699043,194005,761308,28,27
203759,704989,287034,822665,26,25
685726,873394,401228,576702,8,9
117693,408669,56824,439679,19,14
310478,437260,301416,654950,17,6
480339,875048,693976,984408,14,19
269144,463705,317110,919147,30,9
430311,862032,160795,781789,31,21
144019,542767,72509,982593,45,19
772684,833471,322505,529177,10,3
873566,893233,116831,918535,40,0
123973,763180,104792,128869,1,31
52261,680098,18196,997040,48,31
651904,927896,245947,831166,29,13
376594,958041,578046,723865,7,29
211975,610000,21981,844498,41,19
650,987519,144851,881533,36,49
19973,965605,118246,835488,35,47
110699,565096,120982,994106,43,22
413994,606941,537544,943733,20,9
301773,995428,335609,671338,16,34
313330,910313,35012,992510,47,29
64966,921959,222435,536945,15,42
894757,946929,14402,978084,48,2
330430,725312,13117,900246,44,19
223025,937558,12353,33095,1,35
30995,763597,147762,995437,42,36
76511,175176,181986,680063,24,4
417297,899324,676606,972324,14,24
59086,501811,13787,752342,36,22
136594,820039,584599,984913,20,34
341662,797454,50941,363479,15,22
37118,785105,266942,288861,1,37
323135,470987,339017,468997,6,7
687383,791138,528022,932770,20,5
533447,630716,280979,921243,32,4
53228,924421,473722,977053,25,43
197945,772681,10708,750196,36,28
242037,814982,20833,869910,42,28
118868,687095,71771,346219,13,28
121884,216753,194306,806928,30,4
97114,969768,89661,819338,36,43
234334,272392,30741,540593,25,1
6514,972884,490717,645441,7,48
110967,908235,526426,563845,1,39
188856,774647,48845,970648,46,29
293457,958832,31956,940432,45,33
417682,777794,180983,664808,24,18
133618,633957,651419,689679,1,25
803225,812759,136148,886041,37,0
807098,965525,366358,633888,13,7
32424,915431,450196,979418,26,44
165280,225342,137411,571138,21,3
2087,987673,142158,582573,22,49
68582,934592,27205,975909,47,43
96758,987479,191816,358486,8,44
454853,534454,63421,841048,38,3
338110,811303,250609,567317,15,23
25250,810004,8985,296469,14,39
51066,374710,155082,672466,25,16
140029,426389,405560,524656,5,14
92152,869228,775719,989592,10,38
69859,498868,52171,961564,45,21
40882,936945,144733,915144,38,44
25973,947324,574584,760265,9,46
73496,883769,523868,872710,17,40
165778,759017,165993,919679,37,29
725645,962686,590761,993659,20,11
488542,976124,252208,847983,29,24
558175,693217,27592,965687,46,6
177851,808070,221162,553376,16,31
212598,655807,256340,662569,20,22
333799,630437,2959,940923,46,14
447097,953773,403198,443859,2,25
53972,834567,799992,929078,6,39
322268,970927,2984,948559,47,32
18762,472678,23724,399439,18,22
287777,663787,74140,978356,45,18
443871,529471,45237,973415,46,4
44922,868218,34869,924248,44,41
322011,509865,7461,936315,46,9
622694,829526,52402,550386,24,10
335187,653679,270166,301205,1,15
184769,965478,631302,744865,5,39
28359,906177,458732,650970,9,43
133667,768529,2326,838241,41,31
794303,874024,606443,979521,18,3
132893,424947,116071,181376,3,14
68267,456225,51427,977269,46,19
507622,988619,268601,758474,24,24
218575,974656,95997,747253,32,37
16633,942872,96686,397808,15,46
55702,947437,771,989228,49,44
111029,884063,16803,215865,9,38
412379,587221,94719,258259,8,8
122707,938846,499287,830977,16,40
281907,527347,44643,633340,29,12
35252,820051,105007,848571,37,39
59981,674794,59725,609803,27,30
189490,865108,64855,553460,24,33
340838,453076,543093,744703,10,5
667901,952009,59225,875611,40,14
554264,838620,110077,518664,20,14
10512,901980,370150,608145,11,44
32545,974315,565722,754653,9,47
186866,885587,684988,812563,6,34
898415,945546,254622,914163,32,2
161088,978606,413607,876279,23,40
134303,840379,232,334620,16,35
323052,528911,82979,899734,40,10
83782,477607,497111,624252,6,19
163482,684207,67839,313894,12,26
494963,712963,486488,653287,8,10
122761,998920,615024,711270,4,43
70266,559620,606218,939129,16,24
126892,594800,435391,861095,21,23
622951,665189,626453,730999,5,2
379733,884485,27329,755428,36,25
392291,815658,175217,682967,25,21
531527,764437,168056,739663,28,11
71520,991933,109401,380344,13,46
215136,811259,87649,883981,39,29
356663,917804,37323,842096,40,28
5580,961825,162415,654916,24,47
111992,726206,190790,907041,35,30
262346,336654,33399,820961,39,3
515941,770157,86149,223632,6,12
12040,737316,369144,521489,7,36
8028,945960,516333,837986,16,46
11681,911859,225419,958969,36,45
31969,896708,43675,962439,45,43
559324,857517,428600,705123,13,14
197931,934760,199522,337073,6,36
95264,793468,72728,801536,36,34
338310,927024,16377,926220,45,29
10156,729900,158813,869099,35,35
140110,865889,213826,985308,38,36
332303,851681,2641,708080,35,25
552787,870130,9516,966794,47,15
111022,646261,158208,813377,32,26
14059,433195,418575,766529,17,20
170057,963221,4856,966868,48,39
834225,840396,46015,640107,29,0
161064,866074,42431,659502,30,35
381697,582034,186685,899796,35,10
327893,893820,27616,435737,20,28
366191,706785,139474,762613,31,17
119548,716800,316938,594820,13,29
180771,655346,150669,965046,40,23
73738,808796,428376,639342,10,36
146147,890129,303376,783122,23,37
429795,759344,18911,980255,48,16
172662,927650,68595,518777,22,37
77204,238923,463783,515340,2,8
70199,812482,12439,976711,48,37
319521,871548,8456,446062,21,27
97667,964871,14480,86301,3,43
138115,949097,277121,682788,20,40
104452,136657,195738,993026,39,1
62418,951669,20780,634453,30,44
237525,480679,474137,783994,15,12
548773,851924,66629,840951,38,15
137298,981018,177694,566234,19,42
231998,651293,139397,831858,34,20
102854,922555,272586,428490,7,40
140871,346680,43442,372408,16,10
29200,598474,397896,731637,16,28
555502,797962,4452,986065,49,12
341,961452,697713,954011,12,48
3906,928052,853349,954050,5,46
530021,879303,113157,543187,21,17
181003,687559,600169,933240,16,25
404884,590485,61477,630934,28,9
126918,977806,201190,449265,12,42
729127,843506,59374,947240,44,5
361913,814185,311291,828589,25,22
388104,931206,118211,562513,22,27
28837,315994,232780,854663,31,14
634490,846856,220082,568863,17,10
6889,928856,143215,863876,36,46
563672,778315,124103,515424,19,10
879996,938354,47710,771309,36,2
74095,289262,96919,637766,27,10
162965,230379,276913,598121,16,3
177768,407291,131565,252329,6,11
104472,408660,112949,189563,3,15
173910,746797,21638,882960,43,28
52818,958255,94059,506892,20,45
126823,419061,69601,963441,44,14
63204,957040,350012,895346,27,44
137841,978119,286467,898483,30,42
275359,931913,736458,789058,2,32
522844,533230,16137,915635,44,0
640947,711837,52121,810551,37,3
100319,698914,212559,871919,32,29
737625,878481,79524,791628,35,7
40872,791953,122874,815296,34,37
41330,698507,21005,878565,42,32
490348,825765,723651,900708,8,16
23811,476492,159568,779304,30,22
546444,999106,256367,934193,33,22
49553,937128,502,934084,46,44
93539,369667,827454,955875,6,13
520366,836327,106248,732835,31,15
175639,749386,411380,992865,29,28
431988,994806,514180,953975,21,28
39666,825841,505484,936757,21,39
70468,784191,45132,945856,45,35
83987,698797,569500,967659,19,30
35878,344586,387342,678814,14,15
358286,763616,112665,515563,20,20
363267,601178,527331,795987,13,11
23781,498061,855970,957703,5,23
118483,981870,442561,989256,27,43
70771,326003,339828,514091,8,12
133541,762299,771450,944432,8,31
25990,744806,144369,688319,27,35
758491,999048,106138,854311,37,12
72152,489515,199245,700856,25,20
8854,739409,23948,929900,45,36
7536,569278,720880,876425,7,28
365228,958475,157619,680340,26,29
172096,646246,304495,790565,24,23
204975,716522,626565,762289,6,25
59816,734108,400942,645345,12,33
790204,946265,181573,392279,10,7
182713,627554,40252,881548,42,22
170579,812720,515959,654189,6,32
315555,505908,1027,979849,48,9
499156,742622,198771,978915,39,12
118552,144776,464775,881341,20,1
296889,809918,184850,998329,40,25
119424,733162,441302,632252,9,30
394509,804862,50367,983267,46,20
29513,986245,403393,628796,11,47
215442,806387,470514,684739,10,29
86297,696626,12890,997121,49,30
536685,751233,480016,721260,12,10
119419,453403,359671,448945,4,16
38412,273195,783366,945326,8,11
33201,794644,230880,703437,23,38
205327,958008,516432,921280,20,37
386504,484595,50979,764600,35,4
457116,459587,674533,752160,3,0
705220,867284,3377,919466,45,8
44409,928748,79911,993000,45,44
31923,484752,488535,762681,13,22
9804,971702,11039,986975,48,48
229612,463128,50503,996026,47,11
142095,926000,496565,644538,7,39
702219,863092,143013,633956,24,8
2059,908805,6161,967000,48,45
278711,974689,334766,591170,12,34
623951,652705,132366,967906,41,1
624604,741760,7452,997324,49,5
480694,705271,172884,989793,40,11
893325,937392,45949,993443,47,2
555874,800572,27154,992265,48,12
134879,261657,626528,907778,14,6
280320,916063,256368,369652,5,31
246935,578775,44001,877012,41,16
308527,641635,281330,846815,28,16
97563,967293,577660,614806,1,43
611448,615875,866414,914911,2,0
642581,812520,134743,820201,34,8
387521,805833,379506,450625,3,20
20379,825961,57410,812313,37,40
2829,976321,246100,686277,22,48
168954,730685,84730,911599,41,28
632979,669494,50166,676004,31,1
264773,594686,467176,939334,23,16
108202,332416,6725,911703,45,11
277821,704452,272313,966781,34,21
16286,979093,3073,996345,49,48
111306,940714,14935,778808,38,41
823608,827895,164968,331636,8,0
8166,987873,134494,925342,39,48
162851,953766,44642,992557,47,39
412762,920215,95122,999905,45,25
78423,978225,398319,685006,14,44
134668,970941,250785,410923,8,41
33329,974898,569138,961011,19,47
19378,965499,159844,971836,40,47
99749,888975,563354,920827,17,39
58374,749837,271666,783856,25,34
353116,374694,388034,997529,30,1
205136,479142,551815,918196,18,13
147630,666638,51501,982283,46,25
713001,984669,70258,596967,26,13
353344,905435,945206,959896,0,27
687161,922860,230986,550220,15,11
61137,622997,134769,431189,14,28
381582,894458,177913,179269,0,25
1625,955644,324581,980787,32,47
383955,978488,875898,933582,2,29
204216,997109,73404,908232,41,39
432318,487379,30613,842598,40,2
384028,758564,92141,811649,35,18
107392,905887,76929,758674,34,39
358128,754455,230453,997788,38,19
389505,817807,144391,695564,27,21
81786,742372,197035,762541,28,33
457500,715850,40441,986716,47,12
74468,419577,28592,972324,47,17
176652,973508,360930,545209,9,39
694953,848858,27686,392660,18,7
69395,950874,89318,988967,44,44
113626,300738,340042,639854,14,9
761659,980506,808452,932786,6,10
197004,942693,618545,773021,7,37
108334,819780,746229,874475,6,35
715122,843802,209716,226341,0,6
135612,304643,246125,629652,19,8
248421,827758,147857,899346,37,28
454342,762319,582520,906880,16,15
14065,996568,135481,343432,10,49
483340,999374,46603,829077,39,25
440910,644032,83624,192731,5,10
226088,947031,109251,926702,40,36
145020,822382,149693,783488,31,33
17700,214518,400412,920493,26,9
468609,472336,116298,221601,5,0
111075,607320,155454,884533,36,24
7481,998987,50884,759374,35,49
181763,752099,9496,543617,26,28
433759,748227,608326,758684,7,15
758983,922128,24393,959857,46,8
222058,865114,133073,514846,19,32
454971,898306,202609,693851,24,22
182850,768442,4816,994945,49,29
16857,93328,15402,908778,44,3
615171,771882,201095,872033,33,7
45797,746996,478198,867576,19,35
461408,734395,105792,897549,39,13
205864,871682,133143,326825,9,33
287464,951196,112994,492403,18,33
345211,503233,424372,428660,0,7
19358,908008,26334,742395,35,44
14557,894818,616430,648132,1,44
123175,905063,234004,878815,32,39
87011,613734,105525,675344,28,26
54870,813271,498041,509306,0,37
81910,924374,602200,814705,10,42
236050,726240,465212,690536,11,24
108193,277639,189068,907083,35,8
156968,948875,27875,794664,38,39
145994,324130,29693,791442,38,8
330469,893614,262362,348435,4,28
231513,281289,473034,846124,18,2
272106,870378,84382,897457,40,29
522697,725156,180704,794543,30,10
187656,270053,8073,927644,45,4
528551,637486,96958,891926,39,5
216211,393062,72643,919366,42,8
165422,983887,23164,931805,45,40
52496,960727,473460,606997,6,45
66628,199395,23183,166129,7,6
345807,797529,20873,959938,46,22
379620,928118,22261,978239,47,27
52226,241253,50704,393866,17,9
124747,998916,55698,647867,29,43
811681,862934,166725,721102,27,2
98085,802337,214646,651094,21,35
459122,686468,295210,530414,11,11
106521,527935,18163,993374,48,21
234183,315073,170860,985105,40,4
33797,522340,219311,661875,22,24
190,999918,176897,726120,27,49
534919,840467,17825,994703,48,15
442311,920490,313207,607782,14,23
337680,955177,423793,989926,28,30
366165,788279,420,889100,44,21
4334,343166,434059,746433,15,16
185783,724872,486972,748721,13,26
524106,975575,16035,918651,45,22
48250,958104,338284,568626,11,45
691171,726130,256325,929512,33,1
682292,706535,409214,963900,27,1
53591,933131,462721,624409,8,43
17445,416152,364229,687575,16,19
159387,891651,246326,944757,34,36
79748,985565,227638,434021,10,45
145433,855864,323437,835124,25,35
196139,813051,111552,624312,25,30
88195,838983,355006,599330,12,37
66800,775822,844252,945704,5,35
129938,782189,176504,918182,37,32
587123,857142,13954,993778,48,13
236544,964551,26988,377233,17,36
478869,853181,283989,392483,5,18
135257,914495,523074,669695,7,38
200767,850474,105951,909147,40,32
345367,804734,47341,246319,9,22
23639,934913,24908,622587,29,45
141484,923067,132938,854189,36,39
173760,717756,8341,980213,48,27
51738,749439,47709,877770,41,34
2775,891505,280305,520846,12,44
418456,987977,6112,911722,45,28
698742,705475,69832,623784,27,0
277326,482747,113565,794168,34,10
154808,884941,320333,850088,26,36
562972,882966,388671,403426,0,15
97896,738203,647904,740593,4,32
1922,958059,186263,256102,3,47
745686,794977,613870,780747,8,2
423183,903273,128725,885134,37,24
19097,932474,274081,971461,34,45
126941,166301,95559,453495,17,1
79284,942762,750944,866304,5,43
205000,781218,596353,717217,6,28
290168,980935,788379,984609,9,34
274056,512614,505022,900462,19,11
158514,980031,36350,967948,46,41
45043,816160,73541,886638,40,38
546308,612569,781754,857726,3,3
54363,972284,265216,371513,5,45
259710,448917,46949,770077,36,9
528531,962554,913660,983729,3,21
15033,969981,56155,824985,38,47
428459,922076,282596,967849,34,24
321158,702370,51997,592341,27,19
872316,872402,372771,463482,4,0
355591,970885,235717,973683,36,30
708390,764528,151172,722558,28,2
111400,317286,177593,636403,22,10
683096,761168,453818,678917,11,3
689249,755599,688567,992946,15,3
627326,739959,493821,919479,21,5
28463,938221,109846,730093,31,45
32302,939401,705999,978726,13,45
456363,980072,545631,985672,22,26
906475,969887,50443,98357,2,3
508036,777595,60316,67871,0,13
142676,849098,685494,971091,14,35
258311,590344,10673,959790,47,16
29904,693239,593450,973499,19,33
305413,531616,150621,981240,41,11
540146,841636,720534,982619,13,15
270824,767623,638402,889443,12,24
117904,965604,183068,662852,23,42
8032,999697,408049,774145,18,49
191890,932972,72004,552636,24,37
26045,894146,126965,497217,18,43
328274,764806,114382,483844,18,21
202655,427854,90531,349474,12,11
207727,910614,626711,871442,12,35
792673,843229,22754,771771,37,2
934849,974724,68958,925681,42,1
724073,803938,164239,678267,25,3
470746,985906,69448,522723,22,25
139825,855445,89206,887059,39,35
272510,576004,54721,989303,46,15
64739,978765,959729,990749,1,45
81072,845593,41073,992190,47,38
217740,510970,128397,903634,38,14
147623,462194,406642,882156,23,15
148493,944406,158490,970075,40,39
46062,903295,42630,815569,38,42
4346,838173,653772,892497,11,41
662017,831735,3980,982690,48,8
785424,946626,232746,250660,0,8
96014,642921,332877,866410,26,27
66463,432267,253705,879704,31,18
548627,959533,21388,561693,27,20
480500,518337,176473,480596,15,1
412509,828082,293083,902474,30,20
313822,756863,627336,692995,3,22
46619,734711,433693,612364,8,34
367283,870530,105314,748181,32,25
12472,754407,297460,651348,17,37
66210,950782,441808,486196,2,44
2608,998558,285252,778816,24,49
122127,844670,143879,781176,31,36
798763,960677,653635,797578,7,8
220760,640467,7389,979343,48,20
650579,727920,4689,997650,49,3
92347,763689,361778,915831,27,33
104415,427046,202675,581287,18,16
357157,903686,75798,980955,45,27
258000,469281,258585,914214,32,10
327981,889496,2263,794723,39,28
263900,806529,218068,862054,32,27
213974,482452,64174,982384,45,13
232170,302924,91223,244846,7,3
760211,907586,101372,862647,38,7
418322,662311,332098,402704,3,12
162612,998746,162410,947785,39,41
884705,902542,119210,767092,32,0
414434,977353,132650,627262,24,28
287290,792074,565453,983383,20,25
33449,881231,63435,881494,40,42
153378,981409,779028,894838,5,41
336138,398919,633662,804148,8,3
724241,922821,172911,274395,5,9
108392,905958,150052,934330,39,39
668520,751287,160533,600868,22,4
41519,618052,504933,556794,2,28
659558,831953,2083,600507,29,8
90607,197762,666205,835709,8,5
77532,965829,398883,835858,21,44
57734,941651,426649,932579,25,44
83321,394534,48860,398691,17,15
68502,156827,497594,827413,16,4
381979,468593,279147,561540,14,4
458595,947105,75249,750006,33,24
247374,743194,263289,880167,30,24
659855,696075,420226,942809,26,1
185180,820360,332221,883255,27,31
63636,474906,313394,735638,21,20
530534,827517,302122,893238,29,14
584751,626528,893050,897222,0,2
113294,807349,450138,936448,24,34
2538,519903,1174,300834,14,25
151513,985180,55,999835,49,41
139272,908954,254999,705909,22,38
64187,795279,224821,931930,35,36
422905,747631,207477,488644,14,16
66512,382099,58315,875212,40,15
51173,878889,468372,912135,22,41
296934,783842,184622,329190,7,24
281771,476143,539401,769363,11,9
310194,596964,76711,310107,11,14
254901,774939,693152,833975,7,26
108734,977415,585463,853363,13,43
207383,328346,567265,640276,3,6
84437,911614,136456,747236,30,41
77470,982098,621780,676544,2,45
84485,972438,391751,990423,29,44
308015,684136,8989,969657,48,18
138984,891117,18466,315196,14,37
318292,849614,199327,922416,36,26
26170,49840,404538,845147,22,1
100971,235902,328112,916326,29,6
399752,785362,55426,745947,34,19
37977,716510,292114,993442,35,33
101217,430726,169354,970713,40,16
196387,555561,272436,586883,15,17
182713,721520,610067,671657,3,26
496034,990612,270310,896058,31,24
398762,885878,480654,755259,13,24
3148,993128,465790,886632,21,49
187737,699142,21358,918578,44,25
241293,908378,72895,368522,14,33
32395,132207,335153,855508,26,4
125172,666621,772679,950032,8,27
187436,349792,45923,789386,37,8
66496,614857,711367,939171,11,27
251577,590418,804436,808915,0,16
653191,994730,563282,857889,14,17
172443,463153,75040,446672,18,14
282616,883720,273106,895809,31,30
781283,942161,392186,895818,25,8
61996,984087,212277,760086,27,46
11873,941269,81658,731728,32,46
390402,646228,307142,853438,27,12
23015,993069,618726,941748,16,48
127522,950332,141523,427918,14,41
32317,883839,123985,843916,35,42
132163,719736,194518,679003,24,29
23904,903066,80680,965125,44,43
116480,847197,35793,902515,43,36
274395,988012,237708,681422,22,35
219505,591663,73301,877481,40,18
47715,558221,139004,237833,4,25
71563,722897,137525,961586,41,32
697651,747698,70790,682611,30,2
4510,984175,182960,868377,34,48
858,201674,24440,547344,26,10
48876,784910,176461,360934,9,36
6622,916410,41320,900967,42,45
139551,979002,276146,299933,1,41
52115,997870,91456,981906,44,47
769454,774113,112987,636885,26,0
736993,865734,15748,669890,32,6
109482,366235,179000,885262,35,12
128554,580621,260172,712248,22,22
115185,861491,330186,755071,21,37
302571,748293,231718,618908,19,22
902,970360,433432,511458,3,48
71784,918940,318661,853590,26,42
134286,939918,286709,454330,8,40
360829,944506,411965,860544,22,29
103772,978465,170974,395093,11,43
100680,943147,586438,645188,2,42
92219,681652,144578,921272,38,29
312027,962711,772388,797330,1,32
20763,584409,224019,623135,19,28
488788,991463,339585,713485,18,25
547840,821909,35854,906888,43,13
12260,996930,47707,925507,43,49
873094,932742,419188,618787,9,2
499649,841899,210745,386226,8,17
16419,555710,403402,914848,25,26
14010,416558,165539,821222,32,20
53761,768633,3409,999508,49,35
14078,891599,191347,853997,33,43
703963,996840,23241,972699,47,14
105465,435650,45880,965947,46,16
289003,791604,158475,832743,33,25
432928,851268,96724,973870,43,20
417103,892170,311391,633213,16,23
731861,789850,563927,896232,16,2
18470,55543,50763,860711,40,1
99614,282362,211863,718057,25,9
75567,245649,850506,951757,5,8
772126,877215,465836,688367,11,5
1621,997644,156482,291997,6,49
852083,963663,24605,940263,45,5
345327,597031,549808,890875,17,12
365113,924257,557799,884611,16,27
86122,182581,27409,752067,36,4
36074,943507,455626,813371,17,45
245531,609783,937228,978967,2,18
107017,857147,79333,898403,40,37
378681,896381,142917,910898,38,25
206752,635781,110983,703504,29,21
220812,678697,34405,841023,40,22
37606,754179,751601,798480,2,35
292929,331678,484194,975866,24,1
612525,615033,435019,846597,20,0
65793,477650,352235,519200,8,20
15284,995016,405624,898295,24,48
72810,760382,269452,610746,17,34
500784,829130,316570,450939,6,16
696382,863553,188313,988771,40,8
376762,770673,5078,983621,48,19
53464,501072,185850,506262,16,22
151125,632300,716429,746097,1,24
193096,397177,883512,891544,0,10
327807,566899,175910,639948,23,11
299004,545070,678689,884239,10,12
135361,876827,819575,894911,3,37
145686,954119,109895,158223,2,40
12712,720764,616334,761726,7,35
402351,668087,136066,356954,11,13
12845,949390,167862,985774,40,46
3902,106844,154466,185575,1,5
141531,817712,324353,332755,0,33
412562,863163,77041,604019,26,22
520997,920860,130432,870713,37,19
365395,908254,269190,997137,36,27
203605,968714,154353,289634,6,38
114069,890364,216537,848970,31,38
149898,971250,599478,977336,18,41
76981,982823,366655,971905,30,45
131929,210684,128132,135027,0,3
45982,316997,118180,219710,5,13
104155,935327,81706,84640,0,41
167900,804378,247314,254004,0,31
112558,996945,10447,636205,31,44
234901,716126,28934,829078,40,24
353702,620321,30580,841129,40,13
405218,594758,790926,856555,3,9
490604,522755,394467,486489,4,1
64691,881056,131539,940212,40,40
419978,695654,66823,914975,42,13
484780,925310,44157,598692,27,22
460494,569354,42568,202237,7,5
167438,205532,92530,961609,43,1
50635,950660,212424,929286,35,45
592051,880054,509482,935124,21,14
41100,561712,426477,633523,10,26
91268,927793,28721,988378,47,41
797004,983980,394833,540120,7,9
251286,715562,222307,779808,27,23
17400,989746,23003,894429,43,48
138944,671378,118213,511528,19,26
221095,913415,70035,344994,13,34
120660,889377,699709,769766,3,38
124060,150226,235878,562047,16,1
10060,922572,496415,827494,16,45
316571,525506,266342,778733,25,10
970,841927,846875,886086,1,42
3931,880507,298803,603937,15,43
122674,517176,661096,801699,7,19
155993,793558,57993,573130,25,31
279671,470843,86097,644878,27,9
460700,936164,150889,514292,18,23
575910,679494,24107,957826,46,5
144393,665318,360576,396025,1,26
587518,932945,97659,640862,27,17
3178,903899,30983,980231,47,45
195196,794375,1515,383638,19,29
31422,831417,78540,391446,15,39
499132,825592,10423,731538,36,16
28049,890259,104048,820713,35,43
291036,433166,71623,980198,45,7
316798,634193,50639,836853,39,15
3918,867109,90128,714806,31,43
575714,637094,93735,699518,30,3
417408,928972,83161,925098,42,25
337426,836462,115675,820483,35,24
40864,239547,167399,660709,24,9
78407,910956,26069,886031,42,41
11178,968047,396992,694809,14,47
554794,777605,434424,801419,18,11
263807,879851,19894,808228,39,30
58114,999018,424134,801515,18,47
318947,817159,446781,613815,8,24
194945,855751,376603,423687,2,33
28093,878672,111235,693166,29,42
200391,664656,170351,417764,12,23
508850,853612,120568,532358,20,17
33264,214781,129415,521035,19,9
588175,620821,177437,955594,38,1
2772,933705,38658,457233,20,46
57971,996543,86526,830942,37,46
18222,995966,425655,774466,17,48
74332,659515,206293,920963,35,29
511984,888524,39725,996326,47,18
290374,932898,261701,670579,20,32
20258,999434,517882,728456,10,48
71563,634176,290557,898170,30,28
77789,965485,365741,751169,19,44
355144,381049,51791,198334,7,1
199849,903232,584560,787064,10,35
262862,700125,415733,913382,24,21
454382,688145,384733,990334,30,11
119630,964971,25490,885258,42,42
454109,848427,14979,366953,17,19
228259,517223,207331,923238,35,14
465504,946625,194589,377938,9,24
204291,965027,417958,644597,11,38
112000,996952,552697,966964,20,44
96852,781631,53596,987344,46,34
217233,967338,921242,979519,2,37
100198,396544,40585,328745,14,14
536645,968941,532498,741553,10,21
214810,915118,37348,398236,18,35
663339,762472,444594,866890,21,4
93688,725486,300572,947639,32,31
5252,953982,29233,937657,45,47
490756,905702,4461,962072,47,20
492893,696102,188609,915192,36,10
390782,919527,672348,955895,14,26
683981,822802,44780,938096,44,6
418419,532269,315408,440089,6,5
190651,785707,407661,602426,9,29
89535,734792,139748,856174,35,32
435938,440230,35492,993098,47,0
41476,806033,20226,993412,48,38
465930,962684,65138,436566,18,24
100663,539467,94932,963402,43,21
395400,827221,426827,956634,26,21
103452,184319,816447,990894,8,4
368824,768882,434096,958677,26,20
557448,888290,62801,961758,44,16
79714,901909,469408,678264,10,41
197783,227462,3505,998944,49,1
309299,822104,225152,341914,5,25
532734,677768,509778,907524,19,7
7674,843672,234811,819001,29,41
214797,795314,11971,149430,6,29
273507,731839,677,947338,47,22
87967,631222,552866,607931,2,27
221331,966349,468031,987540,25,37
352271,595774,106098,933645,41,12
35474,524838,55330,969341,45,24
56375,833187,187168,971773,39,38
318280,366626,395135,703012,15,2
274266,528797,179396,951799,38,12
615959,863836,409678,817731,20,12
123985,676669,485840,852890,18,27
324627,357694,154701,260679,5,1
4855,967870,227786,590497,18,48
248260,950306,89649,185425,4,35
237718,729031,3567,983194,48,24
46619,910760,82856,95654,0,43
481194,872116,371637,858727,24,19
1195,309257,10914,888469,43,15
9197,962704,736017,760706,1,47
248721,513354,18462,972482,47,13
464646,507464,305095,560559,12,2
830,907197,18431,835765,40,45
162229,713496,187342,997348,40,27
487970,838129,77136,768149,34,17
717552,747441,51714,417630,18,1
897678,949514,8304,641461,31,2
21066,207135,457534,505332,2,9
1479,977806,172926,472165,14,48
36957,751480,317318,637065,15,35
427373,839027,583987,879169,14,20
739982,777933,88976,999586,45,1
191787,430534,213537,546453,16,11
368666,916197,2218,992583,49,27
510575,710287,58778,978302,45,9
102965,591918,225232,280683,2,24
283570,856706,66397,993957,46,28
230072,360986,475648,794058,15,6
159522,511087,347313,745012,19,17
681037,989332,312781,533843,11,15
585014,795711,862403,918649,2,10
810872,981244,108668,674976,28,8
300000,996405,1372,971902,48,34
206458,628100,350626,630601,13,21
367771,710701,54753,983702,46,17
639971,776121,175804,633431,22,6
931779,981045,88063,759631,33,2
421250,560820,413423,788888,18,6
157615,827571,66180,377268,15,33
125319,305748,205766,919652,35,9
39373,660425,49161,627539,28,31
71629,949887,6545,932958,46,43
436896,567436,257347,976391,35,6
139672,960965,210681,967617,37,41
86573,988802,255065,731349,23,45
36666,363362,276440,928374,32,16
58017,968663,327485,870483,27,45
124805,747058,444,999663,49,31
184435,942938,184214,800773,30,37
101254,481787,335661,767488,21,19
402462,994254,852182,948552,4,29
89024,412549,56091,811672,37,16
97519,894029,13120,926460,45,39
226632,470730,130703,814804,34,12
69226,978607,31771,950113,45,45
622773,749793,463749,880718,20,6
44955,925658,131945,939820,40,44
17712,796936,367048,638892,13,38
261558,698293,222895,985200,38,21
33646,561703,149461,865044,35,26
450578,800522,116563,699739,29,17
71537,364103,181871,910744,36,14
46263,983821,54527,966810,45,46
613271,782385,232882,907778,33,8
58005,641914,299839,716197,20,29
19391,952074,273015,938246,33,46
26515,965149,322900,947085,31,46
360818,595827,39599,187413,7,11
148293,708279,85428,577471,24,27
253843,964093,7174,978571,48,35
536457,789521,104537,474907,18,12
129308,779733,14652,905623,44,32
344069,755270,106358,876300,38,20
84370,885124,109688,654494,27,40
599557,953060,154024,999197,42,17
628147,727847,347721,654888,15,4
167185,351042,70168,491563,21,9
121674,973069,409200,510609,5,42
196972,867047,639434,872761,11,33
223501,312480,73120,710024,31,4
82056,805355,25921,965555,46,36
521917,996925,568473,749909,9,23
275099,578413,264378,951406,34,15
336277,998868,590206,718005,6,33
150985,894349,132070,859303,36,37
623038,774739,714146,758438,2,7
457224,765269,601113,781060,8,15
225733,239882,362343,499728,6,0
115214,942708,144074,854473,35,41
275435,655540,47060,639967,29,19
176985,934983,84121,297087,10,37
614837,747973,764135,865802,5,6
294316,981886,222702,592382,18,34
69257,768094,100060,417303,15,34
311809,914755,21820,963186,47,30
768484,879052,9334,703984,34,5
383790,758594,294641,366224,3,18
31914,984968,58005,628309,28,47
111512,166004,127713,486181,17,2
41568,819026,443,929048,46,38
62419,919370,86549,960596,43,42
112513,593069,188924,727466,26,24
215380,748643,258964,684105,21,26
365622,837145,42,999015,49,23
330810,470575,133143,176739,2,6
18742,930877,495388,876461,19,45
73329,135319,194588,289342,4,3
4709,990730,4383,968803,48,49
14189,653302,91751,973907,44,31
74246,892643,288177,722834,21,40
536862,739749,518271,660748,7,10
51596,761259,188687,946985,37,35
120020,899304,335415,820500,24,38
303774,828622,249218,574225,16,26
852345,907500,579787,967941,19,2
819782,999602,41291,270957,11,8
44760,968687,47940,934623,44,46
332376,428829,581061,796351,10,4
33861,838024,504182,626004,6,40
483291,877925,47642,658687,30,19
16028,973560,248224,879711,31,47
203305,916671,40133,806240,38,35
54300,123933,540053,737591,9,3
226788,523532,64202,968267,45,14
291719,933253,36775,821786,39,32
161323,295373,68292,968324,45,6
185150,450297,522455,767644,12,13
626770,763510,31972,112822,4,6
141657,379850,109424,793882,34,11
483740,862857,93477,635827,27,18
374859,751029,28706,455756,21,18
2140,958844,88216,220938,6,47
410242,460522,493412,780429,14,2
833675,984778,165198,334650,8,7
482036,955653,134936,698126,28,23
30890,153018,5677,702085,34,6
418182,814345,314327,733581,20,19
245557,574700,287876,341630,2,16
831517,909612,22961,976699,47,3
327502,981030,183036,650195,23,32
108956,923820,158122,820361,33,40
93851,843598,92185,887516,39,37
3823,999750,70593,217769,7,49
147266,960245,405920,938393,26,40
280714,975634,343277,641241,14,34
219459,882731,11760,954816,47,33
13080,997599,153600,170920,0,49
363156,732074,446410,528056,4,18
259714,949661,765472,864965,4,34
482778,782548,22213,992394,48,14
135725,865130,42894,931657,44,36
153229,977756,41980,948352,45,41
351623,776671,26301,182981,7,21
262358,550136,280477,308612,1,14
359743,536908,112283,354817,12,8
275004,831401,673860,962053,14,27
208484,991771,288713,449813,8,39
40661,974880,1559,997393,49,46
637241,900613,623948,773926,7,13
532332,802893,48145,877119,41,13
367772,743812,35224,908669,43,18
143792,929116,384627,832839,22,39
230099,936805,171712,979662,40,35
204632,997914,70421,542174,23,39
102715,545695,351333,777439,21,22
204986,874613,396742,983301,29,33
75,999517,20140,630146,30,49
190347,866666,77946,849148,38,33
126458,807721,70302,524064,22,34
603176,732855,102252,367139,13,6
633794,717468,639713,741187,5,4
572838,806592,772484,804111,1,11
346935,747926,270332,943003,33,20
113841,662146,796942,986521,9,27
30946,999369,202251,905423,35,48
101869,360602,323252,795286,23,12
161674,831695,10658,795397,39,33
66396,841691,373257,877966,25,38
854419,954394,182875,652867,23,4
406792,648707,52685,724686,33,12
22299,744323,266338,535758,13,36
75128,692614,70859,204300,6,30
4578,990200,36147,991150,47,49
400925,961013,386522,450808,3,28
305231,984849,68140,951810,44,33
49357,969960,1113,941211,47,46
162695,711568,264016,895240,31,27
16357,999319,282146,864255,29,49
458933,933289,24745,852456,41,23
262024,345021,115784,971800,42,4
291070,767048,280873,912575,31,23
192310,723486,333305,468331,6,26
530991,677417,37344,392729,17,7
657051,840385,40254,997643,47,9
2183,971723,129362,651665,26,48
15832,785610,967767,994323,1,38
334777,976482,658977,672839,0,32
373028,899032,15499,195634,9,26
788059,933178,172908,614824,22,7
368161,420585,902640,961240,2,2
281820,559830,129119,197999,3,13
311512,516074,26189,434957,20,10
362852,599240,188649,632943,22,11
154055,515906,29177,886328,42,18
238530,964095,413702,847818,21,36
857032,943024,24436,968211,47,4
571816,784253,46174,946788,45,10
9276,996469,437432,697314,12,49
756990,764325,506362,872144,18,0
233069,995689,634626,974266,16,38
33785,991624,837,999429,49,47
935064,983632,249887,951847,35,2
482305,824962,324986,481241,7,17
175970,984984,150553,435810,14,40
743472,754912,828236,987681,7,0
399251,871875,161029,926547,38,23
370947,919412,609567,852019,12,27
272246,966702,135615,283361,7,34
379152,633271,761340,982441,11,12
108175,479011,300903,839004,26,18
465196,606925,831864,984341,7,7
112747,574055,323658,849416,26,23
805518,915720,147256,996199,42,5
26632,971499,631090,906311,13,47
38289,710369,230067,897147,33,33
277012,682788,124576,453002,16,20
423337,483345,194767,788497,29,3
332092,546937,93376,937455,42,10
269490,917535,316775,990433,33,32
291360,924737,38455,991649,47,31
46269,512994,81597,972398,44,23
430065,849220,38251,945337,45,20
869560,936045,79543,982892,45,3
51511,253925,171327,359019,9,10
79125,203575,296827,935561,31,6
499937,713135,62525,960492,44,10
155694,440718,146828,841465,34,14
213056,711967,37389,977476,47,24
175730,977630,385555,899185,25,40
61172,825989,182783,885961,35,38
112016,927314,592413,903745,15,40
564441,697571,109540,578330,23,6
632848,717870,45930,813506,38,4
353652,836444,102806,946402,42,24
65389,681537,176954,187187,0,30
165629,614320,242293,282915,2,22
24710,668893,87165,272179,9,32
1571,885955,357825,688938,16,44
381217,996710,718937,770359,2,30
406172,624514,19541,91427,3,10
309319,871108,112918,654759,27,28
377855,688702,51476,468705,20,15
260645,721864,14016,757165,37,23
540792,901384,285271,791860,25,18
15761,743807,442312,619985,8,36
185821,816409,755363,941119,9,31
434351,788246,7660,339035,16,17
286388,964160,126497,933152,40,33
275811,730519,396014,545603,7,22
204912,930795,125557,130857,0,36
238522,742891,659189,732134,3,25
375045,815718,117889,287529,8,22
136179,855913,242818,434680,9,35
1429,952465,362035,407043,2,47
234062,772793,95254,271352,8,26
27572,665647,73719,999709,46,31
102957,996182,45776,886860,42,44
489092,598034,625341,740688,5,5
129623,766516,423586,837144,20,31
113958,981625,246488,630363,19,43
131539,574795,43455,761988,35,22
237291,655163,149508,953628,40,20
664398,972388,16128,907928,44,15
452748,743045,213024,220011,0,14
485699,584788,227675,731919,25,4
135395,439999,7894,917944,45,15
605232,888694,516026,575745,2,14
21650,976453,771665,949216,8,47
29844,842151,632905,746857,5,40
96612,798817,403575,749311,17,35
399146,937830,113856,998985,44,26
16404,981293,170053,764148,29,48
178919,625362,78427,319953,12,22
367944,764418,84276,901809,40,19
181267,958124,399729,942350,27,38
95339,937692,461898,881049,20,42
96791,847126,21746,387145,18,37
75283,974396,26570,977537,47,44
20687,678678,93158,658000,28,32
159233,221178,123080,778141,32,3
42227,896334,202179,567690,18,42
29337,732922,121363,970622,42,35
175209,864396,239279,311811,3,34
10382,635877,124530,585302,23,31
185090,831276,311014,472747,8,32
118586,972836,77127,994848,45,42
210152,753494,15472,710214,34,27
185191,960653,147149,907698,38,38
17722,831350,38826,987563,47,40
10395,800107,754936,967855,10,39
225481,493795,153877,357757,10,13
274481,441363,784740,858246,3,8
46330,203955,221812,521467,14,7
125821,973089,268424,268498,0,42
244020,374881,244062,858275,30,6
738420,983827,70084,999023,46,12
2280,869909,428716,720269,14,43
58430,525059,223065,575541,17,23
488825,894055,334497,971610,31,20
111487,764041,98965,824013,36,32
25981,987558,95729,864888,38,48
88577,426025,351912,707799,17,16
339127,594456,131202,943244,40,12
187993,933676,167507,692290,26,37
40145,968496,244934,283057,1,46
173346,884926,11250,580488,28,35
213839,682484,51502,962664,45,23
94634,896907,334275,564948,11,40
193366,338744,5724,997260,49,7
56331,667745,54822,957499,45,30
31997,696544,616467,716788,5,33
159834,720651,134644,355181,11,28
167324,685667,441690,996752,27,25
42390,561951,415212,924451,25,25
376459,568744,437267,744643,15,9
193072,530195,644128,973055,16,16
154725,626131,484349,652144,8,23
43228,970983,19361,815418,39,46
27986,929956,356871,659541,15,45
140670,342093,314764,337478,1,10
46581,992608,548719,961289,20,47
165392,244257,116229,752638,31,3
236,999929,48633,981775,46,49
600518,878647,473013,855139,19,13
256373,830440,84835,662964,28,28
170369,400330,4281,600353,29,11
218107,386120,811941,892412,4,8
299087,643953,326614,831237,25,17
7048,992627,23104,77076,2,49
26422,966277,126879,746336,30,46
22800,696787,360583,890435,26,33
232428,958780,265137,371005,5,36
546419,669562,47912,266685,10,6
626517,702440,19704,361035,17,3
2291,997747,162723,567767,20,49
474788,667818,161371,976222,40,9
362227,703785,7279,760337,37,17
14737,998186,63920,527364,23,49
77483,222067,37454,985050,47,7
7672,964767,14338,986964,48,47
235773,884657,162281,783361,31,32
78972,907342,378215,716507,16,41
620305,973422,724794,759869,1,17
564460,693499,258019,508215,12,6
269267,548888,235515,273179,1,13
55152,960218,12623,897994,44,45
470933,689636,5683,939367,46,10
453136,727629,115245,558062,22,13
128497,237659,11814,884844,43,5
72221,843260,273186,288559,0,38
65969,539984,211230,911629,35,23
462778,979236,252141,938035,34,25
24943,974879,125435,871322,37,47
52448,941374,275865,468827,9,44
328326,933975,20636,996352,48,30
297468,498479,30393,994986,48,10
192504,979225,62019,984167,46,39
154798,772105,41274,637301,29,30
24386,867942,622043,777677,7,42
52327,881280,796468,855697,2,41
87775,107790,100665,744374,32,1
34100,934363,146238,323230,8,45
76347,364489,112749,966219,42,14
11346,960772,801265,961111,7,47
438086,860270,76532,683990,30,21
135926,441773,267399,969425,35,15
3587,988633,43900,840696,39,49
279586,663477,564474,874970,15,19
202411,933920,334095,707839,18,36
79627,398618,138324,964034,41,15
263830,458326,428577,872870,22,9
124271,391724,575573,932834,17,13
182487,973746,349940,400118,2,39
412129,516887,667461,851689,9,5
60920,753520,59992,940432,44,34
619400,760218,108156,733101,31,7
59917,488907,207037,908588,35,21
651188,951685,357992,598428,12,15
509084,969468,36623,543169,25,23
154251,875054,572013,629628,2,36
68514,907571,325499,847564,26,41
141676,745429,38756,464541,21,30
12,964291,115500,721112,30,48
146921,845916,666621,774247,5,34
13337,777121,26199,112692,4,38
4897,991075,16824,876701,42,49
36919,568705,82718,940729,42,26
63529,881007,4669,856291,42,40
626652,736086,229847,730383,25,5
15148,756071,82366,791722,35,37
350732,649496,155662,611090,22,14
4385,989823,71164,732384,33,49
128512,995208,167936,864507,34,43
20586,944800,435897,798432,18,46
123605,812988,79491,987181,45,34
558701,938394,561552,894284,16,18
476420,669767,446586,710078,13,9
117199,576143,73308,832881,37,22
60856,809624,25332,945512,46,37
43935,574256,200093,802274,30,26
126296,907447,104870,721035,30,39
41173,210171,24957,967109,47,8
103841,993157,267813,998472,36,44
50,480703,28998,97062,3,24
161051,942943,461718,706355,12,39
144988,919447,22882,919997,44,38
28418,251177,209786,953116,37,11
30165,884938,103011,856850,37,42
16198,182861,318480,922418,30,8
8572,982834,446451,547764,5,48
642170,725589,141712,554617,20,4
9221,934502,111601,946356,41,46
52330,551262,419608,804093,19,24
734659,860250,810540,941318,6,6
11631,990437,337575,963130,31,48
145515,970281,95943,962344,43,41
415500,916462,334051,496997,8,25
49298,197360,331962,352651,1,7
298200,874415,234648,881956,32,28
256712,935335,246284,990024,37,33
16105,750477,352371,796760,22,36
324775,988430,74568,247415,8,33
824531,824871,212100,597811,19,0
442307,487055,73123,959255,44,2
43790,903989,536369,998762,23,43
139175,708583,214718,672281,22,28
501551,769526,432668,901248,23,13
20458,585963,476315,789220,15,28
495831,945137,531304,539284,0,22
616658,995075,426828,560903,6,18
265365,594460,708702,732707,1,16
154279,941658,186106,859121,33,39
128725,967021,152062,639578,24,41
15537,629108,209876,447468,11,30
5823,970066,150917,900433,37,48
31351,674062,258187,951834,34,32
153956,227998,244145,978848,36,3
326553,946173,5469,944181,46,30
493229,537237,130284,288330,7,2
332130,458021,67185,895164,41,6
23529,103718,372058,563220,9,4
88791,948043,370979,445821,3,42
163586,804433,561933,681274,5,32
778926,787544,483685,773556,14,0
817359,936989,15164,957276,47,5
99442,718668,134109,950121,40,30
25204,704602,411818,841715,21,33
51980,811211,38304,950672,45,37
141291,393028,13195,924705,45,12
293724,641396,267716,359466,4,17
160530,982792,203840,839023,31,41
582193,804904,800156,844735,2,11
7551,982212,472655,605316,6,48
8127,401041,605262,653941,2,19
71860,275980,172027,992078,41,10
111754,572473,22003,972298,47,23
22611,985775,76505,887311,40,48
516426,898921,9727,992638,49,19
156741,792478,489204,857232,18,31
12199,975937,9397,943113,46,48
240340,982983,76222,897069,41,37
27547,969151,463188,786476,16,47
254808,659547,192388,210900,0,20
230121,863110,562624,718565,7,31
486556,740824,398367,589592,9,12
208126,667809,64528,659096,29,22
672248,887368,50690,612185,28,10
6434,996389,89905,173595,4,49
482483,986524,379828,618418,11,25
91246,514177,11000,948181,46,21
196446,599956,217562,714053,24,20
49081,577409,302367,347508,2,26
248180,719619,29024,629905,30,23
205608,547740,42331,952952,45,17
662276,768400,225961,748938,26,5
108385,835166,4779,994087,49,36
735369,820757,300300,998388,34,4
633406,712346,448575,836678,19,3
129,995606,770426,807337,1,49
49195,657185,702383,875171,8,30
48397,974899,470031,985301,25,46
336814,923662,29908,901121,43,29
201341,619268,102551,956130,42,20
186684,769552,89007,772946,34,29
878620,969757,760701,881425,6,4
187969,998149,203458,928499,36,40
299496,325648,611868,785746,8,1
386431,416387,29140,780598,37,1
9251,968296,361644,953560,29,47
132784,819634,917897,949930,1,34
337534,774451,80633,897335,40,21
104997,367995,83048,366558,14,13
115027,943159,367985,629927,13,41
297923,644255,544089,986591,22,17
320612,723153,135806,841411,35,20
306977,630857,471868,957786,24,16
67152,994355,454420,982860,26,46
712051,728667,43898,678011,31,0
71124,574408,66533,667047,30,25
494099,927429,500283,661727,8,21
190753,648533,178069,532196,17,22
27194,794531,113911,775709,33,38
140077,753302,640556,987769,17,30
202474,978556,10022,879866,43,38
91433,664311,681408,886953,10,28
72820,894387,499176,888616,19,41
150,999644,15624,922106,45,49
173169,189051,276796,494802,10,0
173931,491285,227724,617307,19,15
402301,689671,460155,624608,8,14
408626,996548,263335,989573,36,29
86390,932024,329001,752843,21,42
124003,429259,334669,951915,30,15
419489,659832,381340,440883,2,12
328342,551718,198054,290184,4,11
148930,764739,448725,783757,16,30
61034,691300,148185,779489,31,31
403926,969300,396953,899814,25,28
422778,884505,903539,913392,0,23
292635,607106,215175,345225,6,15
501056,608536,194100,553932,17,5
85066,688219,500456,743377,12,30
153691,967978,10399,946401,46,40
45268,935028,457931,799505,17,44
5159,741257,201132,809333,30,36
527958,635294,160584,965578,40,5
200861,603167,603266,634261,1,20
43396,517142,199644,343850,7,23
203304,366339,45644,931287,44,8
83435,897971,10200,986056,48,40
591911,631282,646068,768458,6,1
151170,997120,80120,862234,39,42
621780,963144,327076,851725,26,17
223453,841517,117218,771367,32,30
131469,894065,251236,305458,2,38
105740,893326,99052,980739,44,39
50630,945905,159747,172053,0,44
382189,848431,693159,737812,2,23
256004,882145,8570,358519,17,31
35763,742952,355397,991153,31,35
26784,863420,131591,941064,40,41
292178,843001,44063,971919,46,27
66800,349662,781696,995555,10,14
191973,955058,394217,920062,26,38
3271,852863,59652,579124,25,42
33362,423114,2194,537776,26,19
419262,441617,446106,454267,0,1
274798,422007,691729,806846,5,7
877493,950763,107176,986064,43,3
744913,979757,25486,892635,43,11
409270,739758,15769,864404,42,16
2844,987499,35294,845717,40,49
109538,831837,37478,430426,19,36
196344,517178,293208,820517,26,16
49514,491416,43659,826817,39,22
537061,775601,496576,782087,14,11
62438,423550,730785,740093,0,18
644757,808341,820177,841256,1,8
256457,827652,663821,670220,0,28
213702,417591,112261,425305,15,10
646981,711000,183370,983750,40,3
34937,362371,349605,959590,30,16
193490,753200,601595,630904,1,27
337358,705195,318347,562297,12,18
15592,987199,13417,953431,47,48
258369,937667,220633,371252,7,33
157403,684849,528113,873243,17,26
124420,758961,530635,572735,2,31
203644,602882,555106,831047,13,19
35890,173616,348260,379749,1,6
4939,899166,137236,959447,41,44
72608,999655,266782,396619,6,46
197140,592025,823714,850808,1,19
314300,656775,184142,553306,18,17
37905,881140,84998,222085,6,42
739830,839410,156139,978684,41,4
313,999307,415691,637718,11,49
214380,286159,767129,876543,5,3
192856,871800,218926,569418,17,33
11137,993656,395040,716599,16,49
406286,940930,908836,926702,0,26
439605,488598,3531,985565,49,2
25504,662984,73377,989517,45,31
14379,944651,755709,767053,0,46
42664,940545,182543,870477,34,44
43637,531845,718748,719083,0,24
181013,710557,271921,374914,5,26
647695,720377,712073,850864,6,3
40054,691815,201282,859684,32,32
770209,950086,142321,879862,36,8
377768,799361,34623,230243,9,21
679886,703789,284503,985687,35,1
299991,859845,215359,618818,20,27
841766,995707,125749,931013,40,7
446795,966825,143488,938453,39,26
140571,406642,251325,765026,25,13
724328,811091,456050,534953,3,4
74139,299671,183602,840782,32,11
54864,629791,233891,998556,38,28
684582,796239,682969,981748,14,5
244630,771852,129789,656358,26,26
10814,995798,5418,763534,37,49
27841,993649,373603,418237,2,48
966878,995980,39962,998690,47,1
227195,942055,258875,530521,13,35
279791,831113,493229,840183,17,27
51257,966514,108548,943657,41,45
561480,746291,452468,470629,0,9
428680,814977,89561,565170,23,19
8867,625879,165480,993764,41,30
78657,526749,125112,758238,31,22
256527,464958,563904,932782,18,10
39569,963028,109558,953534,42,46
24011,856143,141530,286263,7,41
709408,976971,1053,999538,49,13
89561,768380,1287,994652,49,33
21415,639125,107521,971485,43,30
170328,618513,727158,819172,4,22
108760,971230,108615,925878,40,43
775535,894372,145491,218622,3,5
527791,995052,637558,713322,3,23
3757,351772,319139,919904,30,17
287955,887206,223482,840997,30,29
15333,512537,668302,800458,6,24
640578,979515,73930,786390,35,16
417311,514478,220523,897099,33,4
105298,832303,138888,647863,25,36
882071,928749,34709,968273,46,2
157066,696608,37496,951968,45,26
449213,646474,159956,290390,6,9
164476,227827,172849,577488,20,3
17015,767676,500709,617833,5,37
231385,682252,85604,377828,14,22
171999,516726,32324,834166,40,17
227677,983340,10919,396137,19,37
110492,697333,103478,434291,16,29
565,999438,2308,984708,49,49
695215,768186,146756,836021,34,3
492946,870444,240122,631208,19,18
36905,970479,163814,512624,17,46
471666,664244,229752,902306,33,9
905425,980948,29613,960427,46,3
461976,575195,311749,857106,27,5
80664,367083,450058,764210,15,14
609781,807160,94241,985455,44,9
824811,984647,140029,381886,12,7
148856,742815,486946,591675,5,29
380906,926425,28125,159196,6,27
110527,963626,520840,849673,16,42
312665,885542,300804,763939,23,28
292488,766205,17255,700967,34,23
7616,176164,167430,955156,39,8
85737,979330,23679,999296,48,44
511888,654355,98471,168457,3,7
312419,451007,10214,993420,49,6
15950,993545,279777,689633,20,48
151793,740139,421233,793436,18,29
43181,641455,645498,805939,8,29
127664,508996,182274,689963,25,19
230030,678031,785874,918947,6,22
42481,892287,158882,500364,17,42
142114,831464,460384,855289,19,34
21623,391910,85139,920565,41,18
509704,998411,7756,792410,39,24
600781,864420,170387,812373,32,13
351976,924295,415606,789508,18,28
313696,697057,81887,756108,33,19
495943,972136,29057,961265,46,23
50524,717096,17944,942952,46,33
125600,618015,80089,968468,44,24
564341,851487,70686,866843,39,14
151249,407434,481730,483813,0,12
116019,871909,178253,265605,4,37
45736,995413,316019,916412,30,47
523682,909019,1856,118079,5,19
613688,851650,16444,991870,48,11
560703,608828,97492,887852,39,2
772920,896500,683661,912021,11,6
23008,916532,126156,280404,7,44
28925,930235,359862,548149,9,45
280169,766983,366432,871395,25,24
16647,941338,73818,552954,23,46
41301,501472,97523,510867,20,23
238821,844765,458207,994650,26,30
211721,993197,404395,995221,29,39
258937,835580,18951,982977,48,28
293931,443280,65630,927974,43,7
190600,880690,22140,64293,2,34
72726,935218,48679,789475,37,43
229376,667505,257990,364593,5,21
23999,993972,47863,952761,45,48
891105,986064,390484,413044,1,4
297008,929460,104181,980381,43,31
23932,744289,185667,855295,33,36
144982,446930,261057,990809,36,15
25506,954057,321653,605328,14,46
540542,895251,482917,824453,17,17
507837,839813,208076,478631,13,16
38486,154082,455758,703040,12,5
271353,400661,67041,787311,36,6
145188,797901,365825,597741,11,32
830810,848128,110919,952866,42,0
251085,432128,207471,793896,29,9
203882,782836,335655,516357,9,28
429322,657282,299726,370370,3,11
174815,592553,213610,966307,37,20
31238,283287,83394,380013,14,12
568676,961999,266180,981342,35,19
424637,559200,241792,782961,27,6
140950,916307,20845,933594,45,38
219374,411888,114593,886610,38,9
339228,343408,82452,307484,11,0
284038,661231,34870,818633,39,18
323568,737787,42500,441233,19,20
764739,888767,25577,833263,40,6
256566,911234,731569,809753,3,32
65159,160912,48527,913496,43,4
378916,815247,604913,994572,19,21
117089,879581,7165,857738,42,38
56900,955478,646747,761709,5,44
22712,986610,441383,457181,0,48
83763,551684,232271,366675,6,23
661037,832372,435275,623896,9,8
12847,178253,77341,199441,6,8
351678,805356,483556,704715,11,22
40996,900669,32737,704047,33,42
196803,880298,894950,901916,0,34
603794,994468,303969,865498,28,19
504409,857045,793258,847342,2,17
663276,784859,612657,999607,19,6
527097,966327,237343,909188,33,21
790716,988023,137915,825817,34,9
402415,948780,33779,310442,13,27
269502,814034,508923,726075,10,27
3276,981969,489171,728629,11,48
94313,730782,202717,910509,35,31
184846,767017,507664,509436,0,29
327745,389915,405328,881760,23,3
32391,961537,462863,669708,10,46
408734,667524,298716,935821,31,12
282330,820767,120544,940221,40,26
378474,897961,121746,997867,43,25
94148,900908,39075,729585,34,40
322202,576237,466931,852577,19,12
575642,623020,7525,921878,45,2
9607,129237,313311,956123,32,5
132707,580576,95322,674008,28,22
633769,963693,54886,967237,45,16
133668,981567,45110,978015,46,42
720,710825,5714,944662,46,35
342697,814775,279624,931244,32,23
249661,955148,31868,198584,8,35
346666,655070,443885,979834,26,15
102421,742954,50277,631947,29,32
79682,733180,591994,961189,18,32
21377,885354,327054,931129,30,43
94294,208598,514085,967421,22,5
107006,972002,122024,956170,41,43
345256,953938,632878,848969,10,30
171371,839151,15731,985300,48,33
6164,929806,503297,727634,11,46
114864,383905,124068,784882,33,13
225195,932774,30934,698553,33,35
9829,986722,383946,888996,25,48
104048,983138,461063,904976,22,43
330128,447570,245567,949206,35,5
301842,970694,416507,925365,25,33
231594,905863,26050,874409,42,33
204040,865690,387928,828094,22,33
354090,715136,280339,940474,33,18
176167,744010,114281,226070,5,28
196245,576180,691345,984731,14,18
498306,914305,779923,820567,2,20
179072,610801,12955,994337,49,21
99261,811609,146232,981088,41,35
246720,673551,47804,998083,47,21
71091,967755,611914,987882,18,44
236739,514379,434928,494716,2,13
665774,704160,478347,521955,2,1
289233,770364,361285,770359,20,24
678443,915862,458660,970802,25,11
83837,704447,310518,554270,12,31
33518,53499,136382,921851,39,0
359060,359375,840405,868967,1,0
48801,656475,120486,794314,33,30
276158,295339,14757,490131,23,0
92489,99998,278293,296904,0,0
517585,534204,154371,656810,25,0
82408,990909,54194,591537,26,45
122434,424774,659639,714633,2,15
197428,987637,165512,570743,20,39
147890,987578,353226,906547,27,41
129704,891570,84788,818954,36,38
6597,913600,13326,886866,43,45
47057,914791,483438,966187,24,43
509561,788873,174282,920226,37,13
89514,836511,56638,926219,43,37
135013,462599,652066,878038,11,16
471975,493216,461862,893593,21,1
744436,916432,124090,646238,26,8
22012,981078,14186,968098,47,47
111566,756269,601127,848341,12,32
2500,999234,633136,813317,9,49
24012,993793,327639,977216,32,48
372301,961785,52763,673751,31,29
357769,517890,187783,636404,22,8
42313,139070,7517,969967,48,4
518104,777147,304396,918010,30,12
369162,781680,52344,888435,41,20
306960,792560,539323,641164,5,24
1536,996054,291526,826307,26,49
109347,658378,722824,805767,4,27
442410,819544,819143,977966,7,18
542037,813365,21214,659054,31,13
71103,230882,176680,997867,41,7
18418,971839,162853,984066,41,47
226359,995392,77449,769364,34,38
403452,447700,260105,695071,21,2
323704,914746,45480,927360,44,29
112813,516756,875692,969847,4,20
34980,393740,75443,961515,44,17
473009,764161,426315,520446,4,14
862278,973143,321370,361926,2,5
102846,916721,273220,891630,30,40
671592,925058,157998,429411,13,12
741510,968769,87225,882240,39,11
293934,549175,378031,859308,24,12
188526,931488,766682,951909,9,37
294549,672088,623,995824,49,18
31342,992521,60138,491617,21,48
508813,977001,15860,987930,48,23
178470,958180,563577,728858,8,38
50430,890017,264446,997743,36,41
123439,281365,229751,960190,36,7
324674,685773,190396,594135,20,18
423430,439175,223595,478261,12,0
150874,962687,113966,903140,39,40
192194,959494,246277,858145,30,38
250385,737396,870806,953477,4,24
24300,284098,34580,545900,25,12
101405,957816,6891,902981,44,42
95766,462581,672087,832899,8,18
103868,225461,22611,999802,48,6
556194,748662,622170,648463,1,9
229670,698842,52795,908014,42,23
398286,495292,15255,898725,44,4
94661,989888,18074,681008,33,44
61485,673874,42372,157022,5,30
666281,963233,17241,999994,49,14
385845,437005,454613,544215,4,2
81619,733396,209179,728426,25,32
233432,967775,28684,997426,48,36
823850,946166,75508,235606,8,6
5339,855332,49447,535609,24,42
345450,924194,4060,999906,49,28
157637,745907,412197,703223,14,29
24513,790432,109482,767359,32,38
128942,731061,160017,579345,20,30
323548,670928,304322,305766,0,17
168275,898151,343782,763709,20,36
6777,900260,637678,729953,4,44
580964,631304,339913,855825,25,2
577091,711394,909,949194,47,6
6966,813182,254684,892192,31,40
5708,183328,218780,776670,27,8
286791,798362,62962,811329,37,25
651594,948946,202058,808144,30,14
213281,774299,23509,982390,47,28
81971,876530,448963,964955,25,39
631737,712814,307328,654254,17,4
9175,960520,203495,994997,39,47
299926,405164,24656,648009,31,5
44186,973517,160576,756730,29,46
57225,841572,419049,939119,26,39
6324,811733,7054,988709,49,40
578785,878847,258444,772200,25,15
115008,521870,460319,711568,12,20
168986,432111,807851,980704,8,13
173437,271938,406275,948775,27,4
348922,763758,22848,395242,18,20
176731,735303,147225,757072,30,27
24631,714036,47481,728957,34,34
985339,989170,222481,827324,30,0
54472,829658,219469,600474,19,38
246575,782383,362782,998531,31,26
587887,943510,186466,429120,12,17
33578,867784,12858,992055,48,41
401762,732628,379178,481980,5,16
312424,972528,556063,827202,13,33
67044,833004,353771,646942,14,38
27836,561550,396115,941770,27,26
308574,699068,446129,817526,18,19
348763,947442,44555,901338,42,29
54255,996361,189367,538468,17,47
165363,740965,22141,734003,35,28
746,999649,107363,452954,17,49
23393,811045,108884,963049,42,39
23464,981896,343742,819281,23,47
12553,885208,26968,988735,48,43
103660,920680,183926,890635,35,40
58588,986518,822897,990347,8,46
296045,572544,190135,801893,30,13
365520,655999,33440,557042,26,14
19622,878315,94485,783964,34,42
320524,375350,294610,567848,13,2
82179,797817,50020,287926,11,35
160667,696106,119490,713297,29,26
14502,997276,465325,967573,25,49
325465,933727,851904,877294,1,30
140594,415616,39838,743200,35,13
215618,467564,249903,815584,28,12
70858,155455,605254,650405,2,4
224427,955755,113840,939749,41,36
350022,519160,135782,470027,16,8
189729,841898,354835,681399,16,32
47869,891410,1827,975342,48,42
78957,713378,345208,932932,29,31
87008,960992,395318,728753,16,43
160397,420022,55109,513111,22,12
520814,754859,18106,756888,36,11
573954,903794,442836,985594,27,16
31771,387067,143002,864018,36,17
506114,588897,400284,989646,29,4
212909,706969,301664,736903,21,24
461822,718008,9291,116616,5,12
505026,781829,576984,888230,15,13
25359,969964,364706,883421,25,47
525047,985781,158180,950762,39,23
611098,677497,36828,284923,12,3
36,957217,171484,845475,33,47
841795,862600,335310,360528,1,1
48765,321190,166422,930627,38,13
68275,622220,635342,790514,7,27
14069,948642,70616,470005,19,46
440733,481106,122776,990742,43,2
703,996503,439760,600239,8,49
660850,681839,253339,651526,19,1
25817,988082,18775,598139,28,48
79039,123111,396212,430259,1,2
7399,123797,129311,882724,37,5
221975,660757,162601,882947,36,21
454880,587954,130659,973500,42,6
64727,965893,884874,968763,4,45
583106,725712,161415,949202,39,7
362038,506564,118339,763107,32,7
265490,806506,201759,782810,29,27
188258,944377,17932,977283,47,37
601842,696173,707549,716236,0,4
136024,781835,616303,935042,15,32
87700,990952,103541,868424,38,45
447950,877280,327241,757853,21,21
141888,220389,290530,557783,13,3
491295,994502,7045,971626,48,25
104415,478210,92631,735400,32,18
20747,991735,117673,960975,42,48
456886,506963,370394,851667,24,2
123386,570852,257817,361928,5,22
223184,901262,396328,735998,16,33
104969,268324,217401,594883,18,8
148466,864491,233632,963915,36,35
166356,922059,177373,757065,28,37
541673,589035,320660,854161,26,2
3803,976459,51653,937790,44,48
249881,303088,91128,502954,20,2
65352,715343,29508,516963,24,32
57508,839354,85954,177294,4,39
87998,926000,352603,861126,25,41
522223,751735,150090,772406,31,11
235728,933840,71486,608174,26,34
719343,990621,501699,829611,16,13
26634,818663,72966,303054,11,39
250089,879744,397979,921587,26,31
121455,972547,436419,605353,8,42
344674,719617,164632,727454,28,18
508004,841239,277846,906522,31,16
116031,777708,18838,758381,36,33
30051,750804,114423,355258,12,36
503035,717104,116742,381476,13,10
192906,601429,445799,557859,5,20
49739,856647,267231,634206,18,40
146930,454192,591538,970944,18,15
159236,993310,907480,991892,4,41
199039,922006,130796,417506,14,36
304015,586192,333060,465053,6,14
198941,958508,124909,967706,42,37
165151,971938,164284,809885,32,40
524756,919135,27679,817053,39,19
544917,726402,437260,763297,16,9
57442,975591,56102,424716,18,45
42446,971569,7325,970188,48,46
318804,902786,372124,872428,25,29
192466,558565,207834,551183,17,18
43237,146945,600739,865422,13,5
625625,892253,332478,524539,9,13
112117,747277,296561,978111,34,31
236769,829500,11799,991707,48,29
362409,980853,246029,609595,18,30
328692,333401,154815,829110,33,0
746547,853302,544060,928206,19,5
314914,329079,179944,888944,35,0
79629,990386,15762,942906,46,45
178874,610333,488345,899235,20,21
43913,936674,248217,747536,24,44
199567,991968,147676,849773,35,39
63519,386154,532645,964097,21,16
4442,932479,26752,90736,3,46
348907,588615,540997,560987,0,11
522758,918580,106556,727512,31,19
4649,995903,670020,748834,3,49
108665,904962,190144,823653,31,39
160071,711866,8374,711046,35,27
90409,788850,393970,937013,27,34
117949,934574,290936,548092,12,40
435326,860404,606467,889443,14,21
644740,957902,701110,810179,5,15
461538,886415,69266,852563,39,21
558533,768081,528542,820419,14,10
485064,969795,186564,750314,28,24
223214,909422,186712,972956,39,34
5445,925335,18382,518754,25,45
129082,658499,59193,995665,46,26
235206,887733,181353,944386,38,32
286829,970776,12343,970677,47,34
86127,611424,31443,992370,48,26
714585,936012,151655,821167,33,11
264149,667713,31314,751359,36,20
269001,421318,310401,861071,27,7
453230,900954,5647,996493,49,22
528932,931601,751477,875542,6,20
76760,941748,2284,846585,42,43
454119,812843,14622,974782,48,17
57455,996205,746583,902157,7,46
587887,681408,203570,962955,37,4
67467,441550,75350,664325,29,18
285401,952555,409462,479058,3,33
121781,929342,721122,793504,3,40
658846,862659,81730,715299,31,10
37057,904311,222327,994907,38,43
197997,495989,245411,397588,7,14
78028,960323,610299,731218,6,44
303558,501633,401929,492111,4,9
54609,906566,636574,923095,14,42
954858,967097,11986,991887,48,0
46674,960911,682671,824226,7,45
46385,958272,333733,397977,3,45
168822,777626,453113,606675,7,30
760101,915627,167085,257302,4,7
138286,964125,470997,599120,6,41
232944,753508,199896,892363,34,26
113759,487775,62873,945488,44,18
152166,842087,71727,742243,33,34
199868,830606,91992,388480,14,31
192118,445700,49309,914355,43,12
792033,943515,72802,300567,11,7
481149,630019,209259,949624,37,7
17318,924773,126707,917853,39,45
122863,810513,192878,658804,23,34
11004,999499,124191,756012,31,49
200130,651023,84722,112837,1,22
50801,128692,377538,930802,27,3
7436,973548,162378,187006,1,48
462359,882663,132584,992092,42,21
99742,994922,60152,927650,43,44
44795,930405,102727,670803,28,44
19639,567057,75528,825491,37,27
118457,523229,85673,672998,29,20
27265,800964,75925,478949,20,38
470073,827086,272734,540360,13,17
630536,945833,271270,708249,21,15
252537,490665,142889,563969,21,11
554147,585544,6029,977571,48,1
794242,799853,250488,981906,36,0
132739,906688,12755,994637,49,38
2141,78981,121636,781665,33,3
138603,866859,103974,892168,39,36
1632,939335,492435,749317,12,46
157017,529455,126998,729034,30,18
88485,942654,624867,888786,13,42
241682,655058,681771,822877,7,20
695052,932869,732380,928197,9,11
494771,666093,390225,862337,23,8
487809,844757,227456,893088,33,17
105504,969475,84968,647198,28,43
16580,812235,35258,593795,27,39
217479,254065,559520,742073,9,1
198434,709257,118226,748348,31,25
101725,970340,618,996441,49,43
113791,671892,76755,964631,44,27
70908,950876,85672,958622,43,43
155165,974356,82124,463391,19,40
130308,950705,599465,908223,15,41
125259,638339,591427,866288,13,25
13122,979394,228295,390968,8,48
77969,993458,280153,570127,14,45
20007,997761,426629,891063,23,48
555855,893788,192876,792178,29,16
162177,809966,417665,974585,27,32
11558,920186,255645,833262,28,45
31353,797512,352677,611071,12,38
30762,762976,650947,976289,16,36
101275,787968,307427,960140,32,34
207015,582044,13594,195850,9,18
48847,942182,413882,627517,10,44
368045,562961,202731,565666,18,9
167575,790836,415201,676777,13,31
9983,996149,422420,710349,14,49
31136,544517,314101,746573,21,25
822296,909323,145162,402656,12,4
327913,931364,107,314325,15,30
189627,660496,413940,682782,13,23
357736,949174,590951,896277,15,29
486514,511848,177776,641712,23,1
37301,875568,555058,972163,20,41
166068,558595,184844,259703,3,19
6537,880040,562124,769256,10,43
280,998950,386016,663344,13,49
96481,923847,238985,492847,12,41
119445,894620,96572,926341,41,38
443907,916051,604445,815694,10,23
36811,227030,98003,839070,37,9
482343,849445,669310,894298,11,18
250823,754502,13614,850408,41,25
121979,234471,22769,999872,48,5
161325,672520,276243,634693,17,25
164221,832030,185525,876565,34,33
128524,313696,324866,960443,31,9
844415,868260,5400,891601,44,1
171545,997034,570504,644623,3,41
371042,679620,151503,995119,42,15
765214,799025,506919,805510,14,1
120463,754865,12364,432702,21,31
193487,896844,16523,969103,47,35
115725,896880,245534,577791,16,39
79854,996852,438454,863419,21,45
73060,626959,391529,505371,5,27
33566,951475,142993,897177,37,45
100062,819694,19924,915459,44,35
25325,899383,469573,718414,12,43
7003,973813,123659,857414,36,48
310806,555048,213666,940457,36,12
660767,927507,712960,798875,4,13
612413,841038,76826,935830,42,11
577544,681574,609650,629460,0,5
615641,681367,516892,806761,14,3
873724,930279,775419,906865,6,2
304101,818608,47745,988414,47,25
187420,999839,745299,771353,1,40
712699,898275,98450,969131,43,9
330350,973284,331232,867710,26,32
539925,583657,511785,591615,3,2
99289,737322,169689,945318,38,31
171188,996666,42349,725170,34,41
140939,893908,37568,926248,44,37
73496,873330,130181,392774,13,39
719780,983207,137121,553007,20,13
145900,499899,136715,361318,11,17
46475,794780,754473,877686,6,37
152346,927985,180467,765280,29,38
155968,840459,13752,995667,49,34
122168,868822,636684,942034,15,37
884969,994637,338776,900201,28,5
438410,967890,486550,888845,20,26
94042,323312,3238,991490,49,11
623514,978410,535938,604388,3,17
326333,882042,75274,867426,39,27
189236,418252,413786,902009,24,11
491560,687982,685100,897282,10,9
170359,328956,403792,984924,29,7
133887,999028,177508,958384,39,43
520987,797505,433470,709091,13,13
79646,607198,149741,518110,18,26
31153,989265,415035,941463,26,47
457911,763873,8714,996409,49,15
285231,690856,421579,998561,28,20
522885,863454,83373,796643,35,17
298559,928442,68317,822489,37,31
10667,583437,553643,804179,12,28
520073,705625,124699,954080,41,9
410183,660491,269920,414683,7,12
20249,977125,49374,499468,22,47
4094,996679,137478,452867,15,49
167197,877299,205339,744908,26,35
149060,782353,757594,891673,6,31
153141,669743,49564,518673,23,25
132001,763202,68729,862101,39,31
157402,690808,119020,982366,43,26
258990,288714,383502,615049,11,1
56804,994041,146287,862591,35,46
39900,894768,105295,289003,9,42
35481,183317,51144,897639,42,7
473716,506512,229984,923461,34,1
302101,567279,191480,748078,27,13
30167,366210,466833,658591,9,16
165312,256005,16084,392379,18,4
30437,437844,46757,842874,39,20
73471,806786,60552,797360,36,36
134312,275521,181776,504541,16,7
39264,560667,77363,901748,41,26
49765,930124,171849,930662,37,44
479401,905935,72112,425521,17,21
45032,366366,16067,783386,38,16
105082,469607,67027,749852,34,18
17521,989838,543530,740542,9,48
327193,992395,49131,660350,30,33
66245,487988,152403,486156,16,21
4793,968938,122575,382996,13,48
227390,440255,5712,957307,47,10
217017,996980,4711,371500,18,38
423836,786275,525790,738105,10,18
135151,288726,299486,985201,34,7
369879,795939,71511,205051,6,21
111396,141789,16394,578187,28,1
374281,781790,23843,911161,44,20
310815,893580,135300,568803,21,29
239818,365696,133711,464997,16,6
141734,890246,3784,991436,49,37
221545,322685,376067,739325,18,5
110322,783808,297281,698289,20,33
206038,523165,423030,635700,10,15
28074,750850,48386,999048,47,36
3453,994223,125478,702966,28,49
479498,909686,79836,834654,37,21
541512,933514,38853,917084,43,19
446086,706203,138495,818655,34,13
881352,963399,329673,553187,11,4
45398,918669,835130,956198,6,43
71665,333059,377052,940907,28,13
19800,826293,110608,995184,44,40
59521,973070,76112,737586,33,45
26955,195809,3024,996678,49,8
100334,199910,745282,893821,7,4
140425,652302,387692,568605,9,25
29563,224723,303842,501670,9,9
265785,404600,502550,699841,9,6
618288,765342,48571,666881,30,7
818992,940858,14794,805581,39,6
106883,808267,367931,775614,20,35
193895,851795,731124,885952,7,32
299474,912332,256869,339123,4,30
301549,904440,140372,758318,30,30
475133,715797,237183,482234,12,12
51152,826936,190363,763864,28,38
147116,898066,222332,901853,33,37
234731,885422,313752,927012,30,32
53569,366032,142019,789516,32,15
687338,707125,497165,688198,9,0
556677,958868,158518,604818,22,20
127989,697308,199570,876833,33,28
419988,802114,130679,983404,42,19
213347,966831,75519,842779,38,37
765495,935947,586672,997530,20,8
892709,900837,101524,433173,16,0
481506,840772,438032,922269,24,17
519217,895159,458212,928987,23,18
235955,857737,134782,364026,11,31
63930,815190,394983,661259,13,37
189693,910341,120000,874731,37,36
255037,599523,39714,816172,38,17
83144,696061,83739,976635,44,30
247459,637958,38763,996683,47,19
3803,821524,566181,755569,9,40
301784,598134,407668,749279,17,14
247145,848765,246033,311701,3,30
158629,981364,122544,955529,41,41
188243,841340,435660,890864,22,32
260615,456251,163506,954270,39,9
118365,240838,228787,789282,28,6
277097,779894,405633,560173,7,25
325838,618428,52275,731522,33,14
661025,950238,484509,816185,16,14
489925,700422,48774,837976,39,10
631725,688093,195206,894152,34,2
522653,764532,13282,896810,44,12
319887,949407,608172,697603,4,31
350373,897632,121716,422230,15,27
9342,456100,128804,825900,34,22
332973,537413,485392,963118,23,10
525693,918316,183361,375677,9,19
57777,358510,258015,815909,27,15
853760,970853,106963,577965,23,5
66389,230884,135266,485129,17,8
321939,716334,982801,998830,0,19
404399,895874,109719,934431,41,24
410912,533240,61218,741112,33,6
77283,541331,117063,502335,19,23
307640,895138,385330,940417,27,29
712203,884897,201111,631889,21,8
130352,458874,161844,312474,7,16
554327,953741,278423,520100,12,19
28375,764480,167426,201221,1,36
79546,617099,85442,859088,38,26
287291,750469,817071,900002,4,23
24792,913935,463658,528691,3,44
27668,813419,735028,798358,3,39
135089,995108,65204,418376,17,43
320230,780439,203217,869064,33,23
744737,976915,440734,791567,17,11
255889,890043,278779,356976,3,31
203820,995931,530864,919925,19,39
272917,970561,138928,744764,30,34
614634,626751,24750,947533,46,0
709509,754624,27405,469450,22,2
16276,958586,246363,342555,4,47
1897,977377,372651,919169,27,48
15833,781768,113073,430140,15,38
402468,594654,292111,935230,32,9
120938,345301,416657,954520,26,11
86953,365034,88061,582517,24,13
994917,996995,81591,508227,21,0
153739,786766,382803,694906,15,31
248801,947915,272227,503547,11,34
280071,377008,4343,991055,49,4
173668,951565,326670,747597,21,38
40244,582440,47470,600315,27,27
274492,869201,810617,844205,1,29
425205,955354,838126,925327,4,26
448396,802845,442397,560159,5,17
29123,409090,50098,74286,1,18
197814,934710,397108,946690,27,36
371466,953432,453554,522284,3,29
332281,657994,12834,688744,33,16
687728,878512,339766,817307,23,9
115801,937539,319780,968798,32,41
436598,449107,571517,883296,15,0
65245,943070,278372,680881,20,43
46186,841027,13510,887921,43,39
395027,929486,367017,828350,23,26
169168,801122,105281,960743,42,31
668730,855963,88919,930522,42,9
292317,773392,154070,368878,10,24
12026,658401,121263,995968,43,32
385104,762375,234227,599855,18,18
610294,645804,207607,945128,36,1
301059,394590,307533,699006,19,4
141057,423073,501717,754600,12,14
26768,958832,103374,981574,43,46
3363,944012,318607,756590,21,47
518742,816736,457288,650618,9,14
446468,895865,70265,968225,44,22
174871,544703,51395,985686,46,18
522090,784949,110560,992108,44,13
157676,649389,43244,904443,43,24
41387,994283,294738,983631,34,47
333270,553533,69599,953629,44,11
318274,756456,286382,934009,32,21
135780,787456,427183,776469,17,32
146371,862746,135999,214850,3,35
247512,730276,63176,994601,46,24
55730,893475,124187,701058,28,41
535746,839605,692193,888649,9,15
156444,796154,328740,937133,30,31
91202,950528,144715,692570,27,42
149230,701831,917069,992517,3,27
49770,494283,22913,228551,10,22
541635,545007,98974,453494,17,0
4752,990568,638,886414,44,49
224583,955274,110196,338964,11,36
222336,545070,537038,948527,20,16
491143,850642,154276,616427,23,17
616702,773656,17353,556075,26,7
325260,671652,102242,290522,9,17
423014,432610,114913,984742,43,0
544165,621782,306166,839931,26,3
354999,769347,355782,619538,13,20
160010,979723,298782,865835,28,40
398432,758177,82050,906736,41,17
201702,792981,267298,833278,28,29
28143,965733,181040,610588,21,46
124298,969897,675016,895291,11,42
143336,993556,240892,963443,36,42
221764,695998,16666,461355,22,23
15314,925388,929938,932656,0,45
101513,937717,297118,482707,9,41
42525,342863,60707,811270,37,15
42593,540084,428772,775583,17,24
458165,651083,507,999978,49,9
594764,726558,3595,439229,21,6
816927,975242,96138,994657,44,7
656913,983871,419913,810365,19,16
256076,413731,237819,655033,20,7
212442,721601,39949,346535,15,25
3517,355313,351,999808,49,17
245842,713012,108201,836287,36,23
787974,938404,185394,607083,21,7
75754,404308,97229,785453,34,16
779306,940730,63530,928913,43,8
6316,945263,99812,664350,28,46
366698,587140,21993,800483,38,11
952141,953203,192417,634255,22,0
33099,170646,81471,960260,43,6
155999,939109,203835,213667,0,39
395336,598092,546020,966339,21,10
70459,941480,135130,661263,26,43
499818,910640,75796,550108,23,20
233550,925519,65375,934216,43,34
6717,989023,105126,488705,19,49
60117,977999,1759,983895,49,45
315971,349238,44991,632842,29,1
126857,703622,795279,817187,1,28
44056,933807,502799,815722,15,44
159917,194644,40785,979155,46,1
683040,789819,415418,996552,29,5
82755,114298,694671,936108,12,1
212421,891835,918436,945030,1,33
686309,988702,67188,385948,15,15
446845,941479,123774,667391,27,24
211362,492676,86601,833524,37,14
479756,998385,513063,911693,19,25
436436,906250,315693,793556,23,23
298397,908204,381933,651965,13,30
17825,820777,55389,647547,29,40
281283,335500,137334,909321,38,2
58744,898402,150876,574213,21,41
237731,675336,420639,676510,12,21
32579,924053,8737,276507,13,44
464632,737779,51729,976475,46,13
327410,887115,24472,884027,42,27
267806,940876,158455,980464,41,33
135512,988671,225137,798126,28,42
282422,915882,47791,780322,36,31
926316,931363,31699,512679,24,0
118716,344859,513862,615836,5,11
107740,882236,61762,818993,37,38
437958,862402,182439,220106,1,21
615538,858459,71098,920120,42,12
304285,453591,442613,915844,23,7
343086,606620,144291,880919,36,13
96301,213963,191248,926344,36,5
491541,645976,29232,949903,46,7
278709,671368,100630,835733,36,19
6756,955907,25107,952368,46,47
636755,970457,90451,341197,12,16
6914,874756,437778,866017,21,43
761067,861582,228592,988816,38,5
323401,802416,87744,955780,43,23
523356,771456,126099,551299,21,12
38206,533500,289343,931292,32,24
341549,648083,252392,703276,22,15
86566,944807,54533,504096,22,42
815086,934373,683711,995926,15,5
191202,774745,163271,747942,29,29
211972,423909,117912,714858,29,10
19294,946239,5705,926891,46,46
315588,813507,73,996991,49,24
54644,846863,15864,998628,49,39
8667,998323,35679,875297,41,49
13794,792579,139824,242240,5,38
128440,932206,499279,946997,22,40
82543,901419,347924,617072,13,40
141076,890943,634867,861525,11,37
71860,666655,218429,889640,33,29
382963,593712,723881,810414,4,10
128086,516060,436079,669202,11,19
433082,939290,27001,525630,24,25
651597,966294,291860,955200,33,15
313653,966185,293244,563893,13,32
95522,909590,42723,880795,41,40
183849,627064,289151,944070,32,22
3871,997539,72779,756474,34,49
74642,989781,205470,846821,32,45
387885,389491,40572,866722,41,0
18153,648881,150458,608494,22,31
180977,772190,495796,974768,23,29
592782,884615,89907,957493,43,14
141957,358964,12653,996076,49,10
331584,742392,11561,998178,49,20
156719,738694,375325,613826,11,29
132925,670629,276112,496918,11,26
60654,866436,27459,799683,38,40
283476,718586,232812,690377,22,21
156871,726879,275642,622994,17,28
22266,962967,90392,956450,43,47
490257,870291,50138,494267,22,19
431156,804210,358735,817032,22,18
422343,954602,93000,763500,33,26
584515,753416,340920,616099,13,8
657804,853634,164813,410903,12,9
306967,600642,216717,859524,32,14
323837,794705,143551,742720,29,23
628387,709979,94607,357165,13,4
120034,475634,170464,811832,32,17
329718,613935,166463,631385,23,14
798162,929767,236770,733051,24,6
857168,920045,3763,843798,42,3
70665,909630,528665,877798,17,41
459180,532644,414768,867420,22,3
271164,682779,702973,928438,11,20
68401,240058,555007,869032,15,8
278472,401863,73662,841438,38,6
12091,47074,343367,607251,13,1
409085,903319,91782,554319,23,24
91335,814957,132610,724441,29,36
108982,856830,21480,605767,29,37
183643,774097,475466,832723,17,29
287512,922891,455323,855113,19,31
42502,649060,217298,914613,34,30
205538,446223,152568,810339,32,12
287905,776454,157355,463687,15,24
182184,907497,108713,594596,24,36
97674,938376,436553,530910,4,42
243934,250943,214945,902794,34,0
315278,998645,141145,988164,42,34
196187,887421,143928,707059,28,34
440489,871920,194039,665492,23,21
464706,796250,504092,722264,10,16
426736,568708,448501,947684,24,7
291273,448749,288485,590702,15,7
179418,831790,76247,997900,46,32
359828,744187,162627,377098,10,19
13413,796549,56665,553030,24,39
406240,540337,191722,936063,37,6
297151,414753,136978,235694,4,5
495246,793541,258204,740778,24,14
614409,956353,217217,784224,28,17
9391,963725,119112,977779,42,47
170380,932297,380853,739292,17,38
33159,976090,301384,619404,15,47
39101,823659,319655,885520,28,39
304979,538361,44382,980271,46,11
104292,920888,182240,386721,10,40
198792,868615,20340,890283,43,33
717691,935831,150749,923692,38,10
278897,823728,84069,472488,19,27
622470,665592,155747,980179,41,2
154067,975639,477937,948999,23,41
111358,847065,106616,419319,15,36
166450,687011,370118,680579,15,26
55615,557776,95183,312704,10,25
19651,948608,151774,840771,34,46
270443,944260,346858,816229,23,33
39232,550757,311930,553777,12,25
61985,300043,402829,610569,10,11
31768,361977,15138,879690,43,16
59829,410310,133327,995919,43,17
375590,958048,363156,609252,12,29
79926,983085,337637,595427,12,45
99066,562881,648776,686235,1,23
257526,686735,276521,589148,15,21
261616,997144,2864,649429,32,36
36077,642303,511789,985848,23,30
4785,970375,96072,762618,33,48
106170,969320,244602,886608,32,43
148834,868699,515569,985024,23,35
82285,412724,4943,993516,49,16
128652,184398,448847,915788,23,2
158410,811112,957,999045,49,32
254534,946109,83585,846464,38,34
157222,219140,257392,295990,1,3
658881,974572,399400,973251,28,15
211800,326117,34478,712265,33,5
545382,753883,131944,882760,37,10
754,997337,15555,675471,32,49
283576,632437,444439,662259,10,17
123691,862140,359727,931870,28,36
447472,983567,118161,868331,37,26
20262,944343,133753,912172,38,46
35551,929049,44911,507271,23,44
147542,988775,3711,992629,49,42
54932,597080,116160,794618,33,27
692249,753410,139112,701760,28,3
222297,870562,11505,229352,10,32
187326,234355,407846,998602,29,2
60477,686625,375633,590099,10,31
39112,922693,342109,999955,32,44
185500,634369,151524,912799,38,22
310042,984920,63463,721547,32,33
244224,975132,221733,321675,4,36
234571,252059,88010,660355,28,0
193945,564730,161192,916250,37,18
279748,825539,564,476368,23,27
419501,938164,56044,625008,28,25
46982,663966,18905,774142,37,30
222313,960046,290831,759474,23,36
13568,974135,83955,917756,41,48
169554,583188,548930,854820,15,20
166342,885303,200022,857572,32,35
183452,728289,129686,967590,41,27
128529,619781,194899,973375,38,24
104790,703454,88981,910154,41,29
377087,543719,220587,877804,32,8
25884,915942,234262,687695,22,44
568504,996099,352258,918122,28,21
88384,770859,121136,329526,10,34
11951,940195,34062,492690,22,46
221089,539499,266346,859893,29,15
28119,403119,574506,883198,15,18
133370,948868,464305,953562,24,40
46444,859508,425826,512082,4,40
29359,113756,53680,619905,28,4
241433,912890,755812,846290,4,33
534315,708368,154356,988409,41,8
548366,643250,173181,271688,4,4
153411,871706,397383,990651,29,35
11456,986773,670240,984483,15,48
90089,308419,591409,809274,10,10
613870,620647,169755,933601,38,0
40826,120058,249477,736800,24,3
49291,361611,402869,886806,24,15
107333,529171,542307,630088,4,21
592607,980246,198218,280835,4,19
217669,930563,218520,700301,24,35
202291,451708,668487,757924,4,12
650917,936227,180698,743685,28,14
765326,812137,520236,733616,10,2
53764,987475,421896,510577,4,46
331574,856195,78458,572032,24,26
375177,982825,474552,955397,24,30
34024,993180,67356,282014,10,47
205385,513776,376818,462225,4,15
233890,850461,12711,779792,38,30
12486,991377,564725,664251,4,48
62440,464258,783649,999514,10,20
45445,344721,101758,934149,41,14
77278,999610,48146,535191,24,46
205968,648688,27963,865695,41,22
147338,697760,207715,976961,38,27
277726,652641,76786,853155,38,18
