269359,616442,193575,832684,31,17
356077,922570,379746,985767,30,28
9011,947069,69743,985900,45,46
264861,772246,45557,935302,44,25
303222,897331,378623,915115,26,29
46584,532026,499879,755131,12,24
133800,963866,167306,600936,21,41
575687,645824,315,999972,49,3
387938,676728,384684,547290,8,14
298054,910872,12093,979872,48,30
252919,968032,726606,806951,4,35
572087,607021,466464,813787,17,1
236434,626635,50706,997188,47,19
47585,556474,643067,677475,1,25
908,561059,105930,616838,25,28
235039,945391,66985,834642,38,35
162948,986287,418051,716779,14,41
36943,298681,206017,947173,37,13
615768,668344,8249,992773,49,2
178694,509978,86440,432036,17,16
351701,934123,75029,843162,38,29
521590,758932,207675,359125,7,11
753994,781959,22362,95006,3,1
277710,968883,79930,912306,41,34
390321,450972,128825,685011,27,3
211810,837320,506372,865694,17,31
231829,669300,535261,926048,19,21
402414,555512,108463,761987,32,7
55207,145838,87645,997141,45,4
479043,876244,496654,768589,13,19
163181,342309,224218,415877,9,8
68208,614497,539788,621680,4,27
378054,507703,239330,897674,32,6
175663,551905,217521,941042,36,18
635382,676569,716338,810298,4,2
340637,564378,506103,942333,21,11
139506,874353,544410,916063,18,36
787135,879517,86958,459338,18,4
115421,649516,333501,557549,11,26
236622,385713,97556,903855,40,7
603686,664268,421080,792614,18,3
744906,921787,122668,505300,19,8
153529,566501,2646,998778,49,20
52189,862056,737616,787167,2,40
46079,613315,294286,714646,21,28
455197,966588,73208,746360,33,25
99733,942448,276154,585551,15,42
89712,951373,326065,947595,31,43
115825,897935,234231,495824,13,39
153936,671178,567678,616116,2,25
621078,792980,85466,386912,15,8
193256,744633,83177,951532,43,27
543662,646255,403607,689524,14,5
929,129704,94494,830698,36,6
223315,451416,351411,825433,23,11
144221,554217,107111,821965,35,20
821101,857873,253249,353139,4,1
544556,843607,32223,690784,32,14
73226,180009,65443,920646,42,5
33172,265479,45434,820164,38,11
143051,792912,161370,976636,40,32
294846,725895,725141,828500,5,21
232475,936590,366015,825980,22,35
604442,992335,149899,535495,19,19
173726,509193,215087,471551,12,16
539624,541999,173270,819184,32,0
377507,707306,319554,388242,3,16
152321,381139,320893,455234,6,11
135285,417660,299302,815754,25,14
240652,851974,217467,233725,0,30
42425,877542,106584,823569,35,41
763284,801651,253755,518461,13,1
381703,558722,33021,838153,40,8
270277,620561,387306,875019,24,17
157666,981922,246631,743221,24,41
34533,112845,143759,970030,41,3
38927,713118,128136,892269,38,33
519567,560809,441985,651074,10,2
607598,871462,38752,291031,12,13
75177,958799,15804,705455,34,44
133977,917928,202476,950555,37,39
16775,847496,307118,726540,20,41
71442,524316,339094,714664,18,22
239954,732297,206263,631021,21,24
278107,284815,86901,757900,33,0
125314,837013,727756,914009,9,35
111738,245900,806818,968220,8,6
49483,154147,216811,977374,38,5
504371,727684,194502,849129,32,11
3381,920701,553197,654813,5,45
94636,525809,78458,562820,24,21
12598,599641,182526,728183,27,29
256695,894603,213285,532564,15,31
377837,933004,77694,620201,27,27
720240,921731,177920,180963,0,10
71332,945438,465470,473150,0,43
413315,913356,267500,581182,15,25
454609,895296,61479,257360,9,22
26321,972174,71203,897830,41,47
396732,525473,708625,968877,13,6
151086,173259,301141,907328,30,1
721772,963903,292869,785415,24,12
393900,703685,487397,655596,8,15
126595,280097,707052,794591,4,7
321335,771106,85977,906813,41,22
4276,938784,49853,810415,38,46
615557,615913,1684,993529,49,0
13374,926946,536752,982068,22,45
368792,676565,619858,865594,12,15
23854,856488,140079,177744,1,41
383776,555467,756171,988563,11,8
67320,950622,122595,940777,40,44
990,985995,304836,956941,32,49
194726,800935,140228,641161,25,30
119957,220436,91202,898499,40,5
552,999457,373676,808896,21,49
488578,744386,543031,761378,10,12
33255,848322,640512,853281,10,40
772569,982059,267727,997449,36,10
17485,937915,481803,518728,1,46
54781,904854,190362,985148,39,42
704986,846689,2883,944999,47,7
9770,264537,235270,955678,36,12
141714,981123,40356,691442,32,41
280301,834243,28819,752566,36,27
30696,829675,380356,938216,27,39
436273,623705,362962,761804,19,9
332761,593180,13406,984239,48,13
816095,987078,2072,994579,49,8
126020,329354,219853,719947,25,10
611243,748573,6175,999577,49,6
82210,291402,337727,927408,29,10
4379,835785,5363,969204,48,41
147280,983522,785417,999496,10,41
141145,971625,222195,904760,34,41
26445,649812,44863,990321,47,31
664867,920305,700517,800820,5,12
175693,475655,5856,992811,49,14
138428,589595,337767,873275,26,22
87836,874206,525234,839274,15,39
482564,959383,96647,899708,40,23
56381,964842,214413,650427,21,45
298961,519390,134335,418598,14,11
64261,733712,16792,909687,44,33
559654,946385,171357,723820,27,19
865486,891453,35239,794014,37,1
372124,392444,84383,920572,41,1
488928,837145,77605,374624,14,17
612075,614782,295109,837587,27,0
125196,792842,118549,847601,36,33
28545,570964,269082,457054,9,27
416800,443868,49503,787294,36,1
357064,588977,36748,983149,47,11
200672,669818,268895,847183,28,23
329163,592167,26185,617798,29,13
480141,714064,355774,858586,25,11
205211,697154,292562,769625,23,24
23841,746298,556849,907112,17,36
726603,988757,316300,432890,5,13
185268,385509,38776,990734,47,10
56688,941921,179258,843602,33,44
342477,861787,42094,991166,47,25
62786,962276,57891,773859,35,44
104440,829830,146575,965979,40,36
5182,307173,98581,750898,32,15
268375,574198,14064,722514,35,15
292916,703615,41110,892155,42,20
541884,902934,195098,771523,28,18
66527,872702,415394,711331,14,40
201125,752281,90059,808134,35,27
184820,839885,97669,463474,18,32
130659,736000,125500,689361,28,30
700722,897405,597407,953094,17,9
1033,996501,295463,873441,28,49
1617,614949,272953,295643,1,30
11336,990472,347390,988141,32,48
228370,719642,164370,168013,0,24
827388,981643,28770,896697,43,7
399235,697508,23497,391917,18,14
51647,359228,113406,944751,41,15
351074,983919,336702,387388,2,31
76260,877139,21895,956225,46,40
811181,833032,208332,649303,22,1
167492,867095,687397,921176,11,34
80579,526093,48602,979038,46,22
204910,825712,62944,922875,42,31
204049,438500,19907,579449,27,11
879971,895297,22813,705361,34,0
50801,486091,237012,901746,33,21
250481,964080,33466,350637,15,35
741102,879365,27988,363707,16,6
13117,991947,15531,586227,28,48
18301,994420,313232,385192,3,48
203969,969595,898369,903608,0,38
7430,993320,96151,540359,22,49
296434,750879,876348,953000,3,22
338324,966921,149716,822974,33,31
98748,675943,320682,577583,12,28
77519,857161,238250,336993,4,38
145494,987109,293074,439638,7,42
486481,828229,566,945035,47,17
155203,613906,361084,601151,12,22
35501,836000,2447,918464,45,40
362141,504009,255714,307662,2,7
299645,534397,50334,750749,35,11
52085,981711,168438,747835,28,46
370913,785693,21084,999680,48,20
235554,377790,275067,755718,24,7
412499,900265,147651,851170,35,24
209031,381602,347074,859398,25,8
391329,926716,144135,569852,21,26
668528,691634,345281,678989,16,1
61427,393418,558812,697839,6,16
335065,980000,316473,953173,31,32
375393,696700,105663,877617,38,16
390812,626877,129752,318056,9,11
322523,693989,201084,649397,22,18
34607,948630,309890,481006,8,45
171584,728628,266389,585094,15,27
4693,982910,5705,867671,43,48
658232,734887,95755,359602,13,3
51264,931000,160304,963494,40,43
442178,459342,69223,854463,39,0
655404,779623,65374,980848,45,6
534140,755388,18163,842366,41,11
34324,993381,271685,616601,17,47
21248,957488,2686,998145,49,46
31174,898048,98991,954529,42,43
55987,749106,377464,629066,12,34
19599,940929,136526,204313,3,46
563251,684603,748463,991779,12,6
416271,678494,386530,927118,27,13
99043,974797,139009,788593,32,43
30763,973701,257529,557060,14,47
105837,987376,191278,817347,31,44
267189,601768,12516,997122,49,16
653416,688235,144165,653451,25,1
319,830865,67815,452210,19,41
201512,964649,225665,918507,34,38
49678,991052,123186,594462,23,47
351904,797043,84445,602027,25,22
176017,293473,41589,930551,44,5
29622,996776,52978,111808,2,48
111550,714607,15751,479435,23,30
701004,727705,25286,579245,27,1
371262,711273,476097,839978,18,17
345242,365768,74639,942273,43,1
495353,832779,354714,683019,16,16
180885,873617,192045,862007,33,34
164026,502885,174776,984383,40,16
9514,900783,311802,880175,28,44
246613,869024,811413,927437,5,31
306655,823260,685453,954186,13,25
548685,980911,108961,871305,38,21
57705,461964,497320,868389,18,20
681175,943385,491855,942608,22,13
22579,997909,136467,383342,12,48
144465,268380,708616,770288,3,6
132630,259071,567134,648377,4,6
104222,725778,494089,902722,20,31
9114,952726,479118,911941,21,47
588968,826935,518682,531597,0,11
70969,783938,441188,666585,11,35
137528,914288,94940,971299,43,38
430859,814855,297465,985582,34,19
169840,824465,263352,851140,29,32
234810,533285,670094,896106,11,14
781395,839175,743283,785615,2,2
8744,33134,185057,832125,32,1
439245,921469,419431,494243,3,24
472338,545226,26079,981081,47,3
85348,913987,127628,938389,40,41
825980,834133,100965,398905,14,0
259781,986056,230649,412216,9,36
131513,862292,156919,716853,27,36
15814,912293,377042,755116,18,44
298189,897253,10679,714623,35,29
9770,203196,121016,608277,24,9
221120,774352,600883,990121,19,27
17054,299582,334605,765953,21,14
22877,632462,235010,937304,35,30
377957,404824,460964,475558,0,1
165889,716992,154904,968855,40,27
143622,376617,8390,997347,49,11
584948,769872,81080,770862,34,9
9853,936948,152124,988011,41,46
635714,829816,361582,582815,11,9
245809,495300,497394,729101,11,12
299400,884196,43158,799500,37,29
159651,305679,276037,995229,35,7
3172,861723,267370,879019,30,42
190286,764173,19099,972529,47,28
11541,715984,487630,700257,10,35
430887,571810,362282,651078,14,7
300789,438243,631822,919611,14,6
19954,932003,467292,650948,9,45
37094,117168,459096,568196,5,4
129931,786293,7424,832063,41,32
135200,962170,445891,565591,5,41
51903,679241,4090,464831,23,31
299131,954011,29056,751914,36,32
100615,629565,810686,816413,0,26
741187,816544,166584,788419,31,3
171045,205467,54203,978890,46,1
388481,789178,468482,664132,9,20
631845,977613,254354,867299,30,17
167864,898131,466757,961638,24,36
606848,685998,4465,538340,26,3
44482,928229,225495,821760,29,44
28395,866605,249324,586522,16,41
5040,893309,611178,673481,3,44
15678,960050,219148,850431,31,47
8155,892630,54041,510219,22,44
161895,214981,48879,723585,33,2
76357,824512,354441,588958,11,37
47704,999313,420521,566494,7,47
406778,716400,461444,863680,20,15
9765,918344,13447,531447,25,45
525921,842443,602184,815189,10,15
16830,969183,597003,766986,8,47
17235,808962,118392,479582,18,39
158298,530170,490392,695029,10,18
284757,764506,610600,954843,17,23
294347,774086,254312,539960,14,23
252127,534656,58668,952186,44,14
31777,983141,751720,862622,5,47
443163,626405,9386,996422,49,9
700864,823329,240559,875263,31,6
206768,977233,818988,929937,5,38
333086,913339,22244,589522,28,29
140784,936806,504662,933464,21,39
477539,681447,269981,925125,32,10
399135,525383,114910,816936,35,6
89409,550143,476541,904076,21,23
215444,839658,358976,548720,9,31
55857,357271,54702,240437,9,15
72437,212068,312784,372444,2,6
468579,864486,432202,582413,7,19
363270,667126,711991,786279,3,15
360137,820221,103611,494842,19,23
394225,507244,716089,739863,1,5
113426,742921,135511,567905,21,31
117331,774765,714400,917353,10,32
445620,599674,834754,940688,5,7
36482,790608,374644,399054,1,37
79289,933813,93860,423280,16,42
580152,997758,146968,879625,36,20
191531,275181,15803,879583,43,4
4695,990352,327704,516565,9,49
81630,898043,351115,707448,17,40
376413,553087,174184,874906,35,8
217841,974596,14833,907123,44,37
387858,527357,110922,983085,43,6
395513,860964,64722,400441,16,23
154022,171207,13869,454558,22,0
164952,747409,383984,740334,17,29
615138,988942,90618,158337,3,18
206404,698865,111761,894338,39,24
257423,830370,1383,876973,43,28
485543,987808,152811,530557,18,25
493889,511674,27768,928254,45,0
62974,923814,374151,943409,28,43
141428,624728,300757,622056,16,24
19816,479385,220024,440222,11,22
42885,323053,350488,945723,29,14
155362,751367,710759,885205,8,29
36129,906426,479456,765521,14,43
247383,713539,25846,913777,44,23
230687,648441,365374,810423,22,20
16068,997739,33469,519085,24,49
94569,642762,444689,976541,26,27
555212,689829,249071,821623,28,6
262340,595304,77145,982984,45,16
207982,210100,214429,940239,36,0
11239,999284,374229,900431,26,49
273999,939622,315315,434776,5,33
62663,860111,107560,812427,35,39
190087,938842,640054,955914,15,37
194311,588890,485865,700906,10,19
147412,897181,319559,908910,29,37
156213,230252,18967,160280,7,3
94096,763521,108787,914946,40,33
53211,556210,191730,378732,9,25
21219,453433,131478,575954,22,21
21623,960717,164776,792253,31,46
342806,693459,23327,994972,48,17
241591,435629,521557,562168,2,9
432647,997492,153375,565614,20,28
3179,873739,452855,829473,18,43
252260,594783,341274,915748,28,17
429691,477093,6901,458575,22,2
2534,969877,55143,908902,42,48
420277,960598,396988,429721,1,27
323308,425506,930,942382,47,5
554157,974339,145391,995968,42,21
543802,956031,358561,574474,10,20
55682,953415,28365,985020,47,44
118518,288555,650565,760346,5,8
6252,441255,76867,601602,26,21
644597,717420,9666,252566,12,3
77368,739850,58216,206124,7,33
200163,841454,222188,890014,33,32
205315,557914,529203,660113,6,17
213114,976046,91852,985313,44,38
851834,968393,569180,683124,5,5
497534,828826,128172,722383,29,16
225573,721240,24908,508616,24,24
71244,280975,1071,888379,44,10
185689,902730,142045,849449,35,35
1745,138465,167194,956268,39,6
253507,919211,687508,906634,10,33
94835,384224,35862,380262,17,14
134377,297274,190312,528197,16,8
83663,862148,40,679503,33,38
22112,985632,65036,730072,33,48
422063,883310,743441,981561,11,23
214301,295947,30841,808675,38,4
380367,574156,430950,439624,0,9
1882,978758,122894,617053,24,48
98308,938217,94026,965053,43,41
109974,933053,393397,570306,8,41
76264,965670,80176,699784,30,44
216426,960465,252903,857883,30,37
466479,881629,638555,747243,5,20
830414,930982,7269,924083,45,5
196839,511365,22132,997251,48,15
328871,737280,104235,995161,44,20
28867,901417,412712,569770,7,43
121612,891616,81350,713056,31,38
217902,691049,89944,841368,37,23
198335,837673,674245,963067,14,31
243728,903474,48126,901696,42,32
240870,277094,196157,404280,10,1
276917,939157,854795,877281,1,33
67648,998784,128981,745057,30,46
207186,489747,292734,963890,33,14
204797,580726,428280,919537,24,18
5047,681475,11034,971360,48,33
301870,813211,614378,768249,7,25
317283,810250,589564,965005,18,24
13577,877734,92398,862947,38,43
184093,916570,371495,525383,7,36
203921,719041,70444,995910,46,25
434332,891593,624664,782633,7,22
423245,960541,139740,940550,40,26
574126,936381,48659,988649,46,18
213683,734400,180277,930945,37,26
52909,742754,417,999935,49,34
69510,794335,379857,973171,29,36
316802,463692,777810,958870,9,7
596550,969854,391435,785099,19,18
317872,683018,64478,897826,41,18
769747,866237,625356,897196,13,4
412079,997190,218259,942956,36,29
31141,981633,306698,762747,22,47
626854,915985,137733,868390,36,14
2682,988476,95986,945833,42,49
303212,992613,107612,653038,27,34
522927,767353,71461,498963,21,12
197400,327069,115534,255902,7,6
169365,774101,97509,481450,19,30
187611,537124,332813,853182,26,17
212650,987361,20818,484377,23,38
178362,982851,16438,693070,33,40
114953,296238,390760,968049,28,9
115065,841231,87209,117503,1,36
492233,862999,94062,984637,44,18
125838,682539,266202,667717,20,27
472422,888343,389535,699395,15,20
6990,816748,408060,953184,27,40
286859,440713,513552,723452,10,7
675127,958459,13964,924392,45,14
362407,663517,568668,649555,4,15
120107,307153,642214,930298,14,9
154492,596911,152833,924210,38,22
261624,681806,371717,654904,14,21
42296,102910,119020,460871,17,3
80584,874376,140075,948123,40,39
787689,946993,66227,223006,7,7
150154,878279,118569,160263,2,36
61329,752922,700888,912930,10,34
263081,534122,112750,620465,25,13
83860,324220,132906,297028,8,12
411379,502606,7169,991987,49,4
303650,805853,2728,499356,24,25
58064,965072,106478,703553,29,45
759919,785830,279611,424681,7,1
125549,935162,404705,920963,25,40
44648,217351,175269,794758,30,8
299467,655225,254079,398210,7,17
66876,946260,632979,714153,4,43
504068,930403,69405,986190,45,21
568913,746980,331866,481055,7,8
380829,936608,605085,980366,18,27
588204,729652,602139,865073,13,7
378137,658190,486259,497602,0,14
23431,854216,499511,873959,18,41
24863,973270,275402,853082,28,47
437196,692646,667895,821983,7,12
60682,416151,414894,652870,11,17
231459,434259,32934,948426,45,10
14276,886324,435619,778655,17,43
645661,768580,497640,911251,20,6
126240,396424,12245,672655,33,13
297037,353993,33772,982794,47,2
156983,779605,212552,746533,26,31
141047,451519,962904,994689,1,15
370757,644808,332083,800537,23,13
130090,767707,139421,923001,39,31
848498,948307,747241,789819,2,4
359512,440592,252649,953714,35,4
108290,709718,91678,971228,43,30
128311,912251,63648,833155,38,39
265347,949341,190131,948729,37,34
332581,383754,359392,728063,18,2
97987,613262,40835,730893,34,25
175076,205996,111971,955041,42,1
276765,992292,81663,964987,44,35
89715,990707,49076,957777,45,45
71703,986574,155456,885255,36,45
165987,969974,122663,963073,42,40
244712,822460,31974,526934,24,28
313151,426463,2840,997695,49,5
141069,526570,686655,710141,1,19
141374,699686,131802,455046,16,27
294088,841741,869009,979321,5,27
311716,883132,197475,543185,17,28
598786,758337,380040,996969,30,7
270073,925643,168922,624171,22,32
299718,363489,223742,811299,29,3
173574,578081,173206,999858,41,20
381720,401348,521115,721014,9,0
698604,751752,62627,951667,44,2
217629,916191,27107,961384,46,34
125789,146557,4896,994963,49,1
325801,424555,373665,778156,20,4
55916,720242,699211,879833,9,33
75455,976942,181977,957840,38,45
561832,999562,406683,560729,7,21
742313,956386,264968,566466,15,10
60204,964553,309054,626145,15,45
391289,855009,121782,281758,7,23
610572,988444,407049,808493,20,18
78776,891822,48096,993887,47,40
773458,816450,158766,696390,26,2
113978,467407,182534,961548,38,17
141369,885259,282504,646783,18,37
99869,983266,545900,893479,17,44
611026,919574,182710,659760,23,15
940592,964363,274976,694980,21,1
395921,724211,13481,883008,43,16
292282,405763,20263,344385,16,5
248289,991871,18438,202073,9,37
527271,693960,38332,896104,42,8
697575,928771,757302,870943,5,11
101030,611145,179043,746510,28,25
169658,926599,329249,462587,6,37
171,652472,74001,977624,45,32
57490,762747,639362,778125,6,35
173866,941525,487190,691995,10,38
51137,274855,418802,627068,10,11
417776,437382,118765,956256,41,0
299884,924117,613801,862682,12,31
158882,542048,14652,937421,46,19
315829,990060,5183,700145,34,33
184470,978918,608575,698257,4,39
258401,932312,293854,538004,12,33
100019,318844,172040,748380,28,10
550965,975683,24881,919622,44,21
321054,705055,75687,248043,8,19
117574,807487,572508,903733,16,34
215006,498371,4630,983167,48,14
944954,998916,379084,790224,20,2
365736,569891,76577,904452,41,10
83350,457842,76909,979408,45,18
15165,724205,112595,990184,43,35
260899,834708,507683,581019,3,28
88921,964936,446185,857838,20,43
111327,219824,187459,847336,32,5
63128,441970,507106,804524,14,18
724430,862934,442605,638371,9,6
153314,968777,188653,582697,19,40
357675,487492,190048,672072,24,6
622530,930283,687337,791994,5,15
200594,549242,173476,427895,12,17
442585,918974,215528,584936,18,23
35071,819465,4861,946769,47,39
50035,906347,378144,550445,8,42
545604,979604,3053,925755,46,21
26827,918414,583128,914435,16,44
518456,980702,888525,942751,2,23
167530,547362,184396,555462,18,18
232454,300286,415173,901041,24,3
189620,726829,149471,482565,16,26
59857,991649,66509,965847,44,46
71050,811253,88510,336271,12,37
87117,868606,253347,884502,31,39
236843,887972,77912,642072,28,32
324648,642814,432994,950206,25,15
415101,943637,267731,459630,9,26
275286,829839,523122,735399,10,27
413724,937744,618031,764764,7,26
20625,963034,17392,892998,43,47
7477,886110,95249,695399,30,43
36128,840906,597982,899670,15,40
146810,541943,81536,757542,33,19
8456,280791,93466,921448,41,13
131283,879637,819381,927990,5,37
88309,341769,708,507056,25,12
649019,892697,108728,884552,38,12
257565,986616,10315,988329,48,36
112564,984575,393291,511943,5,43
516479,822653,350539,750530,19,15
237511,796721,295989,870193,28,27
294262,699975,55202,678976,31,20
213333,996049,349823,583983,11,39
495502,633953,485557,929525,22,6
343306,646032,597221,907229,15,15
412437,703473,328436,954731,31,14
725561,996665,3051,989343,49,13
148227,507098,870318,953589,4,17
2085,978011,114490,944664,41,48
450336,966925,322743,737790,20,25
118697,848156,600536,670178,3,36
195047,609656,281892,870103,29,20
190461,940548,228592,961294,36,37
253447,363128,18364,986410,48,5
350798,787044,27595,866002,41,21
179049,457853,775785,848587,3,13
708895,809917,246188,999198,37,5
200993,349317,542705,857230,15,7
253790,964508,545665,713007,8,35
308757,762757,408448,748325,16,22
396158,433118,51984,851693,39,1
239874,886420,628023,797835,8,32
28311,452330,175762,248917,3,21
308831,998566,6403,974734,48,34
668379,923331,19735,989457,48,12
396609,500707,118723,258732,7,5
50031,858473,464791,925123,23,40
687001,828800,586259,807012,11,7
902,969962,449485,775035,16,48
317517,514622,47314,560467,25,9
225164,895294,260728,789688,26,33
261608,926151,352396,941437,29,33
652647,748212,71274,895705,41,4
183363,366823,269142,592147,16,9
48051,998364,212636,905311,34,47
236033,311961,221515,870671,32,3
298298,413555,472325,780137,15,5
73662,648436,620312,779116,7,28
52913,672936,197045,900672,35,31
472867,840715,244033,961596,35,18
31742,948547,21159,906542,44,45
271274,990919,12324,951549,46,35
688364,942162,158874,797482,31,12
349027,655474,31265,881515,42,15
4176,960449,45422,986754,47,47
859153,867980,404651,583750,8,0
368596,835784,43417,986834,47,23
91419,670810,3588,939992,46,28
236531,945824,521102,804370,14,35
86367,987718,106241,475281,18,45
72691,794728,62753,695846,31,36
150331,991017,131119,988997,42,42
200996,717344,354570,533122,8,25
3491,945932,266372,486513,11,47
6259,848757,585329,954891,18,42
70147,850654,22035,853071,41,39
212319,743751,207604,977632,38,26
431823,969469,886,203072,10,26
185470,678953,573481,619239,2,24
349541,598249,16662,972235,47,12
953,999888,483736,891680,20,49
315065,736794,447155,448016,0,21
106035,761791,141322,609108,23,32
3568,459697,221503,710111,24,22
129216,960691,271576,943952,33,41
374788,935082,90062,745277,32,28
474910,642678,426412,958887,26,8
245798,251289,649327,661081,0,0
100024,984503,86126,853696,38,44
234071,965610,286660,847968,28,36
348447,735505,102282,407627,15,19
38525,976282,25887,701177,33,46
112754,437023,107420,768213,33,16
229005,572901,608276,824812,10,17
88833,683756,6226,658253,32,29
193411,609549,39021,914592,43,20
237178,700438,52418,987221,46,23
409435,897828,119665,762332,32,24
21448,991636,16812,978430,48,48
532214,826640,192666,996858,40,14
271633,607951,1344,398641,19,16
68917,841327,141556,998141,42,38
129796,919905,108049,764801,32,39
522813,554956,51117,828024,38,1
531154,566665,661909,776653,5,1
66581,695387,61467,792600,36,31
38351,979234,24389,946210,46,47
144136,657950,11447,983122,48,25
336773,786548,10979,999536,49,22
117239,349126,84835,962675,43,11
488202,689875,356973,843841,24,10
174537,816274,25428,968282,47,32
15995,996112,466176,499546,1,49
87343,825042,154229,981583,41,36
353434,755955,184349,797811,30,20
55863,745611,346951,633846,14,34
174922,536851,654353,899524,12,18
10640,984331,635663,955038,15,48
70674,931368,367176,686278,15,43
303594,872978,249682,341073,4,28
363107,373397,21495,839827,40,0
273672,848408,149827,880514,36,28
157894,177998,219704,902641,34,1
409134,496038,292842,632601,16,4
392574,780643,780579,978434,9,19
79969,905457,3285,637371,31,41
478527,689173,2474,994758,49,10
127131,794116,140224,534170,19,33
416419,914434,124,816943,40,24
62636,421041,401639,827887,21,17
713716,996558,209584,421763,10,14
318689,888343,10049,815502,40,28
202314,827354,54904,452877,19,31
262881,925647,72151,136659,3,33
52528,998091,158925,812072,32,47
769378,997045,395000,672652,13,11
348157,666135,421600,705342,14,15
517658,642207,13193,991990,48,6
665232,956327,392480,788172,19,14
450398,981149,106558,627722,26,26
483648,485725,392165,899601,25,0
139698,563540,214364,722484,25,21
136718,310540,242721,412150,8,8
543793,860614,69961,619108,27,15
33413,803409,91901,992114,45,38
5238,646954,191025,388182,9,32
17765,935506,155335,867085,35,45
30186,867007,869567,936713,3,41
33091,278262,7872,868215,43,12
126542,451549,116290,939125,41,16
122104,996488,46075,990650,47,43
240552,658650,26660,438533,20,20
423895,576202,258573,693596,21,7
79998,828718,55832,199839,7,37
24797,993062,15100,181730,8,48
71761,792624,94024,974008,43,36
14436,320357,173825,738482,28,15
64640,847486,656177,825704,8,39
202238,911617,91624,478502,19,35
420629,807639,914903,994415,3,19
323262,910124,22259,899809,43,29
209245,753476,6295,904878,44,27
1567,829727,476395,755425,13,41
1214,753573,28100,367274,16,37
232738,902887,360075,770275,20,33
814948,995275,322565,510936,9,9
56000,844360,204738,388309,9,39
157677,872884,10034,952655,47,35
118195,649879,39136,113252,3,26
199530,962245,114931,941171,41,38
374086,757358,370800,823834,22,19
362235,586739,210761,813726,30,11
350173,930137,9000,789428,39,28
635585,974907,36361,77585,2,16
214954,354029,230759,891208,33,6
709234,985930,109765,954502,42,13
118787,321702,4441,777571,38,10
72534,939701,415894,927199,25,43
129608,953321,387123,388047,0,41
468891,999959,405999,958749,27,26
13057,637717,50473,605796,27,31
332994,394962,404339,810675,20,3
48845,250512,826461,881619,2,10
34426,952961,238715,912607,33,45
857335,990111,540219,763509,11,6
699896,932293,93770,186570,4,11
459682,933562,240231,972240,36,23
46758,896901,704324,739351,1,42
37009,685666,64028,566506,25,32
27130,909019,203339,682361,23,44
485333,893780,21182,532478,25,20
538938,922583,117707,136841,0,19
661920,964638,485316,905371,21,15
832969,992892,344088,382007,1,7
467109,912919,336771,883358,27,22
725890,977836,104203,653524,27,12
29263,920787,434947,936043,25,44
261691,834417,62060,834763,38,28
707324,888615,47742,766209,35,9
656924,682559,52706,937724,44,1
25457,985755,97896,634127,26,48
569075,904053,444757,933339,24,16
12482,995219,23523,966137,47,49
16971,774491,58712,988352,46,37
617955,986468,734408,756728,1,18
154512,927783,88,998187,49,38
811661,979410,476098,838721,18,8
32639,675861,381396,874881,24,32
456348,899882,3548,602655,29,22
17550,995042,116416,925192,40,48
36895,985604,23480,917891,44,47
473305,730388,322,992962,49,12
46825,427064,191698,714943,26,19
66998,787033,160467,914996,37,36
36782,931714,796662,918100,6,44
522610,692854,92956,988681,44,8
157794,392756,75525,471265,19,11
2223,999397,25633,81099,2,49
154225,186151,46346,575600,26,1
243246,851639,500309,869394,18,30
5019,126563,271034,772837,25,6
560965,676407,138081,276771,6,5
450969,966177,489333,699956,10,25
355838,580445,90250,326127,11,11
804920,870737,100345,480979,19,3
27039,709655,314820,759935,22,34
6135,992708,323981,835437,25,49
636616,990094,69355,944015,43,17
312764,574862,372962,993804,31,13
194781,961091,19922,673890,32,38
680689,914792,19925,938890,45,11
134080,589599,20685,932991,45,22
166283,847862,166462,350242,9,34
307104,940567,496698,666244,8,31
701516,977908,139498,630718,24,13
637361,921812,365249,411934,2,14
1765,750986,34091,990904,47,37
31823,955159,110853,692020,29,46
111894,693916,946539,948815,0,29
118964,823860,73926,689018,30,35
441592,898794,50026,895878,42,22
53468,382313,254598,681292,21,16
565833,753958,70930,658821,29,9
35731,382584,75812,888711,40,17
762015,903606,421745,975281,27,7
613708,751096,602004,976716,18,6
459354,823951,333866,424883,4,18
530983,706366,34909,952656,45,8
184241,801683,222053,894278,33,30
885872,914399,16832,975344,47,1
911064,970484,328303,918831,29,2
735224,750601,44446,914006,43,0
142484,791516,885091,938533,2,32
109425,866173,120540,928034,40,37
140962,281494,46538,576767,26,7
420045,544122,104595,996036,44,6
168972,963192,415918,804997,19,39
715645,773998,102655,742216,31,2
72534,900762,436717,999601,28,41
5054,998000,496934,846388,17,49
110811,854362,143094,989924,42,37
145511,738682,588617,724914,6,29
142028,788047,628745,918554,14,32
223202,971220,253402,468116,10,37
309320,704470,167546,977841,40,19
51687,426048,780307,973260,9,18
47693,76214,552391,752136,9,1
54402,648650,5234,980658,48,29
105469,661922,635675,869285,11,27
215942,525492,141411,754939,30,15
560530,613021,76054,862052,39,2
313888,964039,467715,549121,4,32
15650,998453,404734,510526,5,49
295230,917075,84402,995087,45,31
782588,828555,193788,846782,32,2
558609,911837,76381,782991,35,17
129751,777120,339453,593535,12,32
618091,957487,146927,184036,1,16
182473,452295,93334,889447,39,13
8944,993978,24322,988714,48,49
70622,960366,211878,248761,1,44
14722,104173,475793,963185,24,4
194222,877354,197418,901478,35,34
411560,915891,37783,916116,43,25
221424,873526,164507,522262,17,32
568841,742909,21414,719269,34,8
22428,637360,8101,806339,39,30
43903,830943,29447,597936,28,39
272932,715019,88558,433537,17,22
29032,996400,9084,908622,44,48
295364,443908,335071,669294,16,7
298335,375848,373269,937473,28,3
16827,993756,58204,749112,34,48
1129,997997,83019,335360,12,49
225227,981305,141478,211828,3,37
2300,943640,308212,824163,25,47
522160,594312,6605,893005,44,3
4470,995602,77873,945667,43,49
187606,993334,251965,275763,1,40
423599,784912,673092,793840,6,18
46487,984623,392033,671947,13,46
397303,650397,480361,735050,12,12
699420,975344,84265,987287,45,13
252649,991977,276700,879720,30,36
315643,918570,325449,978710,32,30
306462,806039,80941,775977,34,24
132107,915008,68220,358126,14,39
603666,760945,24478,396987,18,7
438716,981047,107178,890753,39,27
472427,655253,161131,782438,31,9
669651,833818,232991,853295,31,8
87096,530970,2637,963011,48,22
626538,765651,757813,863753,5,6
167393,815228,224703,974719,37,32
206460,765032,352424,628908,13,27
130814,237184,317681,485137,8,5
38788,111389,283461,607452,16,3
171778,715080,69140,528445,22,27
571528,636657,393922,506947,5,3
13150,997595,149266,973277,41,49
237439,768054,130911,997239,43,26
407298,730489,848691,854964,0,16
466549,798594,420770,704480,14,16
220509,686361,207512,902879,34,23
65419,925363,295381,377812,4,42
839913,895145,476115,781758,15,2
215328,511617,21949,851281,41,14
55488,62177,553561,918536,18,0
250671,873832,154410,836143,34,31
347940,819752,21241,624083,30,23
535323,947246,55581,998912,47,20
188584,784639,67080,957675,44,29
282972,950538,315049,781596,23,33
664725,881789,103597,945034,42,10
746390,943834,70029,513176,22,9
432893,887329,152791,579670,21,22
448544,870121,180162,439066,12,21
378376,422421,691035,983691,14,2
147963,386412,492413,837389,17,11
453542,951842,8317,979338,48,24
263280,796181,546609,944932,19,26
51264,790866,51288,998030,47,36
522618,706116,96308,879374,39,9
105545,918733,885322,892280,0,40
61326,989008,783049,954520,8,46
480985,833646,199265,985575,39,17
433815,757294,546220,689012,7,16
110955,438833,27120,954895,46,16
338075,435289,368972,385654,0,4
61475,254497,283735,488794,10,9
587910,829537,249268,568131,15,12
7187,930297,103855,962018,42,46
83036,615653,4226,978925,48,26
40929,978371,237040,346217,5,46
5420,980420,528852,760483,11,48
271391,952983,757083,904809,7,34
224433,687882,148911,794151,32,23
205943,693896,391853,850430,22,24
128847,348626,609503,748594,6,10
422705,684716,27916,646246,30,13
771190,802036,229009,936391,35,1
4132,969500,62470,440822,18,48
149503,920745,524352,980052,22,38
36942,313975,110734,929761,40,13
37483,981339,117939,181864,3,47
1582,918059,417108,895271,23,45
170823,688403,367143,914594,27,25
194855,729311,332774,774761,22,26
199053,448132,272574,865050,29,12
347935,549876,209878,606145,19,10
107197,192046,125902,810337,34,4
236119,995769,56428,682764,31,37
139046,786275,99491,741260,32,32
47729,982286,207246,961739,37,46
8857,363433,229575,889798,33,17
14526,890544,298552,752881,22,43
39814,994448,53534,542498,24,47
275386,941141,311938,975547,33,33
95822,940787,315784,574181,12,42
134828,727326,635193,917051,14,29
15202,931633,272888,495731,11,45
303422,558100,162122,741175,28,12
336815,897975,89074,935310,42,28
20327,705582,720988,800860,3,34
175629,957579,875898,894621,0,39
232488,991656,639629,658521,0,37
317270,849471,156992,995685,41,26
714538,870598,337767,932063,29,7
132159,982261,144487,782831,31,42
872271,978456,16888,896301,43,5
62310,582256,200519,901834,35,25
32252,933384,209735,777325,28,45
512255,610146,425844,999574,28,4
397499,751960,514762,630756,5,17
17803,152827,177739,942222,38,6
397645,469162,38189,964928,46,3
30130,987799,267408,583431,15,47
935350,970220,26739,200777,8,1
308739,947467,818,993655,49,31
203005,604539,518485,566193,2,20
72815,530956,132085,551093,20,22
26822,895791,168118,829276,33,43
21030,969428,66417,730617,33,47
193953,940270,566876,959901,19,37
65001,998010,86520,424102,16,46
52621,856249,204531,828632,31,40
113659,714038,177171,246145,3,30
470197,953014,57621,959338,45,24
677519,793692,62488,895605,41,5
319693,886817,101623,479657,18,28
137849,304623,265307,927089,33,8
133889,702081,685686,725472,1,28
80701,694250,383053,930354,27,30
38382,294522,75551,742719,33,12
249781,833975,6006,159934,7,29
400476,749632,140998,726083,29,17
24807,860133,166493,997253,41,41
402699,759608,340735,675014,16,17
708709,781101,427007,591362,8,3
25842,926010,19014,987563,48,45
435757,502159,357782,563285,10,3
204482,989015,321044,802750,24,39
147010,551929,450474,594059,7,20
440447,517369,182578,655603,23,3
85216,475957,276396,698299,21,19
679941,910355,171578,984312,40,11
45127,570545,165396,955491,39,26
80243,961555,13874,840635,41,44
28742,881162,141068,157786,0,42
178584,682536,61966,785668,36,25
50419,935379,64163,977504,45,44
206709,514815,38508,978483,46,15
148938,168571,549978,810156,13,0
4530,701826,281403,879187,29,34
155550,611706,38511,992619,47,22
456073,887187,124568,988989,43,21
275105,940274,202039,833760,31,33
4557,232128,10117,860323,42,11
19069,397468,192342,856272,33,18
347134,740398,4432,868997,43,19
809855,960613,122697,903106,39,7
396908,887120,147298,999997,42,24
801087,986808,658435,829781,8,9
72342,930098,71459,255894,9,42
114973,805110,243245,744458,25,34
748741,865240,52043,253076,10,5
630167,991610,651027,698479,2,18
647713,874012,164543,903866,36,11
73263,834118,4026,965943,48,38
289553,760134,393592,510235,5,23
381933,901522,242378,877341,31,25
811337,936147,517609,946248,21,6
21096,780178,169798,835397,33,37
28793,962281,297288,535242,11,46
12151,944754,73524,633474,27,46
238501,943662,700367,848735,7,35
347715,931378,33612,398515,18,29
612495,737290,110642,916537,40,6
730,983810,238144,381925,7,49
129448,894113,158485,416191,12,38
84981,937454,19405,697209,33,42
297901,793190,61025,354988,14,24
160465,622928,168142,418862,12,23
54977,941868,176349,433836,12,44
64550,921107,25204,80197,2,42
455350,830017,54273,671704,30,18
706683,792138,730092,985282,12,4
17818,43290,189577,321953,6,1
298909,996490,727178,896701,8,34
65377,979037,113541,805928,34,45
241271,398402,25095,646201,31,7
73929,932071,870,902171,45,42
275215,453258,18293,982241,48,8
176903,577699,570927,833960,13,20
89206,883667,140921,835294,34,39
31763,943054,466268,520001,2,45
12093,941328,246429,709442,23,46
23842,931347,32174,92496,3,45
285758,767318,479933,839073,17,24
55167,966066,311267,953099,32,45
83101,645099,407747,587867,9,28
829783,896726,693082,918819,11,3
203045,275819,10470,923668,45,3
267542,536249,65628,941131,43,13
311158,528856,17012,977965,48,10
47000,941075,23085,994984,48,44
7110,990174,16070,609836,29,49
29046,977180,533943,811347,13,47
131528,783136,309484,329988,1,32
454007,930796,754111,880150,6,23
165500,985602,10778,926541,45,41
112578,957939,110954,841935,36,42
198098,944507,4303,827257,41,37
8702,778232,176686,562987,19,38
11855,117497,93458,564469,23,5
9914,850281,20748,309796,14,42
145710,789302,483669,795558,15,32
7433,693554,174315,816097,32,34
139221,974016,6596,949456,47,41
149655,927026,451702,778953,16,38
637505,723970,199130,642772,22,4
122391,613640,240046,981664,37,24
451406,527511,50983,727890,33,3
397150,830764,152502,873911,36,21
54766,676050,91188,962170,43,31
336483,787574,2703,896544,44,22
68700,960455,232141,662008,21,44
575007,692968,502125,781872,13,5
372469,801208,55852,639372,29,21
441799,846360,620359,849783,11,20
295246,867942,85557,784808,34,28
139321,916135,27446,602458,28,38
1644,124026,249627,718758,23,6
222285,999532,125007,851080,36,38
197265,687838,85742,226998,7,24
288761,580763,27167,948759,46,14
300726,763916,69562,902184,41,23
773095,790396,45687,816222,38,0
604435,745938,2083,998401,49,7
100574,998947,792127,985837,9,44
3578,979794,74502,985634,45,48
790295,958751,113780,115652,0,8
515442,997359,512882,893300,19,24
28554,996391,2721,998530,49,48
394023,817927,447988,883552,21,21
327783,915907,839179,955265,5,29
113539,905125,196288,648803,22,39
331974,665216,94092,616757,26,16
718480,822068,442016,935729,24,5
355435,651632,706114,807035,5,14
660956,891513,520732,846067,16,11
158233,496913,282672,393379,5,16
19783,755746,38751,747641,35,36
85475,627444,435939,952159,25,27
226925,889927,36058,268627,11,33
118841,989696,181340,206138,1,43
158308,788264,48938,495507,22,31
23978,584370,395266,940887,27,28
55971,440207,172277,795498,31,19
26485,948140,251139,771176,26,46
114470,951943,406984,723826,15,41
46772,904726,197487,724195,26,42
575077,760666,360073,729534,18,9
69368,791907,734779,941636,10,36
247770,953497,26075,654887,31,35
79162,979195,44661,300394,12,45
63461,986337,38706,720674,34,46
735717,786284,349634,812948,23,2
219521,523451,30170,896424,43,15
667688,874874,733822,826619,4,10
92182,881330,57531,930378,43,39
150647,832933,616275,887479,13,34
25780,937632,620365,972935,17,45
217758,322016,222081,602186,19,5
48059,913464,374081,838735,23,43
297126,513768,270024,809618,26,10
375814,816634,764033,971791,10,22
211021,911951,475320,879428,20,35
279565,450056,21677,274131,12,8
530962,828340,46551,845025,39,14
399159,430593,175590,838031,33,1
1767,991192,41969,677297,31,49
353060,363823,123908,359138,11,0
30030,932367,31179,975263,47,45
529473,798466,59432,986444,46,13
17270,989723,142157,734518,29,48
97497,847909,19351,779162,37,37
780703,996488,242935,445610,10,10
402262,640039,388175,807617,20,11
520784,592633,36700,998049,48,3
167487,936259,599020,878494,13,38
60431,656944,185875,771969,29,29
12804,997952,44397,309743,13,49
490012,609062,629441,689060,2,5
853310,860955,43236,929452,44,0
65273,996285,142661,436488,14,46
24836,985248,533203,879779,17,48
71675,946849,638644,825455,9,43
125939,848354,111628,958983,42,36
375844,961035,497935,985102,24,29
4245,993565,398518,473178,3,49
177020,717022,22348,278259,12,27
53947,999465,598849,987198,19,47
80860,958122,636101,814238,8,43
255074,259906,272012,397383,6,0
576895,946092,104979,963720,42,18
83064,937453,2464,966336,48,42
369048,642046,942271,983503,2,13
360274,681772,152561,389793,11,16
503146,772098,518552,814657,14,13
182976,770820,416575,741895,16,29
70677,928187,226880,641244,20,42
37267,968054,120874,460914,17,46
73246,507208,3328,646683,32,21
34097,576508,33462,520764,24,27
15551,889188,602634,874442,13,43
14501,935977,25193,840291,40,46
895373,911187,22741,868192,42,0
196663,895843,822478,849455,1,34
478206,514482,371090,652618,14,1
487507,529279,12356,575155,28,2
304338,352291,741624,894247,7,2
56295,956903,296134,911617,30,45
37347,418531,265781,924170,32,19
195002,958673,534223,728859,9,38
283879,550682,13150,970742,47,13
131449,688688,844475,999096,7,27
151862,725661,13870,981213,48,28
652355,909867,589806,606688,0,12
35301,983300,884770,908527,1,47
76493,622722,363,979765,48,27
236073,999814,139361,166785,1,38
420424,926855,474554,805114,16,25
348836,922418,24460,938712,45,28
24583,795234,308556,361261,2,38
566525,810391,125444,218049,4,12
277630,839576,287950,625340,16,28
26709,961731,69660,946112,43,46
24315,983324,476586,523097,2,47
29512,953723,115900,898819,39,46
37544,934344,645489,848836,10,44
47106,962209,48074,983729,46,45
264504,433232,887607,950822,3,8
111955,923524,25071,560903,26,40
66312,947643,367916,867190,24,44
358335,794318,53683,812876,37,21
508938,886514,437113,980407,27,18
260921,482314,9257,985361,48,11
1165,870016,173464,867334,34,43
158221,492287,58994,566126,25,16
272931,913036,62918,747196,34,32
196325,739570,88744,928053,41,27
252646,618916,311012,944629,31,18
115342,423882,40821,983799,47,15
65505,600370,61177,477388,20,26
22657,865752,56076,921336,43,42
142116,757928,513271,754938,12,30
165798,912450,54795,507811,22,37
477556,580041,282686,943060,33,5
96816,844869,879115,928290,2,37
9102,985208,108393,295690,9,48
559993,705401,33586,938922,45,7
348306,515693,288371,848751,28,8
464553,919891,601652,900082,14,22
10442,348650,185408,817009,31,16
55081,900329,114960,186543,3,42
21693,789333,201237,697342,24,38
520854,719650,102932,907379,40,9
460400,825707,91128,775294,34,18
59243,686500,142474,786699,32,31
128377,714638,608009,884660,13,29
242013,464541,113585,143365,1,11
41116,915063,1750,222539,11,43
203888,993779,173338,238384,3,39
481798,932061,103423,824313,36,22
248081,564205,2928,905605,45,15
692947,747716,518774,943393,21,2
68231,778251,73599,987629,45,35
142638,894176,43835,829814,39,37
2370,995432,389337,991052,30,49
351750,879072,65886,992160,46,26
459969,963864,305857,381503,3,25
63580,997121,300164,953110,32,46
204063,360833,653717,997185,17,7
123328,662576,526268,797272,13,26
369824,773816,148800,394102,12,20
120020,889269,162437,978614,40,38
315415,903540,60740,989033,46,29
155593,975234,7762,715420,35,40
146178,594417,213480,513866,15,22
525846,876829,28045,927675,44,17
147876,535997,225380,819955,29,19
131672,697451,564748,829755,13,28
13420,758534,219636,879435,32,37
283428,379769,25147,643073,30,4
352259,867588,90524,999922,45,25
253648,854661,73281,605084,26,30
781954,949683,206340,754235,27,8
9746,845936,69470,168381,4,41
90023,613860,28038,741877,35,26
46177,646188,545722,604020,2,30
167647,178765,251832,863032,30,0
193749,764919,47668,722325,33,28
35368,473342,262249,629095,18,21
252891,783009,4826,620056,30,26
380858,591006,25733,725130,34,10
160400,475662,69669,837431,38,15
671461,923431,210521,586222,18,12
189827,858503,8566,517481,25,33
254077,594015,17930,324073,15,16
31550,820030,601950,945969,17,39
76016,961270,52891,973272,46,44
438300,902257,620533,897822,13,23
312353,931514,864786,968570,5,30
112372,784271,8010,715928,35,33
757908,804941,448668,998569,27,2
9746,938903,19664,753654,36,46
336921,997795,498203,829740,16,33
243539,517343,471218,816961,17,13
281429,473806,649620,958485,15,9
99991,761357,174890,597967,21,33
10958,978615,50433,993188,47,48
369750,805409,139024,746937,30,21
12773,956695,44214,949273,45,47
354844,916871,54359,892238,41,28
357252,631858,504629,532531,1,13
149232,212955,742314,770473,1,3
21576,983844,451211,559087,5,48
406958,911026,67141,922841,42,25
675348,950317,16680,294338,13,13
341875,844163,516790,911197,19,25
53485,856355,59172,810914,37,40
517696,565005,467542,479920,0,2
10506,748760,56082,834940,38,36
363840,993669,612673,699805,4,31
379832,475090,30415,699238,33,4
124182,903502,373763,779743,20,38
159201,742826,670693,732571,3,29
167488,949791,191060,660392,23,39
31475,998200,483033,768584,14,48
621443,767642,465276,643238,8,7
416846,907013,41044,770518,36,24
71668,782884,87969,754484,33,35
111214,918771,207389,456074,12,40
427232,635888,47042,484054,21,10
137240,851215,50342,847411,39,35
8581,992044,131817,689246,27,49
429255,580728,58433,887780,41,7
162614,186276,285825,923578,31,1
31049,76243,25292,996298,48,2
625506,683404,200437,455558,12,2
34436,944913,79294,912324,41,45
105886,961988,149588,710612,28,42
744361,979494,53775,953061,44,11
55471,945856,349264,460777,5,44
168734,979096,53322,664923,30,40
247931,692538,296628,865737,28,22
326969,530971,123346,829882,35,10
726786,834465,37440,616249,28,5
65412,986688,164603,868025,35,46
97002,682465,335509,591673,12,29
838459,947740,419511,791576,18,5
751081,837583,23464,679415,32,4
359,993121,436324,605190,8,49
6261,367125,525135,868839,17,18
9583,959462,451839,829498,18,47
101596,234729,761214,971700,10,6
83878,269055,116951,857393,37,9
265762,282581,47925,533927,24,0
166009,519736,9082,992415,49,17
579994,816994,97169,269464,8,11
34250,755977,143063,468984,16,36
111056,607670,7336,994005,49,24
34190,972928,530189,531729,0,46
647320,997503,534703,947643,20,17
59321,857822,54719,909034,42,39
95762,777716,30326,882150,42,34
30556,992801,378609,767767,19,48
5333,915592,87372,870085,39,45
174646,965043,1484,404636,20,39
94086,538813,145535,823349,33,22
50012,140224,76722,958339,44,4
9147,909413,11836,499853,24,45
2672,976464,314940,774971,23,48
482965,615956,27220,619936,29,6
79123,893690,37625,843487,40,40
43393,423453,72237,802533,36,19
354005,726418,268154,858342,29,18
217946,687312,420669,831436,20,23
400118,951656,202985,640992,21,27
56660,954010,216827,621113,20,44
154669,938252,214096,891191,33,39
554969,893736,113180,993284,44,16
280593,936446,61601,471439,20,32
27883,745444,798004,828870,1,35
227044,887210,95,284701,14,33
211874,514926,219217,660196,22,15
246146,592057,391965,860121,23,17
337324,969123,28164,989512,48,31
334770,846355,784970,897537,5,25
24451,816687,442312,557287,5,39
119373,338611,393707,767920,18,10
287647,601246,95819,757274,33,15
543812,729168,1847,550310,27,9
646365,652069,54685,388267,16,0
768115,811090,13049,745660,36,2
461238,652696,353872,997663,32,9
169742,885086,224224,867400,32,35
119781,585979,109804,979327,43,23
397404,497210,799553,873927,3,4
27269,992533,340276,548126,10,48
174843,486802,52163,675113,31,15
605851,898102,223836,998698,38,14
263228,936696,386901,829182,22,33
55559,883098,132267,387840,12,41
17362,621938,640949,985529,17,30
256019,919361,285230,857845,28,33
197252,705054,6261,988235,49,25
78523,926803,5819,993275,49,42
126599,532423,290687,984232,34,20
28482,847347,125142,823313,34,40
115416,558819,406501,853332,22,22
497205,837784,43984,957827,45,17
274536,681072,186359,974253,39,20
787326,986360,178160,998384,41,9
13364,988096,394239,486516,4,48
86307,681812,203540,433739,11,29
355718,939995,112513,728194,30,29
716034,985906,317457,519345,10,13
159870,469732,185265,531366,17,15
238979,964942,47038,344271,14,36
146020,241805,47811,550822,25,4
272695,735738,153060,368085,10,23
173843,771934,166829,573202,20,29
274335,894573,414512,746405,16,31
198127,924383,443728,445753,0,36
331959,475691,476540,723273,12,7
603571,786078,13103,539675,26,9
54788,963895,636582,928070,14,45
230093,817817,563089,758496,9,29
68088,865747,11041,980153,48,39
73798,928872,526278,867832,17,42
397887,996969,4145,842469,41,29
389092,469296,614124,779827,8,4
10244,810723,333211,440987,5,40
225163,437371,866194,893805,1,10
704589,913632,258445,937834,33,10
379091,701943,371732,972337,30,16
470124,911229,12727,822739,40,22
189385,192715,776592,839075,3,0
839226,997866,23160,912468,44,7
116741,917494,16433,912121,44,40
212366,310370,467552,780695,15,4
307941,842626,691273,816639,6,26
135617,517996,402386,694255,14,19
22606,994102,133172,863164,36,48
46,278965,273031,991402,35,13
144712,248253,58470,992533,46,5
92540,603860,814739,831078,0,25
121905,361336,158804,720080,28,11
2102,849056,73632,844436,38,42
29891,976577,4387,999870,49,47
9611,183808,21714,954513,46,8
620603,879148,146318,990953,42,12
100560,277047,34930,903956,43,8
487743,821365,475561,676543,10,16
13591,966901,449495,856593,20,47
275073,643470,1315,946919,47,18
460038,594948,277556,969312,34,6
312509,655226,117465,947621,41,17
29144,985595,293069,996672,35,47
312114,800448,798134,981821,9,24
563797,965532,378192,517220,6,20
14084,837761,15794,812535,39,41
588363,829041,67012,716441,32,12
201454,746158,182962,803304,31,27
541623,570619,350262,821438,23,1
19598,963298,345008,932338,29,47
354200,457288,241640,330372,4,5
47415,211000,272464,674885,20,8
38940,314344,472075,774544,15,13
39023,353950,659314,980784,16,15
299728,953291,16342,986007,48,32
219872,987139,50803,998051,47,38
99654,416105,23989,760547,36,15
749891,965592,320575,381081,3,10
279967,866280,429214,884714,22,29
9342,922851,77381,818601,37,45
11654,382885,823359,836312,0,18
209061,327661,687684,868341,9,5
228903,244430,777745,822446,2,0
214215,863367,805680,914979,5,32
607670,958995,397273,854276,22,17
12580,984449,572355,844782,13,48
187960,872141,166609,584799,20,34
130527,970126,324798,365398,2,41
220591,398570,209896,941359,36,8
9532,776279,274554,775402,25,38
299544,491860,51474,458412,20,9
489135,670459,70068,926010,42,9
75952,983593,216258,549921,16,45
94901,939598,211410,328958,5,42
53745,991482,256597,675375,20,46
304678,943446,647347,875153,11,31
251939,593998,506290,577325,3,17
279512,898202,79716,705323,31,30
359223,452862,10252,826115,40,4
234193,698592,585620,774079,9,23
102763,960709,105080,792782,34,42
853618,858029,202971,775630,28,0
276718,705947,710193,987740,13,21
341498,903735,673199,890207,10,28
451703,461936,81288,491997,20,0
130615,991412,17716,930669,45,43
26905,549746,661647,763798,5,26
145360,956223,12367,741218,36,40
65948,790663,158878,277400,5,36
57521,137014,638953,828046,9,3
168182,755790,537169,567890,1,29
544829,988858,207884,851336,32,22
281382,910540,211584,695311,24,31
145040,438439,31300,893764,43,14
611641,738307,156876,977235,41,6
563272,884202,95864,364521,13,16
705395,920252,339375,894050,27,10
36435,233635,196802,874473,33,9
39769,792712,466763,744374,13,37
25227,625577,40093,940552,45,30
241788,344388,230873,782984,27,5
19559,752565,77457,987091,45,36
99043,962447,751,975882,48,43
273699,672016,610134,724482,5,19
22318,351531,126544,771141,32,16
252788,923234,50991,958469,45,33
198860,247590,1743,501140,24,2
42182,376608,127623,858856,36,16
337822,840523,59517,713456,32,25
73500,241934,42296,535633,24,8
17573,871251,364051,492541,6,42
158324,879613,506490,895718,19,36
283423,903567,211938,356434,7,31
236954,841122,29420,982815,47,30
488884,999867,446897,529755,4,25
196770,811864,15530,184094,8,30
283340,690895,10702,77352,3,20
572970,625197,877728,937886,3,2
1433,974849,583425,723677,7,48
512078,768985,166261,549586,19,12
666478,694251,684535,932781,12,1
334835,742558,318615,815271,24,20
19049,835750,137560,915658,38,40
303409,672538,371610,486206,5,18
85992,228159,96308,831962,36,7
257844,866612,154498,750557,29,30
133029,545913,368662,922751,27,20
432425,499953,362347,654212,14,3
309197,606376,19311,308648,14,14
18182,417181,118249,952979,41,19
177973,696198,60934,804713,37,25
31440,695973,514792,833514,15,33
266479,774831,415313,714047,14,25
93891,722485,51403,559305,25,31
80133,707274,302910,894553,29,31
235979,797764,140800,601765,23,28
161595,783263,481774,861332,18,31
380320,540436,184538,537224,17,8
135505,970599,366304,975488,30,41
459727,643179,818472,969597,7,9
243869,788653,402451,986241,29,27
270234,588379,493472,536565,2,15
332844,704883,138103,954081,40,18
64834,936928,186419,315129,6,43
203522,445226,46996,943992,44,12
556399,952843,10558,996734,49,19
338824,730340,95844,608085,25,19
194465,666062,223160,900586,33,23
68155,869416,18969,998412,48,40
496369,654068,75794,834578,37,7
363634,885849,412466,996559,29,26
489859,981036,510262,614069,5,24
10642,498502,31151,970714,46,24
157473,309547,722706,738713,0,7
137211,617030,95372,996559,45,23
85740,857316,387365,619973,11,38
143917,755330,110140,948945,41,30
100170,994545,598772,894484,14,44
310405,498259,12008,879496,43,9
4293,992714,49496,764732,35,49
762471,811542,345076,670077,16,2
62698,503615,28936,779553,37,22
115295,790775,56906,934088,43,33
825925,931699,217172,849424,31,5
287767,915837,151602,353592,10,31
179119,982992,539705,668562,6,40
236825,699363,245611,548946,15,23
356388,770257,258523,909461,32,20
62166,872267,307968,678462,18,40
328756,876028,115445,728651,30,27
149380,903596,299496,805472,25,37
167899,393483,340331,798298,22,11
199867,283886,58698,347311,14,4
505279,608721,129544,835693,35,5
90215,954009,27332,817194,39,43
600072,677632,282635,891086,30,3
495975,847759,150731,422224,13,17
88743,174877,15822,954122,46,4
335001,798770,37113,798818,38,23
236022,666605,9367,972735,48,21
336067,495326,205189,684988,23,7
106925,972067,119498,163216,2,43
166439,994640,1523,992266,49,41
206641,714836,23585,798370,38,25
123564,856084,130735,386561,12,36
102678,897605,203069,937077,36,39
867833,913425,350613,969965,30,2
7789,985630,368212,784797,20,48
119025,552856,170484,980229,40,21
60108,678276,103055,995251,44,30
427912,483663,83691,988854,45,2
226760,331966,77824,760022,34,5
140809,357822,211855,444910,11,10
188319,798442,679390,830255,7,30
589404,763693,302267,513788,10,8
151222,741330,611092,812986,10,29
168103,778021,81058,356343,13,30
34285,853218,18437,999593,49,40
117505,842704,1704,995783,49,36
81067,647891,499925,728585,11,28
4285,996427,647582,970115,16,49
121978,502696,63769,919139,42,19
108919,470285,275381,789205,25,18
123908,138615,754829,837085,4,0
55949,925054,230692,478831,12,43
402037,808248,113108,773652,33,20
9911,580590,11013,997197,49,28
28905,846128,298811,940391,32,40
163015,715715,232163,695728,23,27
723043,876345,53199,984832,46,7
166721,979415,466100,610558,7,40
52830,715565,86104,740672,32,33
786186,866519,15537,974786,47,4
202634,745173,145823,790568,32,27
827849,887639,698419,959298,13,2
402895,472836,60121,774236,35,3
686941,905750,429564,890856,23,10
91260,952723,226493,934849,35,43
548699,827483,30635,762355,36,13
272399,973517,398214,945928,27,35
22026,979212,7182,818426,40,47
531465,799839,173671,869539,34,13
502829,986742,715298,885787,8,24
39435,999858,33965,962241,46,48
466537,993659,201736,559836,17,26
63240,994136,153286,525940,18,46
200969,842372,83943,148619,3,32
210659,687560,34257,748128,35,23
365952,592345,95930,853943,37,11
306561,670605,33442,906620,43,18
4024,830967,761970,944795,9,41
660139,785783,322623,360080,1,6
132801,876551,270011,845783,28,37
332681,472479,38961,967799,46,6
131530,915832,2876,938911,46,39
120322,450732,276135,855801,28,16
307769,396967,310622,499423,9,4
74925,941615,429582,912951,24,43
192776,903564,16778,998661,49,35
451347,940970,32457,865538,41,24
323401,973665,91921,699490,30,32
119691,633660,433245,684983,12,25
404185,970532,544580,995003,22,28
370710,982768,150126,477308,16,30
841251,998585,21432,791421,38,7
254739,437229,79137,499400,21,9
49894,87148,199368,686936,24,1
338318,528927,90778,362034,13,9
183328,714030,239020,721613,24,26
176749,830759,105331,526265,21,32
242221,679938,694052,901011,10,21
551423,822201,469234,636957,8,13
161367,468317,368270,607217,11,15
29227,317370,17358,484226,23,14
192251,833491,337854,895000,27,32
229987,596222,21155,665908,32,18
226811,676070,330740,345339,0,22
251255,393889,315456,986072,33,7
514116,988234,22083,876498,42,23
15816,657719,9783,945544,46,32
5523,965568,54250,773329,35,48
587989,959349,78804,506523,21,18
19385,728243,72389,768029,34,35
744163,933948,830467,906777,3,9
268083,596354,262390,978052,35,16
499567,533763,562546,618235,2,1
799463,865404,109598,836122,36,3
162421,980387,262849,583062,16,40
63269,747106,274116,813828,26,34
83628,152930,13903,788131,38,3
207584,393041,7160,945166,46,9
12543,971386,392506,996131,30,47
437588,796427,236800,886491,32,17
415585,627333,150885,474132,16,10
113455,923222,380375,946431,28,40
232451,671563,526416,764366,11,21
297229,691673,376793,940961,28,19
543310,872044,371601,774665,20,16
293612,965847,178246,449256,13,33
149782,953465,88470,585743,24,40
96269,991228,281800,598088,15,44
211873,294301,926491,952546,1,4
103725,945548,109996,992864,44,42
28128,868151,120040,615149,24,42
145821,864495,324,850320,42,35
333999,414854,364813,794902,21,4
126628,838745,128037,661351,26,35
51498,739954,116940,923349,40,34
231052,988713,391682,890856,24,37
379568,981466,75091,883157,40,30
449216,951654,354321,947254,29,25
193573,913176,339278,580132,12,35
151207,971154,26404,854194,41,40
153257,771166,75244,160599,4,30
681560,852037,26292,681351,32,8
209859,825901,107868,828997,36,30
312149,469155,861431,936976,3,7
758842,970597,832379,934798,5,10
124708,996340,3871,985370,49,43
791,972121,59336,664022,30,48
281821,580876,101991,300212,9,14
309341,482437,341963,767207,21,8
106301,875092,367917,734002,18,38
573279,842723,99964,464158,18,13
240326,828661,39057,995084,47,29
78634,778489,354125,981737,31,34
136373,811098,648201,992666,17,33
834922,921020,559380,701666,7,4
224447,868894,198693,912966,35,32
337420,671293,451328,991785,27,16
135116,983720,536226,745702,10,42
11909,624027,241781,436628,9,30
109109,229242,401874,793250,19,6
86378,971452,231344,376517,7,44
571563,952196,273893,772875,24,19
375137,735037,249034,759785,25,17
335099,432993,358406,590219,11,4
193127,875611,84366,185306,5,34
89555,967262,396462,605528,10,43
245775,649549,576012,929451,17,20
83223,107041,138781,738008,29,1
401914,650290,137304,183120,2,12
13851,994861,178819,868729,34,49
620094,845849,44792,981812,46,11
286978,774513,439455,851719,20,24
800687,987695,44045,158195,5,9
168078,958729,28448,186275,7,39
263379,994351,316342,959091,32,36
181554,872555,368451,941163,28,34
331357,636018,132093,933855,40,15
752633,843274,166355,753614,29,4
128224,863345,329080,992229,33,36
777404,993690,222203,512342,14,10
264545,987407,525947,787503,13,36
759123,763281,202025,409152,10,0
41237,916214,523529,922605,19,43
31096,974854,577011,760728,9,47
173485,705478,78498,749408,33,26
384161,669252,328791,883721,27,14
114438,616457,5990,809394,40,25
232013,924140,563753,926297,18,34
126261,708009,404058,798012,19,29
14392,959939,718052,929554,10,47
65878,512071,166197,275317,5,22
81306,917911,299064,816129,25,41
332543,708495,723736,873739,7,18
517835,613991,44948,678723,31,4
685131,685855,159660,755348,29,0
189113,720676,672922,962387,14,26
127835,967873,451266,848415,19,42
60215,743000,700410,785645,4,34
834349,934346,139529,982748,42,4
405116,848955,131575,850136,35,22
68689,620963,40887,952750,45,27
39544,443192,494039,790145,14,20
451855,946416,655843,878315,11,24
43533,743807,130501,958821,41,35
482053,549795,802599,870039,3,3
903441,980881,531409,982987,22,3
67087,333743,156976,588075,21,13
9893,943233,73654,555805,24,46
505889,982160,445431,942709,24,23
132725,967129,511494,867235,17,41
21588,797367,43877,810845,38,38
439029,907648,618460,715383,4,23
478544,966270,69333,285957,10,24
273662,330206,329916,436597,5,2
265298,453923,160868,408774,12,9
22407,917627,127346,916447,39,44
122644,811113,136909,188417,2,34
20811,710534,485312,980966,24,34
208239,888005,16518,854145,41,33
740972,762393,118558,921535,40,1
841954,887551,662185,894474,11,2
84471,600379,288393,739977,22,25
462655,917354,693253,965978,13,22
3358,238264,245623,768503,26,11
281091,982210,198263,534381,16,35
235452,286255,139164,912084,38,2
62719,971375,106054,968332,43,45
679473,935690,117672,317078,9,12
553032,986240,327969,897138,28,21
204239,799248,688449,995810,15,29
493439,806549,84954,458929,18,15
103656,822719,794558,900688,5,35
188645,601320,665930,694711,1,20
138803,888834,235400,947691,35,37
316716,384674,59709,877791,40,3
129518,961002,62552,536396,23,41
506990,698317,77953,976861,44,9
206683,910071,96611,912029,40,35
123449,971897,5897,656458,32,42
27335,273527,7646,425873,20,12
108343,871586,108058,389087,14,38
56450,471275,9029,911686,45,20
27858,826268,431661,762197,16,39
78655,990554,155712,714662,27,45
307444,938315,130571,885953,37,31
106678,398881,312493,645405,16,14
434723,548128,205878,717674,25,5
336761,936216,12452,639081,31,29
180798,739019,37325,993924,47,27
125843,869214,126886,904607,38,37
647683,962643,242642,929874,34,15
413295,808573,234802,653154,20,19
519071,960249,49067,438921,19,22
31156,902063,98428,648902,27,43
570771,764436,225,945609,47,9
299801,848799,279868,967195,34,27
188559,543366,69014,807529,36,17
277364,762182,151035,716374,28,24
385206,844075,56841,746890,34,22
219699,384975,289690,383500,4,8
105201,402841,265485,828352,28,14
101003,918446,289958,484624,9,40
777136,818722,33440,904635,43,2
81156,509144,169015,875207,35,21
49644,855262,214485,672674,22,40
722736,945292,260503,741633,24,11
73923,959427,26343,674071,32,44
462462,889311,689173,870276,9,21
311305,992309,323283,681787,17,34
288904,900217,48157,977124,46,30
201683,907085,182669,674568,24,35
364150,912982,139515,887596,37,27
234849,795909,280596,912660,31,28
169770,451986,349965,844169,24,14
39199,591461,70327,738046,33,27
280516,684385,425337,995817,28,20
34092,49210,852575,996622,7,0
124889,968027,297833,574358,13,42
261556,513552,255978,975568,35,12
248235,921278,251277,993808,37,33
204333,437173,124021,794220,33,11
37991,387584,18120,64810,2,17
23904,944119,591617,793611,10,46
467510,717091,126437,935865,40,12
8317,969165,860603,887988,1,48
78573,460659,75395,830582,37,19
351984,956921,288827,499114,10,30
723054,964344,353852,803046,22,12
388426,948567,385314,774726,19,28
403630,981675,342043,629906,14,28
549884,803205,86621,776968,34,12
741392,941509,636737,790850,7,10
69009,329020,54132,947780,44,13
3351,998651,298461,526131,11,49
585475,706687,19623,964631,47,6
473773,945632,383339,393174,0,23
239097,964326,421114,721427,15,36
654453,996566,46544,227167,9,17
338487,572878,55338,742530,34,11
355784,773578,34204,785892,37,20
14309,797206,97337,984704,44,39
254655,987074,139025,561457,21,36
201855,839042,299898,437456,6,31
51945,926265,471141,900367,21,43
86008,498141,69355,997009,46,20
89997,814409,123576,564696,22,36
1229,999715,86498,995865,45,49
632735,929655,743050,872588,6,14
27582,414387,163377,497790,16,19
430504,580913,26060,998045,48,7
197046,666206,414906,958905,27,23
309063,937237,293228,932723,31,31
19809,995675,216308,637238,21,48
21978,913614,91342,133333,2,44
322110,952269,134440,956912,41,31
302105,321316,404776,784997,19,0
334873,689037,141407,981852,42,17
47584,997672,458424,715935,12,47
120279,982658,35664,369614,16,43
277114,976169,450812,874518,21,34
675405,945940,85527,652648,28,13
17881,907043,28628,906999,43,44
46475,259301,89967,892451,40,10
113468,961837,22000,453178,21,42
34376,875188,38632,989950,47,42
28073,425615,18447,900418,44,19
549277,866623,253828,993969,37,15
113109,952944,565359,723231,7,41
589339,888742,320320,740186,20,14
59351,233452,6175,965208,47,8
27331,655582,243751,816424,28,31
742928,748187,166731,794546,31,0
122696,943060,424311,866291,22,41
5445,763273,9955,979806,48,37
64436,950997,306183,839153,26,44
214917,893873,62308,994983,46,33
364687,506143,47463,621236,28,7
885243,940117,401965,599695,9,2
100129,582146,245996,874721,31,24
17174,98405,353076,488327,6,4
554338,759544,140849,885711,37,10
135727,579966,12301,650334,31,22
133872,746529,529893,831384,15,30
385155,632644,45278,76793,1,12
41397,728505,20092,887575,43,34
444138,956108,494489,956622,23,25
6184,951786,569312,905194,16,47
426239,543246,127535,581923,22,5
49140,994067,556953,689904,6,47
286743,790269,523250,656872,6,25
24247,229955,42376,671791,31,10
73578,835693,62255,613460,27,38
139968,884584,61259,940558,43,37
179025,225130,40098,385949,17,2
316859,720657,197855,729375,26,20
227908,706220,97734,720341,31,23
485240,508449,378031,946076,28,1
356976,792790,608421,930768,16,21
183760,768433,314091,985414,33,29
66467,967081,202295,409145,10,45
482309,982224,291431,960423,33,24
209599,299290,601398,808313,10,4
388978,876784,21865,900204,43,24
268783,501069,711422,954587,12,11
118106,514220,276424,987244,35,19
249105,818439,47792,98249,2,28
878341,997259,350850,931075,29,5
51413,169410,348100,600170,12,5
17058,933345,472492,878703,20,45
70964,729121,52154,374913,16,32
49075,976677,95008,479784,19,46
90378,798403,712438,729681,0,35
176756,707126,256778,940193,34,26
43021,969591,721802,918596,9,46
246891,924044,17241,958475,47,33
299897,972490,115679,163769,2,33
119670,831146,884916,961222,3,35
168924,636287,5627,987077,49,23
352360,761322,572727,893017,16,20
286221,382778,214950,763049,27,4
602678,845607,597546,660227,3,12
74696,448296,357482,622890,13,18
288304,780406,15884,959831,47,24
405589,802421,29912,933169,45,19
111674,868667,153990,559008,20,37
363,999344,196185,869502,33,49
444417,809515,105572,565871,23,18
19775,970352,16471,871613,42,47
432495,580401,147891,648537,25,7
15482,913504,116913,856646,36,44
116444,525928,102476,914504,40,20
185692,885342,34194,938934,45,34
512473,839179,743438,924824,9,16
240607,764741,4727,914904,45,26
120709,907237,396501,614437,10,39
260438,993985,26374,755333,36,36
53483,266102,422542,666596,12,10
84303,919975,406514,947429,27,41
4681,993730,42180,325289,14,49
591766,865480,450188,778725,16,13
149681,861567,186767,759059,28,35
129118,920813,547654,574933,1,39
50250,992290,138498,858935,36,47
328322,591412,533620,692332,7,13
504225,772463,332838,531189,9,13
478339,516293,20875,242384,11,1
377683,861235,414545,966883,27,24
185946,920088,642907,814596,8,36
193822,687733,644192,911548,13,24
88769,706612,248101,665593,20,30
70320,499078,22568,428528,20,21
316193,649390,187875,629288,22,16
533293,795325,237210,882156,32,13
297351,723489,25736,966042,47,21
326104,655426,23856,968656,47,16
601118,822677,853268,909937,2,11
145222,354353,482899,658924,8,10
588102,967766,444720,766596,16,18
171789,704307,77630,725271,32,26
158360,418985,183312,952942,38,13
78941,628310,291925,651027,17,27
420792,925078,206159,814412,30,25
117797,557230,403809,958347,27,21
585881,813655,163452,793702,31,11
100921,107269,246850,601553,17,0
122602,442162,189174,675159,24,15
831399,861648,137082,552563,20,1
185372,296546,64339,591750,26,5
25574,712366,642151,658135,0,34
73099,208584,38796,45797,0,6
146219,195594,5602,945359,46,2
696851,971321,207996,293908,4,13
285256,975716,14791,968788,47,34
315999,985889,471917,956981,24,33
5892,970326,950978,952608,0,48
71237,632321,521698,834086,15,28
204809,942794,139853,558492,20,36
29136,558239,99105,358351,12,26
35139,898447,170598,696567,26,43
303010,841152,640858,948155,15,26
323599,942892,240387,990341,37,30
235758,536526,300056,563126,13,15
486026,743785,542319,895875,17,12
277580,952525,386754,938920,27,33
240708,441999,459594,869901,20,10
261849,943032,13359,406585,19,34
471922,572043,669583,681968,0,5
682293,966625,133024,978147,42,14
405780,944444,3497,850442,42,26
121314,393905,487365,887780,20,13
262012,688297,559582,739559,8,21
252413,331456,437820,738027,15,3
14540,998905,83447,840891,37,49
652930,946120,300147,543012,12,14
121507,722818,255401,539585,14,30
70254,864793,382134,893582,25,39
339550,531844,326050,447579,6,9
203179,374132,399997,992921,29,8
22442,874028,480194,928436,22,42
107580,450938,200885,884802,34,17
117693,678585,794170,910711,5,28
330452,939630,448280,941856,24,30
193245,983321,21565,808304,39,39
21990,274023,93666,924016,41,12
294140,946010,266664,544693,13,32
174528,986198,487165,567508,4,40
1047,990761,18872,743492,36,49
135924,411046,886346,896914,0,13
24168,927370,368973,989100,31,45
704089,986222,593197,688913,4,14
86762,685491,68167,986725,45,29
393409,513204,228276,967666,36,5
60018,714388,118800,501197,19,32
530603,532062,85743,205154,5,0
113960,293941,525497,972639,22,8
518142,666287,77828,763109,34,7
176440,896495,281834,756273,23,36
163083,366064,15638,895477,43,10
355295,568281,20947,630856,30,10
95158,951880,75497,794247,35,42
39019,543525,571492,914993,17,25
55000,230042,372308,645352,13,8
405710,841819,226419,849231,31,21
100856,945868,295572,853042,27,42
43803,929352,451294,729348,13,44
62082,844239,64396,971404,45,39
63786,974863,105529,371657,13,45
29766,976013,351143,905263,27,47
513493,528790,13016,954554,47,0
234913,790166,203864,254322,2,27
140721,806471,235383,600473,18,33
214501,865791,98155,965660,43,32
405724,744286,64225,909286,42,16
42901,613304,501804,510851,0,28
179624,597093,193063,965588,38,20
600618,849986,452643,778776,16,12
349783,798172,815206,856157,2,22
512812,742362,368339,445282,3,11
786255,847658,248364,382344,6,3
37082,677204,99885,880817,39,32
68904,919680,56401,870498,40,42
209536,455727,168260,775597,30,12
397056,939335,92838,944723,42,27
353755,982516,54265,870461,40,31
133610,676080,528017,823187,14,27
93793,958708,47213,979593,46,43
92894,651542,426174,556483,6,27
28580,775580,1985,999324,49,37
44341,950404,71935,888665,40,45
245959,612093,319069,545550,11,18
302295,835923,345802,919150,28,26
591558,877335,114454,574360,22,14
67286,741047,67331,913395,42,33
203296,921954,801383,858714,2,35
83389,736987,211904,219022,0,32
323051,987818,496942,627204,6,33
1402,990022,56579,269751,10,49
615625,861763,308347,570177,13,12
120356,461988,33064,960308,46,17
11157,991848,268825,628975,18,49
249565,413304,68202,893282,41,8
330596,870579,210962,236354,1,26
551161,858944,80845,666481,29,15
54476,990803,95334,610252,25,46
25220,862702,199130,954902,37,41
47189,492992,76037,937929,43,22
738377,751883,714280,735493,1,0
93876,307753,242081,684005,22,10
15436,998979,693,994692,49,49
54260,107249,300921,477550,8,2
174139,731085,18123,187263,8,27
272104,851558,128995,702734,28,28
727542,817649,17488,996866,48,4
552522,852635,644472,664327,0,15
320462,676739,870427,882384,0,17
4588,956071,99105,100143,0,47
115403,892352,343885,963552,30,38
139613,672996,25731,749589,36,26
44513,744691,299982,775355,23,35
317359,499069,199205,978836,38,9
184300,960155,264257,967367,35,38
5845,974206,226792,858091,31,48
95658,393995,21933,970045,47,14
13385,936631,6500,967898,48,46
259000,824549,75044,819696,37,28
330433,864600,196435,836028,31,26
326155,541317,73250,868067,39,10
65416,586946,159338,213480,2,26
71237,910769,84009,823983,36,41
580241,608045,41753,408021,18,1
1437,995267,61812,942959,44,49
428002,795254,35114,831340,39,18
140385,932669,305965,565892,12,39
454287,800927,108001,491997,19,17
332980,438869,245703,660863,20,5
62767,626929,91223,792998,35,28
175935,789828,424911,879880,22,30
538359,628175,74352,799591,36,4
178019,984009,48109,912239,43,40
379494,590400,460161,722236,13,10
316411,993892,573137,577340,0,33
390506,396261,682169,985310,15,0
32013,908780,466786,535085,3,43
381093,913952,545604,916837,18,26
45346,919270,38913,763963,36,43
61862,997769,43966,985502,47,46
60059,677294,287170,974733,34,30
59609,967930,88496,946990,42,45
206706,715049,269825,786161,25,25
33960,972057,261865,705500,22,46
204187,262172,239383,956181,35,2
8482,750082,677657,958776,14,37
337298,846468,573840,994224,21,25
373315,449190,91668,970226,43,3
26616,128552,354843,780249,21,5
8702,808799,50651,469445,20,40
733709,876356,394555,806534,20,7
304626,746503,688954,722396,1,22
202567,445827,53506,335858,14,12
228281,934896,226946,492105,13,35
283021,786056,160711,997928,41,25
33626,633983,454837,680905,11,30
748980,803477,62050,888865,41,2
51950,955210,330086,851430,26,45
199360,816181,188499,801921,30,30
535862,680458,316789,763734,22,7
645808,765239,435346,777928,17,5
156667,904438,520094,872522,17,37
406770,415303,37875,511713,23,0
85771,941258,145516,975463,41,42
197523,536686,32534,994219,48,16
3793,867719,56305,881044,41,43
80250,964222,407558,798195,19,44
444383,868806,277464,973852,34,21
92123,491042,261912,726984,23,19
363147,582946,443417,632741,9,10
13364,476576,482469,927356,22,23
698862,987470,289820,989828,35,14
103985,651416,244449,316157,3,27
383164,972010,36225,837258,40,29
29759,663207,60407,989383,46,31
161133,547759,264477,637024,18,19
56434,476175,197881,663384,23,20
92981,999800,419369,547695,6,45
210812,594011,23537,999813,48,19
404454,447960,129500,164535,1,2
233638,812196,616793,737290,6,28
149843,484541,50138,797224,37,16
117929,427970,7185,994942,49,15
548576,594430,204959,705776,25,2
170711,610104,442685,798130,17,21
156609,751147,212086,259805,2,29
157330,906817,29244,718782,34,37
6391,870517,120525,984106,43,43
78946,823620,61415,609612,27,37
642891,925455,280231,556450,13,14
826626,995377,191431,667720,23,8
29321,759702,66252,947407,44,36
145561,162271,144628,859451,35,0
756109,816358,75182,933444,42,3
160615,841298,177656,654036,23,34
294881,776576,105584,632785,26,24
148216,918010,62664,999726,46,38
431151,700716,116561,653161,26,13
2780,995756,73063,194069,6,49
670700,952054,8671,700202,34,14
91447,802681,13283,734257,36,35
149096,400746,34125,943544,45,12
227284,390935,355176,651873,14,8
336744,753991,342937,515382,8,20
107332,283459,35010,68289,1,8
6509,981126,24290,471973,22,48
127190,649151,518994,994785,23,26
1470,996268,258908,574995,15,49
400274,748141,328808,645356,15,17
8476,596227,28515,871378,42,29
45888,938749,354,13710,0,44
28195,342862,224627,757116,26,15
257671,791362,51897,945285,44,26
203814,964918,549588,903836,17,38
15850,971057,14,977018,48,47
248454,829838,7151,694273,34,29
115056,843144,26666,965183,46,36
631451,784522,268914,652508,19,7
77290,975843,75658,968056,44,44
123244,319784,254458,283316,1,9
80960,742239,48076,221937,8,33
323491,958858,13971,51650,1,31
2,999998,534341,535135,0,49
79893,768522,93434,978621,44,34
195632,497808,586245,738495,7,15
584014,766744,41842,950760,45,9
60773,491017,4884,985472,49,21
412075,428954,388672,825107,21,0
723943,869608,25665,885518,42,7
68953,810549,18198,918382,45,37
464036,791234,243596,939627,34,16
12810,996686,70421,888873,40,49
511251,804020,482113,798650,15,14
65992,766382,359678,724113,18,35
29762,959902,325600,582208,12,46
14054,397393,288300,888556,30,19
113888,811618,60447,846426,39,34
189849,574887,719686,976310,12,19
438154,778823,179386,731827,27,17
291621,929394,807701,874719,3,31
22163,828737,127504,294752,8,40
23599,789509,747217,824894,3,38
249449,728001,474351,974726,25,23
380893,419376,82284,995940,45,1
241381,806842,234348,818216,29,28
417273,712910,292226,331877,1,14
265868,959320,33528,770568,36,34
1243,992718,301893,780448,23,49
172079,644967,940109,979311,1,23
5983,811071,474570,753374,13,40
8159,967802,116796,646975,26,47
802050,905111,745693,969389,11,5
492506,815481,133722,610816,23,16
23845,937524,708649,864525,7,45
735215,927610,76371,813084,36,9
217389,597124,180437,482695,15,18
207162,724072,54021,583814,26,25
68511,476422,783347,786251,0,20
41575,330578,641120,701409,3,14
56204,874425,502609,565919,3,40
446114,809958,463005,986993,26,18
132273,809755,205976,813297,30,33
303999,567699,657397,879501,11,13
383640,907618,6289,959478,47,26
776798,896710,585307,648381,3,5
59244,186359,214816,759271,27,6
453310,454818,220583,477596,12,0
630060,869705,253288,629059,18,11
334682,929531,509328,972648,23,29
610545,816433,169021,510903,17,10
382664,436530,130316,944106,40,2
59911,546134,374122,959142,29,24
215589,757377,46885,967419,46,27
421669,474800,324617,455102,6,2
151011,582349,939505,968612,1,21
478497,666864,573431,668847,4,9
183511,646099,871565,937578,3,23
25954,651923,192910,966319,38,31
39480,999519,415869,923266,25,48
404901,833379,183909,485180,15,21
190031,999076,225047,661161,21,40
665968,967775,616190,736370,6,15
48713,961932,89842,475508,19,45
310537,373631,916323,962939,2,3
482645,488158,1961,973752,48,0
13170,981193,57434,818616,38,48
224324,244672,589884,906194,15,1
38231,689707,40503,940275,44,32
144028,981931,117460,999255,44,41
647066,661640,431864,960867,26,0
157269,249399,475671,868402,19,4
48102,906432,216756,804938,29,42
276913,936674,311029,463940,7,32
31355,577582,892312,908313,0,27
1674,928211,513741,669045,7,46
169751,937865,209545,352544,7,38
756258,834375,58780,567270,25,3
219982,419543,35204,512010,23,9
41556,931745,31712,876310,42,44
34397,973639,112079,535683,21,46
47027,834882,31907,72558,2,39
93869,484872,23123,793662,38,19
320279,702599,98939,152350,2,19
606808,910091,73353,954991,44,15
42388,390579,379643,737139,17,17
96771,925226,5838,856081,42,41
213843,815554,107007,964264,42,30
405270,702174,822025,970923,7,14
21694,886005,229579,816378,29,43
182508,797353,104333,234633,6,30
176314,811903,492545,763687,13,31
31831,485832,298975,764107,23,22
352842,480798,91421,705444,30,6
364108,997498,73442,973006,44,31
71787,426056,795404,834186,1,17
281130,884408,16216,776237,38,30
386238,422114,360930,757866,19,1
226909,352375,133434,992062,42,6
48455,944851,1129,997531,49,44
13294,993188,659171,779453,6,48
114952,436567,432459,805185,18,16
131037,727410,550838,985354,21,29
519436,804039,145997,886612,37,14
56522,994367,742471,782568,2,46
898269,993003,542812,902543,17,4
82843,817008,24566,564360,26,36
171529,995474,75827,670999,29,41
447914,963964,147134,937829,39,25
791706,848328,10979,864816,42,2
85610,806908,376033,890857,25,36
440089,925452,112707,999142,44,24
32990,268367,53239,356102,15,11
269768,809044,180667,681101,25,26
91974,337202,97625,897256,39,12
485760,719450,221685,812239,29,11
32111,166343,397360,749031,17,6
471216,875054,211502,303978,4,20
69236,889982,6587,233584,11,41
104471,594956,569576,593727,1,24
6524,970722,255217,810732,27,48
286813,972814,326254,634542,15,34
73663,917635,320,931986,46,42
384823,477880,79667,551889,23,4
367880,910575,136518,899585,38,27
409420,901094,375485,679621,15,24
217528,932547,423318,860390,21,35
17867,447271,519240,618458,4,21
263293,991870,210421,337905,6,36
172894,658306,466438,597340,6,24
37634,959093,405609,707696,15,46
518239,937266,329342,757835,21,20
325875,604568,176791,568671,19,13
298708,492517,37013,997567,48,9
48898,962605,711626,737342,1,45
273795,921986,240014,773350,26,32
320125,907725,1083,995895,49,29
13971,829596,364,232650,11,40
468528,834629,11622,989882,48,18
363316,992877,952673,955667,0,31
86821,806944,86139,883626,39,36
117458,486437,2111,996873,49,18
24405,933477,565280,574135,0,45
374623,858271,65047,827059,38,24
12193,855171,187502,652956,23,42
493538,697710,15121,935257,46,10
30664,600942,752155,927005,8,28
326985,921763,365027,882401,25,29
49171,301454,49086,985171,46,12
194320,935649,465274,941609,23,37
303280,480228,324057,376275,2,8
41583,519151,12086,983171,48,23
137820,976025,213915,985212,38,41
199550,684184,462176,979940,25,24
8769,322184,126171,925579,39,15
43224,763078,318726,835928,25,35
1849,988179,16361,780103,38,49
102335,989595,132705,680852,27,44
511850,931888,465999,943905,23,21
547261,645895,18281,773003,37,4
198302,984541,1149,996071,49,39
41332,892183,219419,727536,25,42
489958,510292,191039,216166,1,1
3507,485096,752467,846963,4,24
769462,932481,158795,899150,37,8
854071,941378,406957,494806,4,4
536700,589975,252714,948823,34,2
510767,883913,720223,880822,8,18
298250,983277,684085,822259,6,34
128006,990468,95482,990320,44,43
47390,699770,180739,944966,38,32
202430,951140,678281,848321,8,37
23943,399015,154293,915055,38,18
442184,970244,6246,990684,49,26
518229,957626,535234,592100,2,21
64774,824986,512252,814405,15,38
30868,70085,637,968264,48,1
302427,438936,650874,967649,15,6
139559,850182,35136,996429,48,35
242584,812995,59160,956698,44,28
602800,659621,18578,408202,19,2
377158,554315,154291,928479,38,8
2242,704203,576973,928285,17,35
125748,589726,125682,708120,29,23
190473,982317,70118,597161,26,39
119516,836999,413485,995743,29,35
2459,997775,25283,948516,46,49
736089,807733,238946,927694,34,3
332467,403147,5401,439542,21,3
168931,891354,31369,719251,34,36
133698,944833,86092,668198,29,40
27434,918182,230594,392812,8,44
69659,451923,551315,906697,17,19
177996,948637,322903,487082,8,38
294497,771321,258276,722209,23,23
520187,585499,11219,29649,0,3
197232,260295,119460,913261,39,3
74778,850886,94650,676328,29,38
382543,629541,23460,486131,23,12
394495,515397,367619,491606,6,6
203129,972436,164126,690688,26,38
119539,811301,91868,868823,38,34
5730,691349,92946,777725,34,34
277364,730075,197089,810641,30,22
307277,908502,521460,945587,21,30
18449,807912,51767,646988,29,39
472267,952839,41634,660056,30,24
17481,998372,88624,481472,19,49
317278,773167,190198,970618,39,22
66268,835021,226334,651602,21,38
377724,393349,69661,993181,46,0
26354,994978,105827,865589,37,48
139588,965949,21609,959641,46,41
60124,996343,26798,960562,46,46
182826,924113,217684,649514,21,37
497040,975464,137099,930877,39,23
10527,710736,93202,835491,37,35
339770,461502,74752,611159,26,6
528628,888658,194041,935475,37,18
119344,529895,518781,903745,19,20
605289,893526,242902,766726,26,14
284129,816795,724917,900206,8,26
35451,975770,78858,839821,38,47
85955,761036,592,998845,49,33
842156,924616,162736,693180,26,4
371496,965362,138835,925958,39,29
756012,874728,1813,801150,39,5
305026,905930,1862,993220,49,30
6159,983105,39692,821771,39,48
229375,691202,725523,885972,8,23
241908,887623,424276,644953,11,32
395668,556050,714769,839799,6,8
740573,852703,282497,900431,30,5
199608,842442,5924,997104,49,32
120261,976469,127366,878654,37,42
497880,846496,61561,801892,37,17
503293,566592,356165,454197,4,3
32680,275499,807669,934066,6,12
27585,985109,657615,750746,4,47
135436,710949,15392,553673,26,28
99962,613386,640403,862284,11,25
364182,921591,2223,998897,49,27
6508,988418,207994,305163,4,49
12091,762382,388885,926076,26,37
60130,528569,418709,955970,26,23
11525,998868,100898,888865,39,49
218320,942841,742016,975346,11,36
29430,726798,74447,681266,30,34
29492,940297,179,999752,49,45
138866,520497,136678,371516,11,19
145171,962523,15098,807630,39,40
98575,990038,413222,636874,11,44
175792,463858,79729,685441,30,14
118722,962460,714468,939936,11,42
33001,961341,388972,525941,6,46
565184,997374,152691,277976,6,21
220707,576112,544102,723508,8,17
574836,852979,809607,941758,6,13
26922,789246,105533,900808,39,38
49043,491220,726328,892784,8,22
22577,808871,166243,773299,30,39
251472,503545,398293,931888,26,12
226013,853857,192262,807973,30,31
215467,658519,121961,242058,6,22
205122,533595,83457,244367,8,16
566025,803440,56489,850826,39,11
286099,670499,342671,477982,6,19
523211,714582,199752,804118,30,9
46459,428916,745939,839385,4,19
195544,338922,728433,860976,6,7
56205,938944,885636,976096,4,44
39727,869130,397040,917280,26,41
20342,818065,12867,142021,6,39
97805,933967,641763,765232,6,41
136197,462467,603509,692714,4,16
456471,878781,142500,927380,39,21
17218,974126,139292,925764,39,47
448278,510213,74167,826698,37,3
33913,490382,639076,723837,4,22
168643,819487,9164,137217,6,32
519489,902593,20952,810386,39,19
31636,772415,614139,695147,4,37
196422,251417,189859,935164,37,2
66736,835690,144366,279904,6,38
380289,701353,196677,980080,39,16
224860,904584,107288,903256,39,33
910569,999499,130073,917758,39,4
64193,937648,181024,926516,37,43
705710,710259,154394,908360,37,0
689138,815309,156371,904816,37,6
418966,587033,190646,982303,39,8
39731,977820,137009,226429,4,46
61317,954989,214720,968803,37,44
155952,882160,543976,626810,4,36
120668,367360,140995,889056,37,12
20772,961446,233044,975049,37,47
374580,965745,22026,113796,4,29
90392,865226,179818,937794,37,38
27922,933679,691422,776099,4,45
174989,850476,865242,960942,4,33
344238,882612,704638,787337,4,26
