203083,692593,469177,530156,3,24
145526,852404,27542,440719,20,35
138478,972566,495273,863027,18,41
181412,720120,416449,886470,23,26
610670,722407,552563,733435,9,5
12598,986798,284805,558594,13,48
193293,241958,394565,664299,13,2
78436,918088,186839,340191,7,41
34017,990993,424447,999868,28,47
411433,913600,105544,393873,14,25
15070,990355,147023,884053,36,48
788633,864415,158127,653584,24,3
366508,964196,136932,523639,19,29
41744,665637,63,998550,49,31
189088,819823,506526,734711,11,31
157751,674009,7218,989831,49,25
214727,231931,511768,781260,13,0
226983,291854,417218,718171,15,3
108304,937031,424057,715594,14,41
15691,988108,309316,773271,23,48
593606,765364,51543,724923,33,8
498537,891582,129706,190317,3,19
124276,639329,595952,954712,17,25
609202,787160,751670,887099,6,8
210047,852574,56023,971153,45,32
32376,292959,277203,877935,30,13
603495,857231,58263,974716,45,12
267221,796684,310396,475697,8,26
29132,970364,552609,848243,14,47
138389,734044,139929,863616,36,29
302805,331308,357072,585100,11,1
595725,872272,129077,493994,18,13
800,993462,313024,809896,24,49
4816,994170,141203,793932,32,49
127871,133305,73001,253921,9,0
85510,934322,410197,593450,9,42
742363,951425,393904,497386,5,10
139337,403922,642659,899651,12,13
46281,340093,14496,450913,21,14
361488,694289,92947,749491,32,16
655375,853089,302832,905171,30,9
207483,447181,784299,914007,6,11
795712,900896,17664,991387,48,5
109793,904259,479486,623378,7,39
14498,490908,41,999404,49,23
142129,868240,603071,910265,15,36
76029,249934,287197,944945,32,8
293906,971715,27069,47762,1,33
13964,168848,71419,773422,35,7
104535,510035,239387,976633,36,20
17485,956238,110144,850308,37,46
131204,992784,74861,816749,37,43
176777,995500,528724,904564,18,40
126538,964861,18327,903345,44,41
240435,486848,79928,830911,37,12
743842,774214,31177,965911,46,1
120270,477271,389352,666415,13,17
839128,952483,96156,939022,42,5
2975,930596,558014,929140,18,46
146253,854390,129091,970422,42,35
430053,944968,287793,421336,6,25
209192,900965,826833,934556,5,34
19417,773045,169950,738681,28,37
124337,694879,244656,306708,3,28
51803,333752,489946,840298,17,14
242657,550753,100885,935932,41,15
243665,424867,644243,927354,14,9
682480,816760,93027,768355,33,6
275896,808934,3663,998738,49,26
354090,706678,152727,659535,25,17
523019,689523,516996,676689,7,8
8500,949801,686151,901630,10,47
299045,658160,75968,899022,41,17
19096,498642,414294,960343,27,23
85298,857726,374578,846142,23,38
118567,615802,19432,966339,47,24
156457,963574,202747,370654,8,40
94664,787644,146422,436517,14,34
8466,995243,116799,592652,23,49
7605,990362,398077,658687,13,49
65848,936553,324271,743439,20,43
220483,898497,43055,904920,43,33
590600,778380,409835,952596,27,9
555409,811422,129036,436837,15,12
130580,670272,482951,496420,0,26
193377,977973,25886,986035,48,39
459127,528903,67311,955788,44,3
68342,978179,97099,620388,26,45
154154,945469,733329,757653,1,39
650275,764987,142929,915000,38,5
235541,970473,419092,829990,20,36
33832,966602,174971,969646,39,46
637669,876453,98004,653033,27,11
712278,871255,91808,918723,41,7
5818,949735,416813,918027,25,47
97327,981479,494265,538756,2,44
312912,866302,113080,589175,23,27
133242,988811,327388,800816,23,42
106322,304934,783108,804886,1,9
463569,885827,13028,987498,48,21
25345,910501,313727,973641,32,44
74131,560971,812232,896166,4,24
317273,362154,132087,762711,31,2
410914,945631,45824,937216,44,26
225427,964718,27534,923256,44,36
448092,646132,529217,849480,16,9
421415,684970,177688,404010,11,13
41647,633920,545755,809645,13,29
137510,900033,471295,779529,15,38
896,994538,167598,888924,36,49
124470,677412,259943,442745,9,27
183647,704582,485692,671832,9,26
372804,645350,40753,772014,36,13
139723,592060,240185,383521,7,22
356775,977799,80649,959960,43,31
22584,975423,131109,351441,11,47
192339,753758,22903,925751,45,28
76054,964847,367277,622593,12,44
689972,885895,5409,989672,49,9
157538,668386,22452,978764,47,25
554971,868347,144878,724819,28,15
24059,999965,60110,968123,45,48
281675,848554,234648,546907,15,28
352747,826640,411206,869859,22,23
189570,580089,170663,971413,40,19
158901,869191,20542,726693,35,35
203917,904309,19242,925369,45,35
456418,825818,528581,628866,5,18
21002,383368,528727,701636,8,18
311558,768636,159963,656365,24,22
371126,899108,243271,570473,16,26
136639,812763,203966,434583,11,33
543908,989667,142199,994101,42,22
20035,242583,301660,838213,26,11
157742,859725,335842,441803,5,35
137871,890123,75374,964491,44,37
175020,534973,153392,875676,36,17
110322,983777,299633,596719,14,43
106264,564864,19941,710690,34,22
787467,870749,8447,374735,18,4
21175,365073,79634,317388,11,17
10646,907192,30262,942466,45,44
258406,337349,207676,978519,38,3
261116,789946,113449,432887,15,26
84295,777550,15177,745155,36,34
18170,971630,584361,631656,2,47
1182,999044,620109,980896,18,49
38184,598199,390235,886051,24,28
155267,986728,293652,996823,35,41
286106,699385,527628,621567,4,20
1402,999583,53240,763116,35,49
423923,429562,27307,975819,47,0
272837,707606,19134,900006,44,21
137416,851175,5528,990089,49,35
338992,931576,306957,822223,25,29
375573,633702,15045,101203,4,12
21079,853651,80937,911308,41,41
273784,572855,145698,946456,40,14
99256,792152,213624,454587,12,34
134609,440375,10047,965007,47,15
154068,921022,40497,182806,7,38
141894,977322,130989,485923,17,41
5007,996152,130687,976383,42,49
13530,988625,678451,759002,4,48
139938,754947,460646,974847,25,30
37894,959057,1749,551656,27,46
730563,822752,546527,792321,12,4
532382,794362,107678,962933,42,13
154825,694840,81274,963574,44,27
282258,995323,577187,842986,13,35
223178,625016,445594,632356,9,20
275110,815101,350410,573095,11,26
485662,888201,545342,769024,11,20
69411,190127,101516,541666,22,6
644810,819723,773730,990901,10,8
168815,969398,531633,818072,14,40
212725,526215,303711,495735,9,15
86626,836520,13528,429358,20,37
684219,768424,236927,869286,31,4
48375,997893,104272,720135,30,47
255929,263868,29304,655090,31,0
151293,645520,222517,973290,37,24
12177,994423,99051,542887,22,49
379356,509191,11711,31712,1,6
9539,81042,44031,985988,47,3
471267,727722,48966,984084,46,12
152013,656252,672435,920003,12,25
16886,374837,232261,998061,38,17
84960,999281,294827,799781,25,45
37878,784852,57488,595068,26,37
5557,996421,334846,628732,14,49
201773,487117,175603,248926,3,14
395840,565938,31234,714714,34,8
530865,722093,416821,936354,25,9
102911,466840,26546,970539,47,18
116121,456150,263453,943990,34,17
724447,840968,491008,742766,12,5
383856,856209,157164,208243,2,23
387145,643703,88329,960041,43,12
223497,975054,14437,996165,49,37
93515,916457,87967,868356,39,41
114947,357530,277178,472931,9,12
564545,843043,694315,763364,3,13
121605,934932,268442,989822,36,40
42880,800134,349549,652584,15,37
228015,256654,28690,700126,33,1
21840,956989,402156,992049,29,46
292549,977875,305,999904,49,34
257870,899070,516487,700882,9,32
293817,817413,690567,951843,13,26
287376,364277,635942,978377,17,3
237117,543557,584377,877870,14,15
110072,177586,342633,435122,4,3
790861,992159,51055,845723,39,10
488079,606665,231310,743583,25,5
40426,945544,742373,758604,0,45
50772,999291,11272,969870,47,47
189226,874809,119325,972682,42,34
454526,901299,62123,826894,38,22
418519,451940,24583,628677,30,1
505586,751240,38328,634638,29,12
832,941815,602425,875017,13,47
152767,898815,134735,289085,7,37
55049,822678,1499,957683,47,38
97044,648664,219344,846469,31,27
57319,377971,234956,947576,35,16
71339,424280,737250,919506,9,17
68879,991307,389378,880347,24,46
120996,502762,105826,880071,38,19
867324,926311,92373,702137,30,2
52318,218887,125072,437835,15,8
134463,154827,100805,681259,29,1
79971,751383,40734,702129,33,33
129194,751955,21097,408976,19,31
180555,945836,341104,767203,21,38
340310,936299,546934,918224,18,29
113234,605095,107840,986363,43,24
687975,693867,858054,953303,4,0
75850,567706,799912,853915,2,24
37897,989929,197657,721693,26,47
23166,651840,30247,986175,47,31
232979,470340,650464,911519,13,11
530886,923183,453355,960752,25,19
366271,710316,475588,776582,15,17
98688,702148,107339,193128,4,30
249633,878385,24917,688782,33,31
133348,944612,88345,667427,28,40
262417,506077,308808,933669,31,12
27290,524578,72619,305549,11,24
45615,931717,884262,907015,1,44
90659,352392,539745,989238,22,13
785588,981335,42772,713483,33,9
14947,580496,374253,571956,9,28
182217,536397,908651,953248,2,17
351028,934137,45964,979073,46,29
465129,660446,187241,719553,26,9
250641,561881,41241,581524,27,15
189000,690178,34870,776635,37,25
663602,940517,338543,855396,25,13
10251,973497,26383,997408,48,48
17423,994379,19945,953505,46,48
18007,981777,86191,950409,43,48
596437,921498,47536,370281,16,16
104155,891659,82844,948282,43,39
255489,935788,428213,812078,19,34
134148,183633,195726,757307,28,2
665920,753285,5872,688495,34,4
267180,615676,5869,980917,48,17
32085,948263,522973,813103,14,45
314899,986976,255527,792621,26,33
754100,989905,472772,885672,20,11
240431,906390,269494,272600,0,33
438140,879809,640515,918079,13,22
105567,987203,142940,994485,42,44
405029,620872,117040,946067,41,10
593265,904905,703107,794765,4,15
365921,788193,149,998341,49,21
369645,906688,189306,959032,38,26
203570,838208,57328,804072,37,31
110847,967036,471626,896769,21,42
293386,313866,181918,924882,37,1
291047,875329,2087,971421,48,29
27428,950467,436311,876382,22,46
594546,741108,723972,997336,13,7
4086,906271,139865,693383,27,45
178744,543567,254937,641412,19,18
12462,646158,447973,969279,26,31
191859,785126,530531,768286,11,29
47667,993464,21771,822332,40,47
141733,966522,255355,671493,20,41
612526,831903,106646,299293,9,10
159209,406606,285683,990492,35,12
325393,763227,378526,957826,28,21
361924,746547,34610,954738,46,19
501230,608551,67222,194096,6,5
554305,879379,716396,984511,13,16
242535,690458,126756,752765,31,22
207876,846802,232067,806708,28,31
563088,801063,220721,792654,28,11
472738,978753,437047,798112,18,25
310327,843964,90188,653528,28,26
375541,535249,431656,903674,23,7
186584,595713,432,999181,49,20
197906,644309,412059,809625,19,22
23085,458122,384823,393437,0,21
98460,492126,54474,692224,31,19
589484,768949,281769,815817,26,8
531227,989574,155235,681206,26,22
116460,388643,504924,709494,10,13
68381,504754,259558,865534,30,21
494948,924614,34324,992385,47,21
145729,773095,206604,847757,32,31
628817,652699,250442,535761,14,1
267462,405141,35462,971618,46,6
547008,997022,380806,806713,21,22
150581,840100,435673,761106,16,34
570878,575966,243177,782049,26,0
262572,532453,562327,921446,17,13
413939,430774,405724,844170,21,0
17720,952058,264235,970258,35,46
645415,797278,71691,742811,33,7
327208,977134,107341,994340,44,32
269650,617800,436153,898302,23,17
274693,831665,575698,891745,15,27
80631,978835,755833,935847,9,44
245539,991744,490083,838821,17,37
573546,789980,798560,897273,4,10
19397,231660,103083,745210,32,10
277493,831524,51244,708931,32,27
259837,805285,137121,827722,34,27
78588,310121,366788,481705,5,11
209435,295189,383119,572332,9,4
111565,633640,491168,858035,18,26
65586,940697,300502,482367,9,43
241378,859863,701807,891163,9,30
358380,565309,22037,979042,47,10
70311,105509,11095,822117,40,1
170056,753475,74145,363062,14,29
29230,707373,3333,998655,49,33
674927,972236,536406,865548,16,14
354825,859251,222781,770781,27,25
153343,821251,59310,550539,24,33
4088,923130,72430,164551,4,45
268606,885103,710853,980131,13,30
162258,923755,229213,911911,34,38
484868,781832,603459,980273,18,14
864582,902282,510194,583630,3,1
67488,457701,194997,211814,0,19
284953,957632,84623,919731,41,33
397783,779859,89477,989128,44,19
2733,993302,4622,340261,16,49
677833,764049,3156,958864,47,4
482335,737859,85716,920613,41,12
180907,855249,406439,874021,23,33
40850,559187,44919,213460,8,25
461307,517261,216213,690796,23,2
284514,829350,409013,855508,22,27
719826,904515,75788,990391,45,9
231929,509311,36639,964350,46,13
204526,592372,217593,685206,23,19
21736,998525,246493,764998,25,48
279481,826983,251436,983974,36,27
162475,434551,28699,562206,26,13
256362,642938,74464,645151,28,19
344466,421860,274162,552504,13,3
84595,909144,9337,998435,49,41
895605,994584,500097,764542,13,4
61398,871100,513116,833689,16,40
2593,792277,73777,137297,3,39
46813,708164,141179,545259,20,33
2826,990883,235252,752486,25,49
521562,772619,714290,833141,5,12
59141,635980,14473,997510,49,28
32242,245369,53510,539214,24,10
435068,837173,452323,858427,20,20
222007,281473,103766,898672,39,2
31942,891363,516667,805200,14,42
317339,685845,758140,973880,10,18
318579,855256,444186,983930,26,26
689757,751114,226535,862829,31,3
627769,894894,280219,546784,13,13
1204,986927,10851,56285,2,49
158109,993797,2640,959869,47,41
595564,643469,304527,886477,29,2
80139,977634,167052,836919,33,44
700320,815037,389282,706000,15,5
141509,815985,425401,619070,9,33
285022,332278,29982,956096,46,2
296135,802883,117265,821087,35,25
110931,417002,75649,949968,43,15
54135,982497,338078,557391,10,46
569513,957709,36994,690675,32,19
180976,729524,217749,305796,4,27
318493,881363,33967,792225,37,28
11196,848311,50737,985653,46,41
269997,421390,721942,802583,4,7
85023,972590,171928,896290,36,44
21950,717177,48095,874492,41,34
258582,656908,57419,146794,4,19
32254,941187,794377,901191,5,45
18541,869527,22578,964306,47,42
9043,958431,104969,937494,41,47
85120,661589,287849,911065,31,28
113690,145786,197226,976341,38,1
613697,813023,643545,813203,8,9
1763,998254,518805,863853,17,49
146591,285772,7163,740419,36,6
43883,839858,66605,995279,46,39
100868,661703,677120,682073,0,28
366922,960789,8659,831295,41,29
9485,568523,157809,987152,41,27
192332,539143,320657,854529,26,17
30961,954208,115902,958947,42,46
2409,579822,19347,699396,34,28
61921,203748,244846,757074,25,7
353324,895350,466708,713641,12,27
245384,290158,118116,886850,38,2
202045,993524,151985,976361,41,39
30803,907581,245885,455606,10,43
566941,948928,142325,580658,21,19
327393,939378,415641,941997,26,30
25736,994547,439435,800319,18,48
171566,663294,21703,153311,6,24
17902,981393,507554,656116,7,48
10815,223841,238459,940604,35,10
334230,634421,291971,499029,10,15
209840,381632,263111,776905,25,8
9091,795325,156073,885061,36,39
81811,906326,18201,990086,48,41
82947,515869,11852,929633,45,21
753696,871783,82496,898588,40,5
25284,997065,890043,991827,5,48
146625,770225,361445,520331,7,31
69757,974793,40774,949895,45,45
470131,601552,165638,261356,4,6
1639,987494,9027,962438,47,49
106258,719559,22305,894740,43,30
229581,755389,171408,970502,39,26
4993,746379,5898,863879,42,37
529038,719835,235150,327767,4,9
158307,918350,542527,943624,20,38
96676,456277,75324,950874,43,17
194515,438049,385445,403269,0,12
410042,659121,303239,906102,30,12
64545,557003,265005,434975,8,24
93011,978342,476169,636768,8,44
91395,964133,1252,995214,49,43
359,999558,656993,727709,3,49
69846,634827,627274,886115,12,28
321715,492948,26957,895939,43,8
31280,332505,248574,966400,35,15
44384,608344,342076,723651,19,28
16329,266194,2275,953232,47,12
77292,431501,60199,315872,12,17
148115,568197,774849,962335,9,21
106622,925303,244861,668948,21,40
173995,903680,176212,778735,30,36
63195,283361,2354,997627,49,11
279810,919927,105949,762376,32,32
216832,912922,147433,850709,35,34
597956,674399,74815,608420,26,3
786350,817435,542439,712451,8,1
572756,889637,230104,508775,13,15
382694,945983,43304,988127,47,28
493488,765404,13408,970937,47,13
37917,171504,795490,980161,9,6
551493,796457,192487,645875,22,12
381097,405363,243788,511892,13,1
323016,997727,6635,967156,48,33
278044,354795,297557,858889,28,3
79313,893287,331112,515797,9,40
3631,895825,301235,700638,19,44
53193,985064,317511,607029,14,46
369276,725143,81514,201321,5,17
202004,931349,126264,832274,35,36
256227,939656,95128,136511,2,34
92696,655297,22246,362891,17,28
333152,517293,19321,954221,46,9
821528,898823,97121,908476,40,3
365930,629448,50875,926762,43,13
383771,950965,694567,855343,8,28
66814,576571,87830,614177,26,25
41349,357401,693977,802084,5,15
459794,978466,116894,960010,42,25
866566,984468,251438,667096,20,5
532448,684005,113902,458631,17,7
530669,932162,284364,648692,18,20
117762,731112,613530,675969,3,30
89920,968626,170831,968592,39,43
352032,893259,13911,998749,49,27
167943,992240,195716,971548,38,41
489949,951070,25490,949124,46,23
64210,989630,30708,704460,33,46
168555,280472,125179,486193,18,5
490911,779617,66218,918032,42,14
199371,623924,660833,698028,1,21
50136,824115,480628,858146,18,38
19460,905066,25454,714262,34,44
195994,372131,76327,996887,46,8
123391,691430,182833,202999,1,28
24202,980736,298585,625519,16,47
809199,889507,458514,771346,15,4
592313,979979,515269,542966,1,19
182569,471006,701162,973552,13,14
325222,728571,90443,947756,42,20
568,980104,37413,867679,41,48
176242,206735,229362,769212,26,1
432281,654974,21242,962378,47,11
5109,941887,642325,671587,1,46
206604,847389,47474,998237,47,32
135948,194891,103759,360781,12,2
550496,775005,105911,976612,43,11
2875,998066,987,970303,48,49
69957,273954,652860,777990,6,10
127297,542852,176809,764788,29,20
439837,988990,453313,524971,3,27
521053,680972,610281,670714,3,7
6395,812198,407918,995237,29,40
59582,893350,49719,683694,31,41
32585,764302,49518,903278,42,36
76309,960509,79805,383188,15,44
688072,926044,39897,957060,45,11
253392,739520,537283,538018,0,24
206484,843380,427827,525528,4,31
23769,950121,689505,927479,11,46
51973,997237,367783,494718,6,47
148221,994126,99861,974318,43,42
101865,398381,793500,976191,9,14
85202,537816,99534,432535,16,22
341335,480693,736987,860229,6,6
483741,901530,172119,707450,26,20
64869,816846,333578,968741,31,37
166255,606087,564602,704449,6,21
126319,975409,42198,687402,32,42
162742,737837,164142,967349,40,28
17335,824876,147798,904512,37,40
76033,958681,154408,993967,41,44
383465,883671,56622,979528,46,25
245107,681089,85948,725902,31,21
371119,871062,157292,671010,25,24
585885,803368,116387,996363,43,10
701107,812059,409007,680227,13,5
145069,843906,61656,656612,29,34
703225,835953,87234,651830,28,6
200770,993575,138941,468045,16,39
418236,656958,292694,639835,17,11
78599,964389,424047,978352,27,44
558812,565760,100384,868329,38,0
135062,428775,221467,851641,31,14
167929,551594,91623,815565,36,19
213431,845295,68456,114282,2,31
834735,985352,278190,525481,12,7
116833,365222,170469,427001,12,12
102527,908760,426705,519963,4,40
574413,731657,607966,714387,5,7
280195,468256,551874,758326,10,9
367834,770178,276203,833117,27,20
345277,555998,8585,908329,44,10
249637,848691,178569,347888,8,29
414693,892420,500064,757799,12,23
21310,339921,33580,953706,46,15
353803,362064,93154,963069,43,0
545977,552301,16046,949795,46,0
98211,969573,47788,322214,13,43
52175,994351,189660,972721,39,47
499696,700659,87433,811361,36,10
663740,887121,65195,885810,41,11
214359,469414,301032,853922,27,12
77832,868527,19129,727212,35,39
368003,784763,15958,891174,43,20
642742,985319,550922,629869,3,17
228582,995015,11478,980455,48,38
410699,573185,438096,936887,24,8
492455,944525,487254,604109,5,22
39557,900873,737747,781751,2,43
461352,752274,386477,938814,27,14
553303,757043,40493,554872,25,10
157007,645495,219437,509379,14,24
485735,505279,369370,480454,5,0
73073,992200,899793,967486,3,45
140110,893240,67218,884581,40,37
787332,870588,25956,948282,46,4
179641,679052,387740,943985,27,24
109845,990895,24011,993226,48,44
417189,850895,494899,967686,23,21
187277,518003,47632,940424,44,16
566502,719293,435992,494142,2,7
617170,895406,57919,855126,39,13
387832,990707,239529,959456,35,30
94511,362661,214332,697210,24,13
21601,996539,471989,788309,15,48
126897,638012,516639,517826,0,25
206141,635505,546521,806478,12,21
406569,583701,288000,854274,28,8
179866,661962,254033,978602,36,24
537161,588217,15240,984537,48,2
61441,467464,32702,969519,46,20
53437,989646,83994,605476,26,46
452849,827148,483045,610506,6,18
550259,703425,397886,713641,15,7
599888,930991,20171,890064,43,16
87355,695078,408709,767380,17,30
422035,871902,572735,606182,1,22
82031,999289,55501,864913,40,45
609435,970598,136180,592991,22,18
103241,317843,14861,573143,27,10
20238,847506,749836,798007,2,41
71409,788539,230890,920994,34,35
100734,835514,90196,666538,28,36
488151,526036,144615,231401,4,1
930,124674,34419,993887,47,6
204382,921927,290357,810866,26,35
175937,470089,154840,763644,30,14
157271,924984,565756,652211,4,38
211546,447683,646146,877635,11,11
748604,807043,338340,471420,6,2
327794,635750,278522,804071,26,15
339730,779532,630508,770871,7,21
419084,550119,92345,892032,39,6
178000,722911,40394,579878,26,27
495416,782129,518689,624812,5,14
486042,709164,628013,928710,15,11
22737,349822,279241,736616,22,16
48258,334273,363071,893174,26,14
11642,992466,608354,866457,12,49
447244,741028,29403,987143,47,14
192576,839846,88343,669883,29,32
147046,908230,546063,874902,16,38
560156,895146,60421,798221,36,16
217603,320343,2417,986547,49,5
26698,756797,296591,546779,12,36
215734,915148,249473,758589,25,34
592480,728713,109079,586061,23,6
19928,984942,135117,393405,12,48
399146,758087,755785,892914,6,17
62864,905383,239270,592955,17,42
212420,962048,28891,304276,13,37
142801,857294,22533,944068,46,35
353209,853265,45062,935469,44,25
94693,945898,104928,941994,41,42
69077,177652,313553,457260,7,5
151232,412733,537839,692832,7,13
33771,997080,18431,865107,42,48
121561,209822,335477,621908,14,4
626173,917776,36275,131720,4,14
283133,997701,837168,906391,3,35
510958,565633,115501,200583,4,2
19271,861835,700336,769581,3,42
199651,461177,319994,869723,27,13
268421,921388,353192,715813,18,32
361323,992067,802923,804469,0,31
4156,997991,350534,909624,27,49
147461,965007,236632,773428,26,40
538293,584349,672412,899140,11,2
500032,769167,756604,764970,0,13
705087,721975,590979,831226,12,0
12103,923166,5985,161632,7,45
370933,782736,666307,945290,13,20
417583,757798,149607,891571,37,17
277297,435124,769726,962083,9,7
33256,51955,40284,883919,42,0
510854,558700,141693,198105,2,2
553456,921540,387793,815341,21,18
71810,467399,123954,165682,2,19
350913,791365,262299,486056,11,22
314558,814096,382863,646653,13,24
181174,948388,392443,615321,11,38
45642,970364,292077,719470,21,46
146204,809242,144653,827397,34,33
1973,998025,137347,817039,33,49
505343,634981,343,999833,49,6
115762,601808,519636,956309,21,24
168654,843064,534703,802997,13,33
95519,417170,536718,892326,17,16
110750,997889,313175,830452,25,44
471391,864808,533132,636038,5,19
625669,866290,58146,915394,42,12
100238,976477,229365,685827,22,43
56164,976603,202298,936193,36,46
42200,953004,493133,759429,13,45
526132,666348,15385,924695,45,7
50134,875983,679799,930859,12,41
259696,458719,594597,998364,20,9
21427,938947,99160,678504,28,45
58124,637902,103330,964111,43,28
28160,850921,122663,999594,43,41
27066,893573,272990,930346,32,43
169512,605836,32490,863934,41,21
27041,873411,376913,755554,18,42
130915,302132,27147,993258,48,8
14355,988385,2456,986854,49,48
486935,795261,199594,267462,3,15
769475,855455,93099,849959,37,4
287733,938348,18979,897689,43,32
3308,899182,368793,991772,31,44
344226,763514,126093,606596,24,20
25464,840480,124228,607710,24,40
96996,939221,9926,452258,22,42
304964,588556,1195,980951,48,14
279241,813783,67165,973590,45,26
374515,420890,38429,951475,45,2
418799,595073,360640,835121,23,8
40216,990870,416564,849304,21,47
208097,852288,578290,869167,14,32
631377,985662,21253,944438,46,17
57268,824817,788170,924155,6,38
406947,846017,264345,798177,26,21
160911,977770,663811,874170,10,40
202975,474603,20667,998755,48,13
323115,843814,331956,401988,3,26
634012,865775,61689,269609,10,11
31959,873142,6025,982838,48,42
427037,837998,511129,862187,17,20
106566,789258,117133,422806,15,34
357723,902206,16178,677382,33,27
584113,992928,608171,750857,7,20
352006,979094,207637,688957,24,31
63478,406928,687474,856430,8,17
58655,815306,255237,981044,36,37
92799,705483,857051,961262,5,30
78027,883482,35315,949020,45,40
102572,712473,209220,883381,33,30
402924,741264,3878,924729,46,16
43336,658251,149224,371468,11,30
112913,757870,14736,559997,27,32
75182,974804,224511,660459,21,44
6811,997608,30525,949818,45,49
370264,646647,128183,219411,4,13
3028,534234,354509,973538,30,26
138114,997728,396174,970701,28,42
203771,672945,610509,688852,3,23
252920,534320,127823,622514,24,14
11633,874401,121135,744720,31,43
93396,349217,764128,893899,6,12
502956,809181,335506,459546,6,15
89761,744394,42756,797221,37,32
650279,729884,231,996534,49,3
90440,966642,722803,956543,11,43
275795,568566,817411,958418,7,14
172106,898112,337574,449982,5,36
662078,803388,133424,494785,18,7
203181,898398,68922,934779,43,34
728957,827997,57230,949969,44,4
238309,982180,496686,968368,23,37
94753,989798,300913,904166,30,44
695377,985784,104458,971760,43,14
647377,863364,74376,400880,16,10
370676,662749,440693,484713,2,14
228825,892881,114750,872776,37,33
135047,930696,162679,713885,27,39
135685,653005,16306,994102,48,25
189786,925032,126970,882471,37,36
69044,927949,179148,454174,13,42
69180,820147,74015,978080,45,37
2626,835043,114163,620139,25,41
76699,904913,423259,586020,8,41
91406,959725,132713,941344,40,43
95100,200663,595867,822709,11,5
595782,948854,82592,792457,35,17
114105,988042,202208,554022,17,43
215047,934533,172346,787313,30,35
355012,459821,131851,183731,2,5
531760,569494,794569,895107,5,1
142155,872647,358257,744619,19,36
279873,950023,131493,980966,42,33
536997,674730,289327,782916,24,6
455765,562903,64131,888294,41,5
303639,650775,183816,805718,31,17
48149,999570,78117,104955,1,47
9894,917097,56669,779416,36,45
331237,612141,115919,937019,41,14
150808,833059,158621,229954,3,34
152708,585934,291555,887166,29,21
274623,618873,6239,996271,49,17
546405,637758,758253,778960,1,4
14532,821071,111792,896456,39,40
834048,916996,628699,682277,2,4
79181,916515,331110,521008,9,41
88102,582145,295728,775270,23,24
239696,874017,415476,857535,22,31
256285,728380,104816,377177,13,23
32182,605159,58021,261759,10,28
56892,734216,35475,322841,14,33
16985,970524,747183,859778,5,47
22190,944968,6444,646482,32,46
625057,883301,229450,952279,36,12
271803,913805,38508,132751,4,32
153986,625475,607826,948074,17,23
225044,977168,457301,568970,5,37
177704,755949,871201,982264,5,28
196141,982189,217390,883339,33,39
674984,984645,163347,926321,38,15
163915,431002,142781,886519,37,13
678087,837437,189543,213017,1,7
122384,901930,56421,945443,44,38
77242,865470,257928,603827,17,39
286847,828679,45350,540624,24,27
538948,858147,446018,839365,19,15
120751,906623,196948,996620,39,39
520428,616137,157281,880075,36,4
191003,583652,409947,944042,26,19
559826,920673,502532,865145,18,18
39834,922162,188887,750178,28,44
140356,202941,26191,947562,46,3
206851,564738,902027,917136,0,17
231743,332995,457639,738630,14,5
5235,997714,395861,812703,20,49
873081,918780,868951,986968,5,2
85671,201312,80328,819086,36,5
45491,769418,569845,695999,6,36
327426,931030,273335,605783,16,30
21021,979301,108975,994308,44,47
27198,658340,401267,669032,13,31
104811,970648,32154,157232,6,43
8697,798672,41080,898624,42,39
53904,411846,22992,964484,47,17
248506,488468,776660,848815,3,11
1282,714613,383401,706685,16,35
54173,869329,740557,871073,6,40
433841,458901,416739,572805,7,1
98468,422043,411338,525088,5,16
149996,690274,168719,678559,25,27
179389,900504,278758,543148,13,36
219698,805408,108199,602903,24,29
849561,899868,334486,889927,27,2
248300,720231,188560,816798,31,23
405389,866517,581992,974872,19,23
430482,456070,55684,915238,42,1
190636,614081,443419,790031,17,21
726,992679,346384,784255,21,49
137063,929804,397112,634322,11,39
227226,260485,502294,555982,2,1
17410,985121,176890,948934,38,48
231767,650801,54662,870342,40,20
18261,838003,276499,834138,27,40
259638,388872,132879,830537,34,6
332177,529683,72063,321922,12,9
125949,589931,301777,953971,32,23
329565,976994,452184,495008,2,32
13928,984147,174221,527171,17,48
398869,852961,45581,423926,18,22
91011,721566,116340,942451,41,31
24381,887485,67101,985835,45,43
389603,940270,697135,982275,14,27
113767,724805,208385,808217,29,30
150451,567284,123953,893381,38,20
15039,584088,183866,443923,13,28
41805,754916,64925,820689,37,35
59332,471037,110009,900164,39,20
76875,810554,126283,888686,38,36
151562,799923,91608,933852,42,32
254133,852365,15245,829185,40,29
113101,813459,8433,979460,48,35
222385,889251,204253,978445,38,33
58360,995996,48882,954363,45,46
42892,665542,423256,928876,25,31
332089,546403,364494,999587,31,10
222551,661971,428663,708662,14,21
131345,991483,437173,991053,27,43
463108,634487,67544,985599,45,8
589225,962108,10094,983598,48,18
21102,837214,251780,755997,25,40
512391,959058,159385,990523,41,22
653519,707779,247101,736818,24,2
70418,236105,298179,932078,31,8
19002,997341,275852,942635,33,48
321542,826506,18956,892131,43,25
45378,954451,179253,898215,35,45
562887,899696,497273,677387,9,16
2362,861841,578237,916505,16,42
510746,595752,369488,838729,23,4
84671,736430,481776,928530,22,32
233128,975707,527232,560306,1,37
243747,993218,208222,709796,25,37
40707,685320,2770,992060,49,32
742452,854305,825017,893483,3,5
164214,892415,144618,818212,33,36
168361,938187,47406,528633,24,38
273162,361698,378494,899046,26,4
612,998823,51424,841660,39,49
172612,784643,7272,866057,42,30
19734,933527,186839,224947,1,45
199059,582391,20355,728078,35,19
287755,997753,78353,512200,21,35
166017,674670,397789,635754,11,25
57932,888090,62998,912608,42,41
804866,850020,176732,832707,32,2
399303,615427,572701,934450,18,10
15226,451999,48762,466710,20,21
435870,809197,556544,712017,7,18
3954,997072,387703,991991,30,49
168932,208350,6361,960144,47,1
25882,473244,198793,870618,33,22
32381,999647,475011,758534,14,48
601330,791641,87927,935474,42,9
62906,134700,34253,583628,27,3
390513,884458,2520,966435,48,24
396186,961619,676777,899285,11,28
5326,986658,526699,749646,11,49
133526,264826,35917,837465,40,6
87791,968991,292333,777217,24,44
9989,897137,514584,872354,17,44
577010,800494,569090,967633,19,11
389932,991120,27976,68464,2,30
457743,847056,608192,792418,9,19
436351,801720,200754,863997,33,18
115113,278201,863699,898990,1,8
24874,663106,243120,442664,9,31
279362,887555,19168,938552,45,30
63455,975019,49476,973400,46,45
118877,861860,140108,332710,9,37
47187,920902,475145,651647,8,43
748931,983866,210558,539785,16,11
157979,966186,492882,596020,5,40
283578,519689,20432,985790,48,11
160113,626746,699524,868765,8,23
126467,858247,383741,923782,27,36
467799,655935,217195,971666,37,9
486910,794285,552076,899625,17,15
28665,847521,90928,721895,31,40
38639,818857,98522,996757,44,39
487209,991120,536212,726526,9,25
70627,951222,666728,927827,13,44
181863,931481,220722,584257,18,37
5598,985646,2972,994140,49,49
31708,692620,271616,788288,25,33
76814,976846,24742,410367,19,45
253350,886136,92794,391575,14,31
124861,456614,145912,399435,12,16
5320,980630,185172,779056,29,48
20095,676392,80039,612236,26,32
167947,449112,34082,924375,44,14
42469,825677,216456,786142,28,39
143350,940856,182813,944203,38,39
762000,782067,60963,895336,41,1
120442,730993,216310,778095,28,30
480371,972423,377738,990932,30,24
435061,907156,17576,593288,28,23
107024,905294,10757,958718,47,39
97140,979828,410026,878926,23,44
96353,371028,65442,951721,44,13
202050,978256,10551,820229,40,38
83080,600955,503695,954155,22,25
515151,540274,7494,990133,49,1
44457,977535,193630,455483,13,46
7194,979328,819917,879825,2,48
181998,944994,499036,789342,14,38
209160,967629,65552,510740,22,37
364207,539290,115019,505825,19,8
182299,736722,416292,521801,5,27
147713,854373,28115,815432,39,35
156381,362623,377507,993429,30,10
527164,604563,81875,362859,14,3
15276,736059,17951,933299,45,36
72282,937828,41810,937554,44,43
660853,979903,438095,580997,7,15
124804,993593,91985,911993,41,43
810472,899543,487549,989635,25,4
53421,844770,730042,810605,4,39
29441,246226,145486,666825,26,10
293585,666856,252199,287412,1,18
234499,903880,871233,942612,3,33
114123,606409,177231,367531,9,24
770209,850672,413464,861624,22,4
31330,496259,147463,949728,40,23
212081,646485,585523,857032,13,21
8296,815765,7531,998271,49,40
120617,870483,79078,740873,33,37
105821,794061,361024,721268,18,34
35539,476239,181458,755241,28,22
384194,710309,31862,932182,45,16
343621,656755,348356,653712,15,15
43505,551842,455033,772624,15,25
17056,250896,221694,417595,9,11
179254,898868,123586,218695,4,35
30936,363503,256037,414252,7,16
46704,584784,326085,819223,24,26
35236,909062,66788,451159,19,43
524336,976436,329227,526172,9,22
298945,984366,157006,815033,32,34
242238,695463,133447,846434,35,22
652952,866202,131818,274554,7,10
136106,351685,346458,653417,15,10
622432,683747,699555,912769,10,3
106035,968864,429040,688520,12,43
371584,399537,65855,949909,44,1
590774,786184,713466,986315,13,9
171272,264129,635462,979095,17,4
127361,734362,142632,459827,15,30
180213,974093,412589,885660,23,39
98251,887854,406437,452521,2,39
119528,535968,552757,810807,12,20
973467,988260,390702,431983,2,0
65641,493477,617756,917928,15,21
249113,876683,19650,498896,23,31
43595,995129,384,999869,49,47
970271,973080,4495,987734,49,0
256994,734833,64924,563697,24,23
275234,807361,278268,302783,1,26
191097,603501,378441,481776,5,20
124237,788067,581978,747974,8,33
170,999706,192103,818382,31,49
51703,743747,85908,567677,24,34
37012,812328,119556,124149,0,38
346452,905636,949974,970552,1,27
223535,834887,938601,948724,0,30
566828,619795,192623,947831,37,2
261005,717547,56844,932861,43,22
167123,296645,14513,988896,48,6
91155,833052,420620,642971,11,37
686820,873998,665105,854466,9,9
171391,942867,430891,977879,27,38
488242,861857,590647,632921,2,18
155237,967824,561010,569499,0,40
685663,832005,118539,909467,39,7
459975,494074,130555,678551,27,1
264638,944309,244314,803069,27,33
51444,690538,8969,806841,39,31
443335,531111,5347,998379,49,4
139995,949083,3010,254050,12,40
134996,996449,169466,885460,35,43
116283,879650,356796,457141,5,38
45898,734922,431266,514203,4,34
70618,798478,6767,998934,49,36
59564,975743,17167,965288,47,45
229554,647706,29365,642213,30,20
84901,976907,49809,847868,39,44
74615,723774,106501,600762,24,32
736143,912611,28089,978690,47,8
341639,521183,73898,898913,41,8
205288,740526,33277,851527,40,26
269018,944166,136383,231892,4,33
840867,907676,666869,918205,12,3
181243,384668,55633,897803,42,10
139575,584978,105919,412568,15,22
267567,311763,59233,893656,41,2
182765,886938,102371,987925,44,35
26146,878293,204417,331721,6,42
13460,31768,24650,921875,44,0
84252,614988,65186,892270,41,26
68513,308758,440108,827720,19,12
293058,892926,39596,788681,37,29
200658,970722,271889,669235,19,38
802177,939916,112698,985513,43,6
122047,820497,58129,955232,44,34
369734,906332,235592,631040,19,26
618254,743282,875239,940204,3,6
6442,789547,1562,999877,49,39
117133,950161,293820,784865,24,41
436219,570657,340077,857866,25,6
34069,941054,524440,888342,18,45
356383,976484,17473,932689,45,31
675776,872580,47674,673876,31,9
44303,877429,201263,733970,26,41
32557,513172,72968,920067,42,24
142789,945571,404466,804054,19,40
403423,998337,173697,961975,39,29
73179,939004,95808,181976,4,43
52309,954498,224191,267177,2,45
427658,453083,231839,746584,25,1
176608,430707,81377,517973,21,12
159452,955478,261638,887793,31,39
20078,891711,304439,665382,18,43
225394,981140,111189,884230,38,37
63975,964613,55576,405607,17,45
163409,940832,186026,833164,32,38
73835,461834,614624,910683,14,19
602041,925397,1779,801160,39,16
109401,701984,894666,932604,1,29
298927,746408,333209,796196,23,22
543332,593215,268189,613308,17,2
302877,439324,534374,764790,11,6
227147,724771,579057,735389,7,24
562876,614268,128119,658859,26,2
333140,883592,113399,966938,42,27
95271,987399,265163,707638,22,44
201769,534912,220614,988986,38,16
857712,861318,468978,797451,16,0
358472,747425,472129,864153,19,19
383252,540610,354523,492970,6,7
309706,885463,76378,373373,14,28
428344,554242,29679,948769,45,6
294171,982628,3516,610595,30,34
7196,967931,209093,694540,24,48
263396,831164,68416,843281,38,28
191319,418261,145721,430698,14,11
351817,808597,478403,821769,17,22
260300,778930,10415,772736,38,25
91760,454360,127604,842448,35,18
63059,116949,80017,111004,1,2
67183,987754,81500,953478,43,46
96588,861505,286986,987993,35,38
701958,963866,35511,724407,34,13
688378,750118,86541,746782,33,3
52251,744961,222561,688035,23,34
156534,505144,46712,381061,16,17
50651,103721,941804,947979,0,2
701390,915814,175909,847621,33,10
82430,791224,626648,937680,15,35
13644,882830,51342,982393,46,43
317715,398007,219674,239446,0,4
275424,625811,202826,755790,27,17
320148,693876,51332,130470,3,18
205020,729897,31378,906759,43,26
122461,672569,18969,572635,27,27
222459,470490,284144,771453,24,12
7567,994344,95974,964537,43,49
53698,803515,194824,847732,32,37
427768,501166,124611,965444,42,3
1886,551903,476744,480215,0,27
27947,952567,39018,860977,41,46
281903,808541,61221,643533,29,26
127538,861410,273959,994461,36,36
53429,989662,216503,786640,28,46
44128,655269,218353,874621,32,30
86154,905723,56885,927056,43,40
211038,325448,74004,169512,4,5
57362,693343,82338,786482,35,31
258467,781382,31266,372863,17,26
372346,834442,46060,803300,37,23
439339,915281,556203,752855,9,23
717561,966549,165117,853068,34,12
33979,979631,33377,793202,37,47
7706,918003,253965,680434,21,45
367657,679273,267425,512764,12,15
60545,636798,70822,957896,44,28
317161,643025,436368,734870,14,16
203266,599311,34103,984429,47,19
122188,955986,153776,823596,33,41
226486,931596,412227,599374,9,35
437,954955,337659,889806,27,47
46953,832726,438966,961996,26,39
336376,530044,112140,950947,41,9
313412,913446,284456,657094,18,30
645522,766009,69890,825697,37,6
128067,506987,123769,978867,42,18
586153,756680,402267,947712,27,8
150018,914163,450911,502558,2,38
262823,366099,26195,664298,31,5
201031,946839,221815,614822,19,37
635810,789091,365028,577083,10,7
157453,605078,14372,985535,48,22
189194,985126,222,188637,9,39
86695,924559,323511,754866,21,41
31747,982278,552931,951291,19,47
238959,599931,315546,843820,26,18
113644,824776,32093,980560,47,35
103802,918864,549671,603297,2,40
265855,828896,397302,875790,23,28
252457,982007,55860,894014,41,36
509513,654249,41414,964219,46,7
52868,768187,248593,981577,36,35
486431,698409,410345,979986,28,10
12180,924538,142391,918206,38,45
266306,451365,210933,369478,7,9
664777,895296,45012,978642,46,11
58795,426267,59347,921364,43,18
225988,807903,354322,948600,29,29
379064,773709,10711,987092,48,19
2714,933553,45864,977803,46,46
49597,520474,55243,883805,41,23
275865,639485,159604,957730,39,18
25794,942384,537347,980552,22,45
463659,550872,23206,937764,45,4
304723,524159,15014,757601,37,10
200364,603304,112068,392337,14,20
9532,926337,157448,741361,29,45
477380,979111,109764,944025,41,25
118430,873803,216297,296682,4,37
454858,585584,510237,753077,12,6
5245,324335,368842,605770,11,15
195213,448586,251994,775689,26,12
79,764644,98,999332,49,38
309079,824452,664049,736211,3,25
175235,967117,135269,548587,20,39
192214,981082,84730,994449,45,39
305558,560263,228255,702351,23,12
167621,368493,140606,911728,38,10
300060,999580,1693,905177,45,34
459107,933715,78297,491644,20,23
785478,881481,287762,781548,24,4
772904,953673,334494,978706,32,9
477792,974362,321414,905296,29,24
61448,917334,204974,804921,29,42
354941,511273,41868,426637,19,7
9066,763376,700835,750187,2,37
370028,888049,356608,619765,13,25
468960,874453,10162,985618,48,20
440507,823678,284,821728,41,19
113802,864926,41247,912627,43,37
24790,871403,215513,447281,11,42
280551,688924,208785,631392,21,20
144065,677919,295235,551398,12,26
309335,437521,150391,805457,32,6
662573,966199,1730,999181,49,15
50641,121838,166487,628382,23,3
6718,876084,194320,701086,25,43
193628,364211,588627,912745,16,8
139168,542292,1916,315357,15,20
17955,638203,124592,977753,42,31
43182,521087,22212,875003,42,23
4181,808971,13062,839832,41,40
102363,955741,10043,912187,45,42
153523,439146,30766,53103,1,14
604539,943369,10586,604519,29,16
376260,970676,196765,972003,38,29
21937,627944,3255,985227,49,30
240006,852047,38081,834804,39,30
214923,284561,215,410792,20,3
309002,972987,881107,928686,2,33
94358,569011,62967,351410,14,23
284888,361272,321949,447706,6,3
117683,886804,136855,654727,25,38
215084,441495,177476,850866,33,11
554194,679746,219546,498889,13,6
362060,799945,240266,406605,8,21
82632,750034,255818,399353,7,33
758277,788771,338408,531337,9,1
266553,415960,335720,751210,20,7
593431,828827,152603,953927,40,11
321776,714625,101967,560628,22,19
230362,708005,132668,715721,29,23
17156,995072,158061,171748,0,48
57340,963771,35435,270427,11,45
73062,768201,594618,800879,10,34
555354,973109,5490,524429,25,20
244086,899817,22889,353612,16,32
7370,770993,642086,678719,1,38
15338,790382,852354,924108,3,38
114905,270246,243,999893,49,7
444606,809634,413459,989526,28,18
424167,620503,265981,318296,2,9
253721,763721,56965,665732,30,25
485350,557151,253435,949758,34,3
240110,931065,70254,998165,46,34
111004,840912,473223,677798,10,36
735367,866870,315,894754,44,6
221953,988750,198293,972144,38,38
14590,997834,74056,661140,29,49
232339,496530,244321,953550,35,13
347598,736990,271266,596972,16,19
21763,526236,60758,637830,28,25
31726,780053,5611,954014,47,37
111805,204990,108903,909635,40,4
171333,937630,176242,972034,39,38
110221,964757,14077,181000,8,42
389621,760385,626491,933242,15,18
65473,630833,207330,926787,35,28
455402,607816,7534,961014,47,7
273253,368600,102880,668420,28,4
199416,847368,54877,985770,46,32
714422,977902,157855,745404,29,13
265667,959498,251523,779632,26,34
52326,952226,4291,997577,49,44
151798,927026,53907,983337,46,38
50073,335635,658456,915415,12,14
51470,804182,571502,590123,0,37
495257,934915,566574,935972,18,21
6543,999538,558674,655109,4,49
735208,822981,129511,987988,42,4
240905,245828,106326,621271,25,0
62475,989209,684249,868635,9,46
45333,365517,12680,978409,48,16
141678,876708,328428,516506,9,36
23587,963261,785400,933539,7,46
13785,893136,38227,632798,29,43
3166,986223,265282,798853,26,49
108081,649366,169068,958366,39,27
737931,988756,820156,974729,7,12
661,999124,59190,955907,44,49
156419,515776,513712,858443,17,17
39593,865360,226756,819316,29,41
251582,867942,6605,957872,47,30
570874,789539,274144,497907,11,10
669122,786253,46404,924276,43,5
96393,353935,157740,973127,40,12
277379,636592,327483,751283,21,17
385785,813584,182791,574555,19,21
514544,768680,74555,861578,39,12
550284,641220,595922,742456,7,4
132996,533269,61096,973207,45,20
953737,966235,50716,860513,40,0
113760,926939,499602,940278,22,40
25336,530514,63303,859778,39,25
495716,896062,438509,818931,19,20
334669,776713,107610,995946,44,22
11408,952654,6339,928406,46,47
37570,933835,647709,869318,11,44
61342,556659,218677,601178,19,24
797041,939960,677561,910973,11,7
309783,961259,310292,658559,17,32
593403,659465,21362,997986,48,3
307885,375744,433748,504896,3,3
289594,887971,41034,728258,34,29
242768,304780,826225,878474,2,3
437411,593155,104635,249547,7,7
144669,804825,347976,782817,21,33
516240,811055,224694,943691,35,14
2651,999408,243592,928524,34,49
96611,517930,367807,925823,27,21
551723,947253,542353,721116,8,19
135016,502519,421639,743548,16,18
257768,635810,122020,845834,36,18
605432,834369,188352,276188,4,11
43866,991207,217057,594394,18,47
631551,969397,45964,738917,34,16
86620,983134,322642,422283,4,44
134626,982004,405452,887458,24,42
342350,970488,125348,526839,20,31
688052,873599,506004,941325,21,9
180950,808883,828505,942419,5,31
39719,839113,487174,991279,25,39
11214,995568,83644,830971,37,49
37497,721376,219424,915178,34,34
51856,256373,432019,772610,17,10
347355,418014,73762,781399,35,3
45225,335108,155764,812108,32,14
563276,769906,2612,996772,49,10
587107,678883,15013,421322,20,4
26441,969959,778275,779007,0,47
16773,503458,71977,716509,32,24
106348,940140,177594,787038,30,41
49681,897816,605407,986088,19,42
262558,766719,352220,447423,4,25
95212,892210,130066,871530,37,39
741791,992048,144101,208966,3,12
817068,825713,26855,988181,48,0
195229,435718,309700,874911,28,12
839111,990590,17567,820398,40,7
5925,993488,239786,416419,8,49
776778,941269,615296,855565,12,8
589837,914648,112386,430624,15,16
132388,801058,831045,945519,5,33
57983,953059,45057,997216,47,44
346602,770672,66914,928649,43,21
67418,301872,50817,934894,44,11
113903,713405,567601,903752,16,29
87269,557902,473819,497080,1,23
115913,223861,30096,528857,24,5
307274,994357,29073,200032,8,34
66035,542916,413575,931329,25,23
176903,253479,568446,673302,5,3
543776,877092,483736,648573,8,16
281716,322513,385193,460302,3,2
205534,798704,268898,897469,31,29
4385,959789,146660,323540,8,47
118148,217203,682780,756696,3,4
336857,823461,129624,575930,22,24
327004,963524,60520,986559,46,31
179897,980382,293770,519250,11,40
1869,572346,199257,937069,36,28
627382,920357,149496,165193,0,14
138210,796190,389044,860987,23,32
548706,725329,2364,999717,49,8
373938,448203,549496,933784,19,3
266122,739360,27208,121358,4,23
63854,339483,344324,812032,23,13
230634,659766,285479,333540,2,21
79085,846228,107091,668848,28,38
282357,987649,181316,397816,10,35
30513,369545,128789,957806,41,16
311186,918376,125863,892817,38,30
48788,936264,328054,533069,10,44
195172,967365,97556,763508,33,38
318845,966989,49815,472996,21,32
43116,998756,52839,524868,23,47
222729,951759,452840,686218,11,36
21419,993543,498579,519575,1,48
250924,865175,686136,899371,10,30
363595,873024,179260,292949,5,25
513874,782998,756131,951611,9,13
44832,929726,170700,878866,35,44
201901,388191,21539,598640,28,9
285134,827901,77963,984553,45,27
276340,795047,181539,912101,36,25
2382,980484,70485,962431,44,48
43037,697275,132356,932017,39,32
255343,954410,4054,977800,48,34
524483,908806,218910,454194,11,19
49352,992957,86219,505602,20,47
216564,606350,409083,683444,13,19
485069,968061,12828,426775,20,24
275718,583039,415295,468519,2,15
173978,959658,587119,697762,5,39
339296,956989,215106,959562,37,30
493244,666158,140811,940539,39,8
260089,885108,531326,905890,18,31
149298,973120,23859,941022,45,41
4012,690593,145761,692966,27,34
14976,898055,16224,771600,37,44
94804,982799,39950,560327,26,44
246902,953361,580620,928819,17,35
470874,732140,374400,950837,28,13
34143,307936,93499,931378,41,13
166717,839881,203251,912196,35,33
56419,911450,377140,980707,30,42
284532,965018,253964,890845,31,34
133847,863917,446671,968080,26,36
401942,701001,24882,325207,15,14
102804,407415,120515,964316,42,15
80240,178951,2547,643646,32,4
382506,862363,81171,996500,45,23
262661,458695,449217,576675,6,9
219028,944946,56350,997995,47,36
827422,918798,21077,987175,48,4
2879,246105,865548,905113,1,12
331136,920740,135912,615233,23,29
286728,520438,353303,958036,30,11
443656,929995,25481,661546,31,24
81872,156153,509654,649702,7,3
282247,872841,524044,624738,5,29
337706,566462,16225,869751,42,11
151467,844695,171012,944118,38,34
541391,611656,343307,993437,32,3
137711,955537,573692,638899,3,40
488021,936320,51222,974283,46,22
293330,915399,720999,978862,12,31
232329,581074,490835,903837,20,17
70810,933112,19311,981275,48,43
232451,844509,740357,898690,7,30
22378,950335,18552,536247,25,46
243390,856540,70998,969444,44,30
201024,659382,81613,894027,40,22
170382,963178,85648,581359,24,39
110524,921990,195887,512006,15,40
3739,426634,28281,959242,46,21
726856,900754,326284,331238,0,8
117896,551973,593343,704511,5,21
229415,953425,92712,513047,21,36
523403,809398,101764,872189,38,14
107511,984624,301866,918412,30,43
40154,148696,53965,668614,30,5
298063,778565,284288,598285,15,24
39941,339964,361588,945410,29,15
736653,847857,51001,967366,45,5
15391,986983,384716,512995,6,48
227618,862227,61327,264188,10,31
25398,592733,7810,620315,30,28
143752,713215,583692,742738,7,28
3223,986325,165547,740516,28,49
128790,874157,140773,743430,30,37
850049,879610,455816,671474,10,1
118835,966738,571498,990678,20,42
175934,771041,60182,614558,27,29
457806,763086,168667,894506,36,15
33761,642864,62488,530912,23,30
737325,836506,30267,738125,35,4
426592,523345,438945,674289,11,4
99642,833019,394150,761604,18,36
36328,902487,137059,799466,33,43
221385,277815,94596,907009,40,2
97452,245311,90549,667945,28,7
26884,996297,898743,969734,3,48
465044,832446,441093,845324,20,18
812932,916321,251851,418939,8,5
47040,968096,233749,652362,20,46
305198,988336,34098,992316,47,34
496227,822339,913777,955757,2,16
17098,968638,56496,974703,45,47
486997,958693,31191,981969,47,23
73239,329611,349193,583740,11,12
594403,635251,7870,994694,49,2
69768,998335,58659,958281,44,46
516746,557459,32445,897012,43,2
363555,565073,596062,884209,14,10
170659,711027,21213,957891,46,27
284235,645803,3016,809018,40,18
15759,968849,7412,858872,42,47
300309,747495,583609,583864,0,22
80653,480365,28,748904,37,19
586176,873187,484248,723031,11,14
102370,559859,6645,948459,47,22
443436,924092,621344,729008,5,24
192040,855663,36804,852087,40,33
637574,850507,335903,553326,10,10
302476,611063,445322,963803,25,15
283534,560882,821418,874292,2,13
796562,911031,142620,840805,34,5
7198,204074,494096,732930,11,9
250995,973308,151151,327509,8,36
88519,866359,433892,774567,17,38
560250,566744,544191,938470,19,0
157397,960165,59569,730196,33,40
661288,915217,2355,971983,48,12
547799,712588,386195,677180,14,8
26369,577425,153941,958144,40,27
131193,720700,362583,807521,22,29
620545,991963,59100,674640,30,18
147155,833449,65745,821901,37,34
747673,800692,44489,997211,47,2
97501,824827,146448,165869,0,36
199366,429191,313525,359604,2,11
142649,904188,148920,898461,37,38
284172,484399,798,917954,45,10
113798,893793,134377,327549,9,38
126658,663502,126156,803893,33,26
603289,974888,23453,947612,46,18
208764,551050,262927,661410,19,17
220978,800747,25714,961226,46,28
156631,997584,286535,921282,31,42
191247,953507,61276,974617,45,38
138119,999129,22404,970054,47,43
241962,362564,603100,614216,0,6
40074,853095,519047,676252,7,40
5635,985451,353007,915915,28,48
16839,991962,270739,928299,32,48
38412,626911,120752,426455,15,29
272954,924599,466853,980509,25,32
375191,865331,157697,927441,38,24
153722,261894,162568,737693,28,5
34844,974958,13072,879091,43,47
409847,669224,291381,809129,25,12
431088,677321,659003,929628,13,12
19555,994656,404102,933490,26,48
1623,985215,280400,600084,15,49
99006,897132,110001,391026,14,39
312578,593688,68954,640380,28,14
579848,888932,229276,985793,37,15
22111,979272,260962,326797,3,47
489385,937494,524397,936765,20,22
383281,406354,3228,801280,39,1
48814,934947,137825,502641,18,44
563548,817272,154902,933335,38,12
20095,924724,82274,295593,10,45
224495,821585,14663,995892,49,29
209921,981362,199922,728208,26,38
271235,677361,288868,932115,32,20
27300,479408,90977,827739,36,22
719433,884489,56090,283271,11,8
212098,919412,268320,555020,14,35
2975,860580,10379,769750,37,42
5825,907728,54830,459345,20,45
680343,746770,55114,559477,25,3
18856,982223,349995,755862,20,48
469933,592916,156414,980257,41,6
603633,887290,665886,868387,10,14
156581,801101,60709,884059,41,32
13820,866809,377322,920320,27,42
145996,822988,18509,956457,46,33
33890,729747,296270,703932,20,34
14175,333617,305708,734754,21,15
256319,420698,50301,659512,30,8
28014,542624,362600,953659,29,25
466957,688349,29679,781581,37,11
204109,673919,88031,453014,18,23
98688,755856,17661,255496,11,32
258454,971463,139850,377982,11,35
174535,459036,433284,818914,19,14
655786,885230,9301,156307,7,11
591176,630270,449965,477522,1,1
499689,981626,92598,429599,16,24
201554,570386,57521,823232,38,18
355261,956100,193616,598506,20,30
313458,851430,308271,722414,20,26
168405,538931,387128,970905,29,18
77964,403560,106863,857890,37,16
168130,759760,588607,939912,17,29
117642,818656,446478,691491,12,35
640835,663227,26307,996115,48,1
361597,942869,36801,608872,28,29
564364,964963,29900,707870,33,20
380754,534263,577712,584205,0,7
37249,823431,168433,770599,30,39
45647,795272,567688,646753,3,37
47301,325397,29428,942724,45,13
196591,879171,84444,902739,40,34
12749,893550,689573,982759,14,44
88943,235136,86785,947473,43,7
145548,792048,600574,808713,10,32
202962,894790,311361,988734,33,34
139830,511960,711135,906241,9,18
273388,645621,132045,648855,25,18
25905,162554,91154,936416,42,6
20217,167762,192077,476064,14,7
767363,982831,728655,744048,0,10
539042,852389,98037,878923,39,15
770,999983,457102,645237,9,49
693150,943821,283702,943222,32,12
229984,991721,220662,498652,13,38
276097,975070,548880,974008,21,34
74803,867360,124617,398623,13,39
199775,766007,13240,812906,39,28
801698,942973,412968,938857,26,7
175720,684912,693671,900614,10,25
357167,626769,5978,994308,49,13
227045,784390,307127,455049,7,27
100652,937101,178062,485305,15,41
130362,840443,96366,613095,25,35
112064,641926,196312,884329,34,26
299680,849745,51409,924211,43,27
328135,842374,332057,378927,2,25
108715,257625,777,974360,48,7
82648,639257,12465,580835,28,27
144270,972596,289721,377818,4,41
136218,785641,996777,996812,0,32
154707,267078,185090,975427,39,5
63540,495432,218473,539964,16,21
284186,485811,15219,991432,48,10
55997,983673,378837,463091,4,46
477836,513936,181821,665623,24,1
187708,961454,59395,920904,43,38
813900,950954,416152,621327,10,6
9397,985342,114649,546173,21,48
344845,799849,740110,783874,2,22
348867,701202,38044,890312,42,17
45239,987371,193510,816352,31,47
544925,984435,89527,880035,39,21
381333,660816,509168,636405,6,13
279418,730266,69929,729699,32,22
32801,952645,8367,885898,43,45
343615,479740,119728,822662,35,6
569949,586797,88133,837570,37,0
286219,558530,307459,610439,15,13
199749,934490,365893,853803,24,36
449711,596496,592915,762417,8,7
161012,689692,532615,749019,10,26
392340,394777,309021,375258,3,0
273645,484789,228653,626480,19,10
320626,990082,155513,362689,10,33
92113,763701,506011,638985,6,33
61198,464783,16650,916249,44,20
292166,686384,243408,848363,30,19
10958,762010,187016,728880,27,37
69637,924403,48294,815073,38,42
480591,847623,56164,878081,41,18
261822,285784,19743,882848,43,1
458,896034,439786,442328,0,44
802791,880085,448675,782617,16,3
28406,866078,310274,853708,27,41
514508,722615,165180,222493,2,10
720983,828967,15356,964105,47,5
304654,964016,39585,344504,15,32
23332,410943,17437,236991,10,19
641730,825232,6019,979812,48,9
297988,450601,232793,972523,36,7
388825,825088,309377,389790,4,21
330732,532063,42545,969682,46,10
203422,742883,939777,985008,2,26
745371,916094,589226,778208,9,8
321648,740778,827515,857459,1,20
22929,313213,52296,975446,46,14
322945,914872,66589,677434,30,29
400699,895095,303111,873287,28,24
464955,579441,363164,909116,27,5
569370,971118,173285,391096,10,20
169183,973890,168052,882279,35,40
57747,617389,599326,726678,6,27
196439,780693,61816,972628,45,29
310721,790791,89496,627996,26,24
100697,178167,51649,882324,41,3
222775,867587,841201,906824,3,32
115778,775628,5531,977473,48,32
46497,418622,144863,613279,23,18
645635,933551,69989,761482,34,14
453477,872627,4450,631118,31,20
116111,314877,170792,980460,40,9
720842,897234,59377,831531,38,8
480732,919827,79709,923556,42,21
893974,974190,134054,999880,43,4
602116,985816,62651,646207,29,19
59566,905210,897067,937516,2,42
20821,132064,465028,941625,23,5
24554,994196,290837,478488,9,48
299142,595622,105322,898868,39,14
723362,931028,361761,441756,3,10
233586,922803,37490,614800,28,34
20055,968222,38033,222950,9,47
614368,981540,577813,857043,13,18
38943,127371,119185,955218,41,4
184334,935880,131677,971202,41,37
62003,887224,521535,792436,13,41
192732,690226,150574,956574,40,24
440062,476973,53799,761433,35,1
174171,915858,430301,721237,14,37
154426,545500,584463,837087,12,19
835010,889365,214576,412995,9,2
511957,848302,393284,927657,26,16
84176,336394,38577,409267,18,12
428023,696847,447026,613213,8,13
31227,986051,344015,702294,17,47
413849,887704,749432,977820,11,23
232109,884677,353720,477762,6,32
22644,902207,204679,726569,26,43
501148,544626,695508,860805,8,2
22709,917174,28216,919275,44,44
356516,920031,281308,816834,26,28
7714,854047,291384,793613,25,42
140569,244836,247370,786215,26,5
172373,318112,539179,877800,16,7
522622,964104,433115,981367,27,22
658103,958647,90684,898678,40,15
25332,994115,103930,913325,40,48
122030,821142,662173,690933,1,34
379036,769851,600472,758016,7,19
63459,988357,144294,923241,38,46
141362,861387,697959,726058,1,36
353405,950290,271669,478530,10,29
768925,953372,314581,376398,3,9
115776,801901,638228,832605,9,34
114091,279991,70251,137502,3,8
91495,628847,129374,412974,14,26
347234,598992,207801,546505,16,12
35394,866631,610136,839917,11,41
168487,936106,289159,536358,12,38
931629,946960,315485,765329,22,0
360369,655199,419593,589052,8,14
8303,879991,476361,963996,24,43
31030,633160,51618,852222,40,30
287411,865758,430117,473190,2,28
94576,602326,530835,863803,16,25
86198,992409,172608,656285,24,45
80061,896305,568440,600738,1,40
12558,634776,322088,873355,27,31
286217,657400,622939,641675,0,18
494334,974056,59605,937611,43,23
220409,375274,29277,632720,30,7
47763,885742,173235,981150,40,41
804579,961275,385372,866219,24,7
469431,790738,316253,546681,11,16
16402,997561,39919,43172,0,49
171871,916441,14920,726845,35,37
107577,960782,60716,777799,35,42
29015,203143,379877,554300,8,8
76087,124147,398305,910023,25,2
177098,989640,322543,592843,13,40
98008,650252,606167,879422,13,27
367893,836405,98354,576765,23,23
185034,205497,540787,981160,22,1
399168,994671,814236,910075,4,29
807146,938764,488473,878085,19,6
350697,416383,91567,676243,29,3
18003,893925,101161,963065,43,43
468580,844067,725099,947967,11,18
147442,689995,112132,452265,17,27
69995,796254,401353,747457,17,36
169331,347791,606658,713028,5,8
177544,398971,92697,792213,34,11
26729,885088,27249,954789,46,42
371735,764488,591798,726511,6,19
21998,535890,602202,641959,1,25
690499,903463,490236,954302,23,10
738967,749017,695331,864588,8,0
477243,800020,335629,945089,30,16
99188,622651,130328,840030,35,26
1541,669797,223624,962530,36,33
23003,946315,618624,793464,8,46
26236,983578,393723,975787,29,47
406597,496234,307820,417422,5,4
121252,275341,397141,952245,27,7
55344,732804,212540,993734,39,33
11450,964674,377019,869612,24,47
15156,168454,246076,904443,32,7
9007,982311,384519,831848,22,48
108449,944035,133450,134622,0,41
275284,932157,17733,578074,28,32
287273,795282,1009,801216,40,25
159619,991677,316679,432611,5,41
817983,831669,28465,695442,33,0
109045,835215,167240,864293,34,36
310178,531021,45115,630720,29,11
41658,961308,108526,763179,32,45
487886,841392,706608,989646,14,17
95109,960740,803435,961025,7,43
76205,562165,25606,864724,41,24
331938,802484,157022,759219,30,23
84722,867590,800915,968458,8,39
385425,561816,385498,967470,29,8
156501,159052,168422,958225,39,0
443983,830520,3355,907230,45,19
70859,984689,181261,856615,33,45
144133,156902,345701,950462,30,0
795022,924112,129692,478405,17,6
533301,659141,21471,70646,2,6
274998,815202,207030,434835,11,27
67138,809819,541890,664852,6,37
638600,709644,54287,777149,36,3
18232,93552,315869,502471,9,3
252981,450082,15643,970936,47,9
405899,683176,265352,600125,16,13
555362,603074,516260,920664,20,2
281164,441314,105740,370722,13,8
452791,988869,342258,485781,7,26
356608,945946,40340,116358,3,29
553295,847066,449050,953390,25,14
688275,866719,581203,991066,20,8
30603,885619,36509,733825,34,42
316632,320774,266038,999652,36,0
326394,390829,319722,936265,30,3
16385,682720,330397,898316,28,33
275167,634336,167540,965403,39,17
74686,624607,67851,429515,18,27
65125,984395,106444,944486,41,45
450007,506686,116801,542512,21,2
310259,905035,256244,450371,9,29
5905,710994,365850,950211,29,35
461193,476888,436094,901642,23,0
537404,665347,70898,663606,29,6
192561,222979,111007,505267,19,1
227629,628177,15445,716195,35,20
102527,799490,24829,290120,13,34
62054,779556,93752,669999,28,35
473277,818263,14007,388506,18,17
199292,867103,4496,258266,12,33
53690,230324,660642,709117,2,8
76948,981939,510705,706213,9,45
51415,779935,55606,923157,43,36
166462,796000,101864,911438,40,31
76249,889095,69482,991982,46,40
29585,385274,338372,824587,24,17
148471,847931,364211,815445,22,34
259966,840665,287466,949833,33,29
494998,934257,414741,636557,11,21
74437,993203,141171,757305,30,45
200419,799052,247105,950320,35,29
606587,855035,259169,419552,8,12
55010,983721,271076,376060,5,46
329182,823057,11471,924620,45,24
228448,338414,47435,982957,46,5
47217,892901,3542,87349,4,42
4233,684225,16054,921195,45,33
394902,982208,415999,554029,6,29
286659,464934,90870,938134,42,8
200008,620656,437661,873734,21,21
53031,947954,228587,362589,6,44
146081,881400,46525,675630,31,36
158156,910415,2862,980204,48,37
145340,886832,471656,713807,12,37
381236,867193,119352,603036,24,24
112060,979401,669905,738648,3,43
258252,979099,203900,667385,23,36
67698,493197,193748,959134,38,21
309948,784815,114914,422255,15,23
481848,921228,174191,860030,34,21
708027,725235,268783,274838,0,0
71120,508126,174740,684026,25,21
142367,888088,142547,735014,29,37
81550,975279,20857,949539,46,44
58826,667716,327954,587876,12,30
57649,489440,288494,733994,22,21
86701,412224,155066,997374,42,16
557595,970788,767197,835337,3,20
639164,713344,92875,996961,45,3
158734,868532,341003,998015,32,35
258305,912582,453039,730890,13,32
231773,973633,33914,518421,24,37
160808,953668,383816,974964,29,39
529812,808295,805859,922609,5,13
71,999981,57431,989942,46,49
592936,684395,223961,824690,30,4
114140,156667,341468,710943,18,2
478121,864069,487254,865165,18,19
206276,844797,43183,804361,38,31
334447,504514,133940,951635,40,8
326986,509051,102885,970792,43,9
368517,842790,533054,667278,6,23
12695,990140,331901,942733,30,48
9096,858417,159295,473052,15,42
707749,822984,123563,795901,33,5
145867,791349,307511,923954,30,32
465250,835111,72136,814730,37,18
25002,760446,616698,698595,4,36
49477,691672,334010,373446,1,32
586265,812021,302609,808278,25,11
116878,333229,466373,505689,1,10
349961,959613,59257,988712,46,30
309088,886342,113696,957833,42,28
171521,698018,365405,490077,6,26
14408,802646,148275,833679,34,39
66308,846624,187561,619529,21,39
297693,631477,491299,972671,24,16
336489,624038,138566,723502,29,14
26696,579206,64559,771268,35,27
35485,998687,718275,957711,11,48
541646,650696,382868,769528,19,5
573973,625293,513630,800655,14,2
237368,330955,447664,536018,4,4
376096,899930,8958,937967,46,26
116011,987424,161092,600745,21,43
672499,950973,40523,67240,1,13
58798,575831,31339,944364,45,25
500071,730872,152605,785078,31,11
757296,943119,4578,723490,35,9
7484,942534,272679,733309,23,46
150069,882368,19101,951653,46,36
11083,397016,304116,713925,20,19
187191,806521,349315,639441,14,30
856435,865383,46579,459018,20,0
278492,723627,39497,792750,37,22
452111,780065,261776,358516,4,16
210903,632258,566121,771637,10,21
241072,628883,470907,962516,24,19
302134,805206,111610,544370,21,25
393501,452709,33186,752021,35,2
495487,842810,163865,974096,40,17
63122,733710,22512,975907,47,33
317842,724057,23421,979070,47,20
51331,523091,46696,943849,44,23
27960,738538,87792,918582,41,35
196808,686567,635,999488,49,24
49994,360865,4951,924653,45,15
158387,552156,44009,733474,34,19
189803,648424,71306,984983,45,22
53085,599057,408036,806680,19,27
17393,888474,356249,684517,16,43
30370,403354,41443,961378,45,18
15659,998341,89736,913904,41,49
94535,994027,752673,865446,5,44
315124,925504,144209,751689,30,30
280916,794998,319374,792094,23,25
89378,354862,243109,661963,20,13
101004,173969,45690,916592,43,3
531353,867656,464227,896385,21,16
228879,694243,304630,641217,16,23
115656,859242,13431,936696,46,37
210,990790,64967,179768,5,49
61127,990958,634198,644451,0,46
106919,958625,163377,411320,12,42
743125,955759,375221,653103,13,10
16104,639533,652,722101,36,31
565595,739272,886579,980838,4,8
16455,857725,703131,812013,5,42
173321,425998,233568,644101,20,12
244907,903433,497450,755084,12,32
130753,371708,360580,703782,17,12
351319,846178,219154,923041,35,24
143296,460578,221113,588477,18,15
6188,630777,518338,955689,21,31
5322,839837,134101,822790,34,41
121631,688483,152502,663277,25,28
485148,721548,25438,763872,36,11
32752,986186,59290,782618,36,47
117309,856528,157024,939960,39,36
63446,892227,182658,941082,37,41
743552,879137,265094,877073,30,6
167391,871567,107459,238288,6,35
17311,965045,235296,895747,33,47
258392,921400,300325,686214,19,33
312010,436466,343624,881359,26,6
8769,720880,112579,588359,23,35
385533,895266,318907,968038,32,25
259775,993655,193438,834270,32,36
98763,992976,228027,998675,38,44
639584,830639,205889,896773,34,9
568529,976702,190969,767417,28,20
44173,975190,349213,732297,19,46
452581,791360,347195,976875,31,16
15297,736378,499582,821268,16,36
152899,866263,743084,789281,2,35
20171,954088,431383,478078,2,46
458487,995412,116299,875354,37,26
21263,499424,226399,759841,26,23
15837,937734,115219,800761,34,46
15651,912499,23774,181255,7,44
329157,994076,65502,717283,32,33
782350,784695,165737,729511,28,0
64133,852314,503146,890534,19,39
193135,570904,221456,912526,34,18
514625,819760,605406,610919,0,15
32014,812208,104952,747517,32,39
339675,537451,52160,537581,24,9
191027,805081,612342,649700,1,30
18660,559243,664982,721201,2,27
77805,845001,273009,857626,29,38
41989,468159,78379,806888,36,21
70440,997728,213114,843221,31,46
632742,975222,33230,950261,45,17
342264,912963,494733,871741,18,28
7327,998145,482394,873788,19,49
330083,381568,84675,969683,44,2
914,457531,587021,839697,12,22
123955,966219,512680,541583,1,42
1982,965321,253748,969944,35,48
187596,774918,284060,804405,26,29
49388,233743,256966,370681,5,9
251270,980705,378832,885902,25,36
61647,786217,119206,412931,14,36
188964,700659,197587,894307,34,25
682115,799269,506288,621525,5,5
541726,808296,508714,804423,14,13
421668,743157,327942,842534,25,16
411266,735110,304183,693404,19,16
732420,749555,330434,625488,14,0
387371,396998,95192,999977,45,0
109773,960484,52934,584107,26,42
294108,867474,16257,992547,48,28
192180,261388,14453,390933,18,3
490910,719948,139452,925052,39,11
17824,969966,251275,551507,15,47
41549,994139,1952,965076,48,47
480529,987772,154171,306073,7,25
420364,617542,43426,773129,36,9
33619,513053,38960,758034,35,23
454091,753546,42307,960675,45,14
441391,988515,700862,865733,8,27
46856,988841,621892,713512,4,47
207724,238433,41942,960091,45,1
215945,422188,489692,927221,21,10
726879,886775,134146,905103,38,7
65434,988952,39733,163357,6,46
147301,950934,106743,580830,23,40
347459,963678,8682,979793,48,30
78571,940220,301811,994576,34,43
186817,631159,538239,676652,6,22
590976,688487,154320,738523,29,4
52297,800200,392780,822829,21,37
285981,369539,319678,992303,33,4
280387,657384,128775,470802,17,18
460571,989988,167534,673751,25,26
277268,841226,49600,470763,21,28
189012,522533,251506,931282,33,16
60191,859737,53602,854260,40,39
461097,991005,75005,807861,36,26
36248,516836,71626,445007,18,24
513370,774257,328269,716888,19,13
401770,635321,254864,971923,35,11
274581,807457,428951,539701,5,26
228722,414765,48937,354733,15,9
424832,632592,442905,849760,20,10
402347,997983,108440,159859,2,29
13344,127599,118436,765714,32,5
595516,909506,57349,938277,44,15
215918,466855,547573,843406,14,12
364393,841728,861340,969869,5,23
636326,809588,511467,938554,21,8
18917,392016,602677,887689,14,18
381784,391184,225398,938167,35,0
204436,885180,37798,821493,39,34
53602,896878,637985,783109,7,42
300394,951298,33350,173475,7,32
585625,753497,312887,772135,22,8
464011,753800,501804,957261,22,14
84013,990793,78962,705178,31,45
332075,851979,92001,602981,25,25
109179,625170,5912,670345,33,25
493751,948204,712217,802375,4,22
716819,843849,480722,904605,21,6
241538,810463,393446,718269,16,28
227090,504898,163496,935245,38,13
133631,495936,8923,999840,49,18
298330,360885,253350,478192,11,3
146896,742546,393620,645662,12,29
235495,674910,240788,887555,32,21
470164,731347,16884,818317,40,13
178607,733488,11465,618795,30,27
218194,698489,28705,951882,46,24
67087,980354,93918,993411,44,45
140623,555893,500177,555323,2,20
11794,992839,317089,356820,1,49
675363,699531,307926,782670,23,1
294978,862910,59060,149592,4,28
115293,523333,37432,869311,41,20
441718,794179,16401,909241,44,17
911511,954893,158551,611236,22,2
341644,783605,333276,838571,25,22
571219,768317,95064,458150,18,9
6159,540872,113905,957917,42,26
98392,484790,2908,992649,49,19
63879,988417,494,999339,49,46
64974,985994,200277,806868,30,46
200076,685304,13306,900830,44,24
130218,784400,152044,832663,34,32
57864,988839,49032,854418,40,46
42329,367262,201264,780305,28,16
368786,965013,630060,788681,7,29
425069,677141,471879,683828,10,12
25925,168326,58977,810212,37,7
152114,465208,166360,188309,1,15
11789,812855,64748,874378,40,40
448151,660265,173648,872838,34,10
288001,787861,612010,646659,1,24
264695,975451,712500,855401,7,35
175425,837527,505223,833430,16,33
200480,326101,457110,744580,14,6
93382,965195,331064,637687,15,43
4566,832560,463045,592633,6,41
2799,952120,674542,818588,7,47
121373,136213,152624,976541,41,0
564316,771825,26075,836279,40,10
23971,778036,27010,781835,37,37
101259,503550,418804,757436,16,20
36435,547847,133321,551343,20,25
238566,609805,39719,532328,24,18
11946,948288,195651,258686,3,46
347041,833091,143496,936682,39,24
283562,668497,29459,819672,39,19
476815,929410,3421,998446,49,22
451625,549690,99829,656773,27,4
495978,789978,15015,752428,36,14
5008,977479,39389,981726,47,48
532890,620924,157412,929091,38,4
14440,662366,32743,733369,35,32
934041,973272,39278,768626,36,1
148345,950974,214735,830280,30,40
385227,673778,66011,818972,37,14
246562,915869,11899,380012,18,33
67369,949116,343964,754558,20,44
226319,549014,4573,956915,47,16
26169,888073,399098,516809,5,43
151182,152239,311632,533480,11,0
42933,967729,646432,957343,15,46
650858,953583,18959,980361,48,15
360599,814222,38222,825474,39,22
292725,430358,457135,859516,20,6
347652,878717,25676,978977,47,26
48309,871307,802550,827850,1,41
27876,626374,511274,926620,20,29
114374,493176,152555,251171,4,18
52867,994520,22372,731931,35,47
460162,519157,130978,802375,33,2
78821,336797,55554,101524,2,12
651989,707338,2839,155678,7,2
184521,421479,198421,639700,22,11
433387,646349,419239,674935,12,10
157742,587893,182427,847079,33,21
144901,255175,210621,917002,35,5
101282,339064,64465,543011,23,11
490810,935533,128608,417304,14,22
3431,429063,219779,923858,35,21
242342,706335,302431,455558,7,23
308929,875214,202324,780343,28,28
8641,644316,405573,708005,15,31
224020,945148,768986,817690,2,36
189491,662739,717270,929457,10,23
54845,742867,136672,294787,7,34
68689,977106,267403,440834,8,45
181377,940155,617362,789777,8,37
130010,548507,159599,904537,37,20
874035,908794,670324,679870,0,1
313391,743702,150880,958260,40,21
227439,854808,9377,987366,48,31
95921,131604,151237,405584,12,1
245192,739807,365790,620996,12,24
49716,283494,13010,381177,18,11
611229,791581,167605,646756,23,9
58610,485919,35630,532615,24,21
105584,771853,123979,477188,17,33
339380,863634,855,650542,32,26
191150,291607,654,893514,44,5
15440,354838,4697,992932,49,16
203725,264613,23860,463238,21,3
45708,572301,418621,504013,4,26
26053,585916,328525,920873,29,27
681842,758151,29670,812378,39,3
511566,854218,154618,728578,28,17
140443,985019,67723,851110,39,42
173120,566176,307978,659776,17,19
263646,781538,566247,963210,19,25
61942,894239,428764,898214,23,41
34777,770121,538331,691769,7,36
86626,862449,214231,828533,30,38
191876,323401,248617,351534,5,6
527886,701069,84156,790945,35,8
387824,911993,6536,980891,48,26
941783,946417,205187,758714,27,0
226752,726717,271800,937500,33,24
642338,989319,144967,348436,10,17
438888,989787,36285,995003,47,27
292437,940450,2578,737911,36,32
33981,734239,101745,973068,43,35
323977,400364,242600,990465,37,3
55009,877722,424537,750144,16,41
241943,365645,608083,757787,7,6
57688,924608,154259,618976,23,43
19658,964392,273397,518295,12,47
276110,990181,403358,778251,18,35
106909,456911,790293,882611,4,17
31022,320427,331692,620427,14,14
701846,729536,325762,727218,20,1
148673,924059,111390,848110,36,38
302133,357416,239316,974768,36,2
194976,985415,312259,330739,0,39
455102,702280,5063,992620,49,12
91601,894191,286283,980148,34,40
118415,777506,492546,891291,19,32
192011,869119,149022,607738,22,33
81515,503723,102824,858069,37,21
352475,985362,851883,891284,1,31
434643,824853,125788,987880,43,19
158326,861553,779788,784998,0,35
271753,919226,183776,850918,33,32
47178,976523,3293,954807,47,46
464898,829628,639543,885796,12,18
144542,994017,6616,987175,49,42
268481,496525,384332,634265,12,11
603096,700328,401132,796017,19,4
67889,892669,420273,877441,22,41
297608,871965,181036,780408,29,28
350808,637907,118007,595491,23,14
451612,717074,24236,668471,32,13
15132,811343,701765,947194,12,39
253403,952428,659442,893004,11,34
477435,680590,320876,916142,29,10
360989,927781,383734,518176,6,28
6059,672111,16038,905920,44,33
892657,926804,25944,714332,34,1
93803,503569,480367,937052,22,20
60380,969525,598,997729,49,45
344261,992441,485294,587949,5,32
211979,564278,621663,773421,7,17
635592,670311,25332,329358,15,1
31533,329903,124965,527074,20,14
549955,745198,603360,984345,19,9
311730,458614,115713,970183,42,7
153838,619080,12267,773527,38,23
93161,221511,640716,947201,15,6
158311,987353,113806,687309,28,41
56061,867390,2163,901424,44,40
143136,955358,101557,944010,42,40
166229,960373,680721,994381,15,39
116066,710580,31617,975902,47,29
55445,77673,322738,456755,6,1
224323,341406,40390,463808,21,5
338825,439721,360781,803227,22,5
559829,795503,66004,69824,0,11
297066,973004,101257,716254,30,33
72970,879032,129941,482493,17,40
166204,288478,182083,955895,38,6
119041,735552,113299,946913,41,30
115801,431191,337799,975969,31,15
368458,824900,232865,300606,3,22
276586,919906,422045,841694,20,32
66684,942816,56218,629285,28,43
327809,989846,179370,806616,31,33
278897,653612,135986,762656,31,18
20999,858612,910992,978181,3,41
91685,124552,276136,652047,18,1
442405,501603,295315,685790,19,2
125604,934640,22694,977022,47,40
150724,315077,175667,935393,37,8
239405,976037,6062,985931,48,36
690448,801144,28918,776719,37,5
76685,995486,404184,656275,12,45
2796,968455,201562,994763,39,48
63579,347363,4138,996986,49,14
579770,893874,484761,972599,24,15
275970,303246,311984,876864,28,1
643344,935800,335616,462816,6,14
65494,922800,107767,926603,40,42
104451,928862,181937,564108,19,41
12892,629897,170972,551472,19,30
45804,979531,52870,310344,12,46
224234,394649,287787,663704,18,8
77568,204708,234959,406246,8,6
460168,981996,501192,940650,21,26
8435,36176,349795,992996,32,1
60271,521371,84037,811429,36,23
127787,441505,91901,566487,23,15
744062,877889,200286,578005,18,6
16619,968139,189622,955454,38,47
50360,900190,45763,890609,42,42
472363,853736,39042,881491,42,19
97782,998396,5920,485750,23,45
129893,939119,19044,984069,48,40
30781,741822,154265,829235,33,35
310733,879463,24809,863869,41,28
20589,999090,100121,853494,37,48
302688,887757,630531,647843,0,29
345494,815696,214028,225332,0,23
5462,989858,178263,331816,7,49
7103,935265,6047,980720,48,46
62778,847432,185712,563333,18,39
77477,767939,173440,187125,0,34
265777,696383,39392,118671,3,21
211213,675928,354954,776342,21,23
126006,844523,296813,690839,19,35
4609,18380,785017,925741,7,0
6642,913735,8614,706639,34,45
859648,872373,393913,877620,24,0
5225,658643,186220,956158,38,32
360062,556944,372652,727613,17,9
100271,967301,619605,655030,1,43
164957,768252,29516,758210,36,30
469229,857213,209991,871830,33,19
558202,629286,982704,992120,0,3
75920,950321,78444,815282,36,43
2200,996913,595261,802509,10,49
357618,606076,333963,998427,33,12
234213,939477,111489,919392,40,35
151507,753547,11158,441124,21,30
353641,624044,320198,752775,21,13
23714,994689,350727,743445,19,48
70789,960938,23032,886302,43,44
253642,844489,72822,936891,43,29
776693,908194,103835,645802,27,6
574250,722479,362424,786056,21,7
96398,810381,496876,977966,24,35
16071,620696,308813,796548,24,30
214797,228580,319371,965909,32,0
231038,776901,30994,446363,20,27
120992,882542,24969,872700,42,38
130075,216425,129331,560468,21,4
657781,697114,480067,916421,21,1
47439,909502,89984,946344,42,43
88796,848107,71679,869095,39,37
37583,306777,98788,762398,33,13
529599,995482,106054,801876,34,23
144148,904533,102962,938602,41,38
59479,963068,39086,819692,39,45
143232,148139,203018,897486,34,0
19923,572504,237037,662279,21,27
733446,967201,131957,627597,24,11
148421,249525,705601,916721,10,5
11470,969720,531004,983069,22,47
268477,751843,47489,741516,34,24
654724,831532,429668,786396,17,8
149559,985272,69842,801184,36,41
64033,286126,950500,983702,1,11
337305,888923,92828,857502,38,27
132361,972594,134953,858897,36,42
97475,993599,872813,938734,3,44
894470,909795,245325,604069,17,0
345096,860292,385799,867866,24,25
399761,569028,139599,863818,36,8
539100,916244,75821,966623,44,18
314323,724843,58072,527146,23,20
96285,571131,201876,995925,39,23
185943,782134,88830,528685,21,29
401622,748951,217369,250110,1,17
168796,714117,162697,912582,37,27
51924,678389,165092,756619,29,31
125736,756119,151948,789610,31,31
93040,940851,168145,846355,33,42
393229,600379,587833,762136,8,10
193390,524455,64749,434857,18,16
144573,905800,710387,889814,8,38
722127,767311,146357,846198,34,2
329592,685558,258232,906008,32,17
867627,888175,366507,703936,16,1
163753,785197,103037,987483,44,31
160022,463048,162531,776360,30,15
89602,997877,593538,904747,15,45
251151,570350,235903,897644,33,15
29184,944091,231787,570759,16,45
460019,699156,301404,731857,21,11
440267,845104,534644,550423,0,20
537892,853142,449376,857756,20,15
494896,807807,232528,409128,8,15
362910,928223,152894,569507,20,28
198543,920295,131163,932564,40,36
169117,942006,333805,789069,22,38
483182,966496,466516,808448,17,24
84,915490,2148,979413,48,45
380649,708180,6171,485007,23,16
158109,975192,1415,401872,20,40
265596,625180,153953,751763,29,17
816378,896300,464568,923013,22,3
79410,960979,84047,902701,40,44
37797,886087,339898,356485,0,42
202010,670132,8822,680909,33,23
526434,533765,435354,647471,10,0
246632,882209,293870,362060,3,31
215213,269912,51967,376648,16,2
30621,738792,162812,936988,38,35
193457,589875,105382,654556,27,19
205017,604112,57253,360427,15,19
90356,988653,284317,870274,29,44
5737,992061,57710,863099,40,49
412332,883164,6978,986270,48,23
92751,245906,18153,909805,44,7
470907,824469,139963,741785,30,17
235306,930555,650476,783488,6,34
100378,401376,136692,788718,32,15
7226,602114,324903,983359,32,29
215173,828441,12141,695294,34,30
916800,917762,393095,753742,18,0
211833,797339,29011,885327,42,29
87405,731085,134526,939966,40,32
117221,895281,48276,266157,10,38
102003,136518,150592,786600,31,1
126108,993564,16222,789769,38,43
846755,926783,546691,726210,8,4
178376,731464,213469,536052,16,27
6012,123950,623032,659848,1,5
480281,596570,530356,531511,0,5
273731,720564,95288,686754,29,22
5739,969323,116805,745111,31,48
14745,895521,287251,624160,16,44
264330,974224,309451,332375,1,35
249221,886843,85094,437505,17,31
12822,969655,149550,832337,34,47
4138,711771,661231,831800,8,35
39393,674595,353496,958126,30,31
91680,236473,82915,774264,34,7
237272,865995,80510,210892,6,31
215553,773505,16821,982768,48,27
83283,986348,153823,997337,42,45
866383,910918,83070,932330,42,2
53164,954018,89426,830499,37,45
30918,996044,693965,870655,8,48
193609,315943,58134,681875,31,6
284267,983326,456634,802305,17,34
64061,594401,184673,816101,31,26
310883,679265,374728,925584,27,18
140921,780160,613475,937542,16,31
944632,947792,225031,821514,29,0
844972,911943,473241,502580,1,3
762255,942385,69544,967834,44,9
373148,990181,67746,691549,31,30
78827,600367,52803,607206,27,26
446428,618695,18904,900698,44,8
253485,339874,986,798052,39,4
34201,867865,258105,477917,10,41
61240,738074,392493,986434,29,33
62949,634751,199676,878499,33,28
142505,993632,682988,890141,10,42
372516,969667,65406,960098,44,29
554023,846569,98507,774546,33,14
178144,497109,243387,924905,34,15
361891,419545,205763,520175,15,2
124844,569921,412798,869128,22,22
15290,992104,145942,474798,16,48
183948,251093,718321,894118,8,3
307143,492916,410561,868868,22,9
245722,984713,411741,489783,3,36
359985,962156,564857,704046,6,30
527983,721490,228702,246009,0,9
148444,491936,56914,721578,33,17
934797,954860,123961,481884,17,1
238975,462030,131108,897999,38,11
611683,945938,3908,561283,27,16
191965,645963,337612,939634,30,22
312907,963186,294108,923703,31,32
623973,624660,871312,903722,1,0
182936,516346,174796,188408,0,16
203875,838936,21211,702619,34,31
96323,867186,221976,857807,31,38
16696,940831,163505,502701,16,46
718858,851847,209285,544316,16,6
45495,904331,100921,998000,44,42
6137,885151,627337,631721,0,43
385120,832400,782363,999698,10,22
263928,600463,377912,403873,1,16
738396,937855,118137,915051,39,9
131731,403538,66660,705564,31,13
700400,781369,430309,647522,10,4
563997,885291,139754,206678,3,16
783367,969925,187235,785375,29,9
189187,294057,87154,682645,29,5
144275,955924,14788,673747,32,40
341269,672217,27848,829124,40,16
12020,995474,157425,926962,38,49
690555,802336,638838,994067,17,5
144494,867293,346044,944393,29,36
381071,638846,19565,903393,44,12
205080,420291,56172,502718,22,10
743226,898979,90322,712899,31,7
737671,821902,212918,549400,16,4
28234,635458,166313,608098,22,30
352355,505025,275292,867626,29,7
190925,893668,29463,659753,31,35
245414,849849,308835,864491,27,30
35768,960244,389910,739857,17,46
608995,796634,142894,908283,38,9
109340,864678,626416,951666,16,37
583120,992947,310654,993034,34,20
511146,552317,203303,407065,10,2
155386,956536,93621,854971,38,40
195339,901549,396071,943931,27,35
52187,966386,144435,280055,6,45
727331,947445,89281,733342,32,11
505348,829602,556917,960923,20,16
251252,251253,285563,413405,6,0
241080,981758,128924,810275,34,37
55552,628685,342671,897592,27,28
11491,565429,451672,659714,10,27
334126,849788,243096,863800,31,25
139388,762942,648102,815204,8,31
25695,989905,191536,737556,27,48
29847,991969,111545,810811,34,48
135834,707744,452135,905852,22,28
8370,966007,350799,998107,32,47
645498,647675,442549,752734,15,0
30022,826916,82120,286853,10,39
208671,314991,463512,800259,16,5
173015,487265,206567,530596,16,15
77004,742753,420030,735461,15,33
112424,446855,437625,557651,6,16
65548,285610,214408,391658,8,11
103454,761278,678273,839937,8,32
21569,169560,246628,704247,22,7
482558,798352,411631,867871,22,15
444955,851117,48902,217937,8,20
338885,435122,633294,755548,6,4
4852,568904,280316,922846,32,28
484465,850778,1817,646499,32,18
352243,958011,236368,410650,8,30
82416,524755,121971,290006,8,22
149361,931383,555594,682962,6,39
161812,652229,477735,684528,10,24
215693,935263,17144,474721,22,35
449260,849811,226446,350912,6,20
54728,802820,310896,516575,10,37
4074,999180,764097,884587,6,49
247618,572913,533384,750893,10,16
18643,996388,364381,564909,10,48
241474,589940,13627,471401,22,17
161661,988602,57096,713923,32,41
188780,987140,471734,920843,22,39
260639,990183,168222,614166,22,36
88472,620286,81606,524391,22,26
