149096,814076,65007,867224,40,33
54190,400827,186211,255835,3,17
11404,987440,484083,876185,19,48
589892,960732,56404,784832,36,18
4971,997454,183703,419750,11,49
59895,888876,645875,984917,16,41
179600,749039,488041,734044,12,28
118917,849378,32735,669916,31,36
126700,492947,81123,913994,41,18
260760,273010,120853,877538,37,0
55969,981358,288137,750493,23,46
143300,621918,294347,337158,2,23
150394,301130,222245,856197,31,7
108703,998180,6907,877223,43,44
240463,648257,59928,965249,45,20
32665,991034,105595,481151,18,47
280319,309601,472573,713261,12,1
503759,597904,70979,836659,38,4
307229,793139,367020,669394,15,24
325953,928448,113103,920361,40,30
86741,735309,128043,961172,41,32
424080,665641,345325,476490,6,12
296455,836923,208321,834100,31,27
29179,441743,63721,270719,10,20
634866,784604,430739,780248,17,7
256292,960188,13894,971137,47,35
69427,889005,205928,598908,19,40
692386,839865,82510,988679,45,7
25403,570016,14976,935379,46,27
185528,943103,16077,629513,30,37
106867,987126,17774,331610,15,44
293997,677275,793401,863479,3,19
185461,851060,356876,959169,30,33
177635,868439,87758,974171,44,34
305477,862692,170572,911877,37,27
439796,688597,63882,722134,32,12
273957,999034,109577,710227,30,36
411582,781365,18305,374870,17,18
386908,399783,744426,980856,11,0
167868,598533,442140,976158,26,21
220122,706426,299155,999805,35,24
1817,996160,67749,718751,32,49
66631,811845,47122,958737,45,37
246595,915159,450900,687662,11,33
163613,876351,312617,454101,7,35
209971,650172,100593,702657,30,22
142882,165970,590046,825898,11,1
385566,900427,413749,631151,10,25
79815,887779,657006,928529,13,40
575276,593486,26384,973666,47,0
936097,990872,321958,910445,29,2
47255,288816,40989,332309,14,12
517588,944914,564881,746559,9,21
58553,435634,413063,865202,22,18
376094,974813,15394,324289,15,29
593380,958562,242846,944533,35,18
440236,910926,55253,461916,20,23
296092,831876,292610,997604,35,26
427400,817371,13501,576856,28,19
254913,884590,91540,711894,31,31
157064,924212,300576,944166,32,38
358143,979501,151617,249268,4,31
58890,864536,216525,309850,4,40
124494,986741,573788,837180,13,43
237594,691848,677525,870723,9,22
774884,845147,154254,468931,15,3
18424,426346,556431,876061,15,20
134458,867985,445762,891471,22,36
145194,511937,46707,994716,47,18
123330,911683,737609,992828,12,39
196343,916942,72020,813653,37,36
399416,941121,370178,718701,17,27
98955,129849,101583,916416,40,1
287003,972809,401392,674702,13,34
829845,955656,179125,630011,22,6
402728,942429,264231,319155,2,26
452198,846410,445075,996531,27,19
249676,417575,331674,815867,24,8
285975,712075,457821,682645,11,21
810056,989551,347591,595204,12,8
223447,902009,43421,772430,36,33
492865,917842,398231,411747,0,21
581918,650504,47467,314823,13,3
361185,715953,410158,924244,25,17
62256,923265,290677,402571,5,43
102880,104267,236224,556111,15,0
326796,730618,151755,701614,27,20
147132,984169,123027,206355,4,41
470483,577812,5039,962594,47,5
244910,771703,22653,852298,41,26
123656,860651,140476,977989,41,36
541507,997722,516626,639360,6,22
249115,577384,320848,523113,10,16
365998,702667,378819,817424,21,16
364916,678499,977586,983767,0,15
514656,721240,18899,991317,48,10
57971,983685,59603,280708,11,46
347002,766429,489330,772752,14,20
180848,902396,418771,900775,24,36
87007,543144,349579,882320,26,22
730899,795217,263114,484676,11,3
571456,618562,425273,751123,16,2
203072,695772,379631,880873,25,24
185618,988926,52370,598624,27,40
500029,879867,113585,999564,44,18
167305,699287,69147,701839,31,26
27343,863655,83352,931729,42,41
109299,671735,383297,994621,30,28
183658,983280,87434,492412,20,39
333592,880412,201368,312225,5,27
546597,624711,306014,866750,28,3
646790,820950,84349,881010,39,8
597602,965215,831385,886916,2,18
374458,693017,107103,902256,39,15
96132,762589,467829,962241,24,33
281512,660928,1060,983019,49,18
21422,975696,9423,940562,46,47
107737,598244,845071,902679,2,24
300559,722772,345478,596832,12,21
234804,285851,200710,958926,37,2
53959,784774,78928,939152,43,36
30057,987742,132358,935433,40,47
208548,623312,379965,652434,13,20
401054,534575,214273,922652,35,6
180270,501757,802666,977721,8,16
168330,638080,699954,955295,12,23
652462,787507,237759,314113,3,6
460712,803874,40613,569754,26,17
74361,636132,154676,191354,1,28
630449,994110,739070,874793,6,18
464946,946298,362562,883774,26,24
70794,711038,398608,458324,2,32
256791,299059,28829,748112,35,2
519950,979750,551598,597606,2,22
87654,866189,7435,989899,49,38
469722,919427,19561,987971,48,22
187823,792790,296662,965548,33,30
775179,877796,12796,617091,30,5
255164,447622,8845,885712,43,9
604617,894353,125277,413616,14,14
76038,415832,677250,797715,6,16
903432,939149,62313,226148,8,1
56080,65067,3586,986865,49,0
434486,768850,9875,989831,48,16
732434,767864,275886,804688,26,1
82252,408283,21723,945662,46,16
52606,964894,672683,863550,9,45
308987,407172,87024,792043,35,4
186036,935698,350006,761568,20,37
29053,901312,677,880266,43,43
137908,795875,500104,857887,17,32
152386,223286,238636,786907,27,3
886,693827,381149,779590,19,34
62433,881075,8251,708550,35,40
213229,585954,44454,953620,45,18
453575,884827,699839,978501,13,21
206191,256071,143578,941029,39,2
28575,979092,955328,991370,1,47
313970,996257,75388,949188,43,34
299166,921922,11353,936640,46,31
274223,875036,707763,958785,12,30
55971,999061,694210,899766,10,47
510386,748191,350275,810342,23,11
9845,298299,194512,928619,36,14
134958,978742,684976,802691,5,42
191679,779315,267993,317186,2,29
43929,866188,474911,679761,10,41
24543,956735,89625,995194,45,46
17222,811685,267381,795819,26,39
155715,271666,549310,995510,22,5
287273,656740,385109,745999,18,18
898962,910273,17254,798024,39,0
277644,989133,199476,747426,27,35
823517,905215,161440,379546,10,4
769032,874969,419640,976494,27,5
7348,372592,17747,989394,48,18
163806,948845,254211,690417,21,39
672108,794782,96497,909402,40,6
194775,994952,173120,697694,26,40
130242,764333,148415,943713,39,31
559982,812848,200904,909488,35,12
6930,884699,196,917529,45,43
187227,453480,44642,794275,37,13
172640,475254,441078,945535,25,15
625940,686978,353084,936866,29,3
174326,578435,283302,978830,34,20
133119,931977,373996,857643,24,39
80974,679566,75262,985505,45,29
450665,758073,432427,961946,26,15
25373,995042,202723,437117,11,48
203653,519661,79912,537269,22,15
120624,491995,42964,619796,28,18
108250,174557,575128,968888,19,3
179295,772415,329091,435375,5,29
180034,515390,279482,605092,16,16
100991,384115,6564,924861,45,14
33400,952110,91153,173468,4,45
194659,722052,43048,999268,47,26
155510,938083,676652,905754,11,39
169896,633745,90586,787113,34,23
717147,801984,308903,776743,23,4
336317,597446,110364,801196,34,13
169419,719739,71850,870820,39,27
132154,799397,2067,423134,21,33
23989,752043,590548,894260,15,36
39975,892168,493612,820340,16,42
415574,580259,147538,776281,31,8
409269,884160,490582,844276,17,23
715634,887295,4299,714743,35,8
190670,951878,617502,670971,2,38
217750,909834,11765,968851,47,34
986707,991867,443664,995309,27,0
428096,508599,18284,613216,29,4
322963,655380,818433,937732,5,16
113132,437429,43145,344965,15,16
458639,685592,261084,884540,31,11
414016,681700,318484,891735,28,13
282606,842243,547721,729195,9,27
431380,475662,70347,922049,42,2
492125,654010,411722,920102,25,8
170347,718217,165010,998483,41,27
400756,538946,141714,156104,0,6
29283,448888,370854,944913,28,20
503910,979972,2068,881300,43,23
298623,564961,49038,951667,45,13
41197,608646,16772,931373,45,28
212333,716052,29098,462508,21,25
277744,826672,279191,995311,35,27
194992,860535,111874,997829,44,33
80970,782786,427732,959370,26,35
681106,808660,805378,973715,8,6
119076,992765,147455,878063,36,43
188499,870037,365546,406567,2,34
239108,989029,310646,785813,23,37
115532,712640,358269,698836,17,29
59009,308804,41168,964845,46,12
586289,846150,212329,734826,26,12
450279,705049,475236,788962,15,12
668768,720355,126051,958582,41,2
208107,904239,567256,858360,14,34
16931,933984,39233,75961,1,45
5367,329392,216107,983791,38,16
113212,555733,537943,872569,16,22
26517,965341,21825,941989,46,46
243480,833684,571081,748671,8,29
501341,775030,1643,948662,47,13
346830,588322,68571,700394,31,12
272974,984750,10945,999416,49,35
65134,990988,550843,618591,3,46
227153,772553,165710,981879,40,27
190,954047,70835,847392,38,47
40015,999614,608217,872749,13,47
104980,134263,382924,723762,17,1
721538,857365,26282,855955,41,6
711205,724717,533125,832132,14,0
194174,603991,555169,954770,19,20
132584,921335,539227,858269,15,39
164441,301693,174040,567188,19,6
70992,830824,668076,718377,2,37
156633,937014,1753,717810,35,39
62952,982589,182282,483935,15,45
104480,745772,372843,847309,23,32
1559,982893,160830,981994,41,49
2384,435231,351742,960231,30,21
73418,441222,32354,557124,26,18
91243,845292,498973,988169,24,37
79864,781263,105041,772462,33,35
119006,876311,259145,891956,31,37
271093,987737,421766,845650,21,35
427347,659170,229526,549323,15,11
16836,906359,380334,624257,12,44
149807,672546,78657,461183,19,26
193811,977201,243573,843148,29,39
147921,997221,39939,982235,47,42
127532,910148,6141,797936,39,39
82450,402987,593577,737911,7,16
65602,873088,341205,700584,17,40
534691,626317,166380,986420,41,4
558129,798526,468132,568933,5,12
478654,593664,335423,994373,32,5
875552,935703,398439,588715,9,3
37907,934483,166407,249736,4,44
528458,949459,21950,990445,48,21
33268,977971,492929,533391,2,47
163555,962252,46165,182698,6,39
121983,973616,474168,789835,15,42
44702,940009,9905,822694,40,44
193124,659703,5634,995904,49,23
309308,373631,62321,950303,44,3
294980,992297,3845,964381,48,34
63869,566560,286872,352908,3,25
159764,579051,196375,876276,33,20
76979,981480,241228,961305,36,45
568656,931330,140225,954613,40,18
353760,861114,396389,495806,4,25
281363,682187,170461,999173,41,20
27220,950840,324972,503550,8,46
1750,992539,11318,950050,46,49
126435,692461,25161,964603,46,28
287799,769189,40734,984776,47,24
49568,396718,143434,983493,42,17
46044,784770,108817,921508,40,36
23541,463942,216715,317539,5,22
167857,648922,9755,972500,48,24
395461,818281,59500,960505,45,21
95757,656966,100786,754110,32,28
174217,972109,290831,983140,34,39
16858,826658,614058,728951,5,40
96044,982785,275998,802427,26,44
92770,396912,98083,670078,28,15
202219,428140,9147,946543,46,11
577481,705344,542876,839526,14,6
82692,952384,118114,882010,38,43
708038,905039,371392,439774,3,9
52573,894524,89634,932878,42,42
466859,609312,287771,335394,2,7
31064,955874,381201,938101,27,46
91787,640657,2555,997129,49,27
35496,979233,239392,629187,19,47
641871,816300,518460,916580,19,8
60854,986987,464827,864127,19,46
1190,921149,62162,932066,43,45
102256,914898,38274,727370,34,40
317354,629455,200061,859990,32,15
630868,983834,36611,456191,20,17
88832,956226,235,974843,48,43
478726,864321,14772,220313,10,19
166800,398855,717464,941605,11,11
100965,690520,340158,563987,11,29
460162,723491,80648,191076,5,13
295787,817549,99799,662204,28,26
346950,458208,90184,832119,37,5
111064,688716,276078,981629,35,28
209007,250868,118425,600770,24,2
785001,972078,10277,818328,40,9
256536,617950,857082,896688,1,18
431878,590620,326771,851794,26,7
525752,749742,64294,666922,30,11
260697,765571,24482,986227,48,25
53932,999188,282591,811927,26,47
23594,101744,342265,599754,12,3
103340,926858,386594,794714,20,41
186377,648551,14964,517773,25,23
84213,780096,165899,637019,23,34
491930,995479,91574,442200,17,25
302773,937548,675523,936481,13,31
354584,710931,345444,767481,21,17
69832,936231,73481,781048,35,43
419443,681528,388541,981163,29,13
321882,949026,153827,197002,2,31
90600,909348,642811,821497,8,40
457844,563712,9752,997315,49,5
160288,698770,30093,963054,46,26
388685,878164,90359,427025,16,24
70145,648896,12334,53726,2,28
18131,937184,109366,915171,40,45
126406,407079,7492,995610,49,14
229652,714225,145988,734811,29,24
142318,927859,668823,695758,1,39
53767,702407,227161,883598,32,32
754883,885384,65813,984701,45,6
450875,807291,41347,433968,19,17
173306,986109,423158,568520,7,40
221211,317013,816592,841204,1,4
20325,930178,455540,869172,20,45
242515,545902,48169,907828,42,15
462683,997312,792629,949621,7,26
28214,922372,103705,489553,19,44
15777,890178,220380,901819,34,43
534293,579140,65775,961316,44,2
133917,863306,111648,178841,3,36
314771,899918,703663,982644,13,29
138502,811172,352697,549011,9,33
263137,298585,611435,882349,13,1
725874,756335,437027,539134,5,1
258715,900655,527514,724813,9,32
7762,966574,723339,886592,8,47
461556,569212,134898,714137,28,5
494821,970985,366192,495553,6,23
384373,709003,21258,550871,26,16
138789,607996,649819,968790,15,23
276682,896662,9106,202898,9,30
332837,811787,427089,798007,18,23
78920,308625,106737,543050,21,11
156898,919680,377100,885423,25,38
70610,456237,469223,850745,19,19
763551,823050,354065,971395,30,2
50911,454268,24872,473379,22,20
116057,956068,391254,839235,22,42
46062,960836,735146,995112,12,45
745735,866258,345677,746018,20,6
423405,590755,536974,996037,22,8
73986,982588,222589,923565,35,45
63925,889342,94040,369602,13,41
128032,975545,92753,476332,19,42
23076,866412,1851,727768,36,42
116764,189591,17371,865929,42,3
40649,861941,16266,996281,49,41
820814,853781,224823,956148,36,1
29001,780717,229972,946912,35,37
581939,899340,124967,754963,31,15
37066,867856,124149,267233,7,41
7889,647307,144108,854519,35,31
29839,782586,324090,578213,12,37
338264,862196,13991,804434,39,26
46503,957066,432900,586147,7,45
80383,600107,3014,993515,49,25
245191,852342,357759,727433,18,30
812017,962191,693808,728150,1,7
71368,317617,432794,917141,24,12
882,989218,24644,938134,45,49
523141,976119,276401,989182,35,22
356573,367850,10348,381834,18,0
85140,175783,84242,835948,37,4
61892,821300,109217,974697,43,37
83301,577658,2508,829589,41,24
295871,960004,416385,988796,28,33
69464,867300,211063,409272,9,39
587046,740146,245629,545345,14,7
100289,950596,39397,329369,14,42
676166,854180,273557,577735,15,8
207499,223417,22397,555487,26,0
430694,509377,244518,616150,18,3
12831,388938,118394,959651,42,18
66662,926170,55568,917921,43,42
671294,945701,214697,561249,17,13
147233,699220,615190,747100,6,27
25400,970384,55420,505407,22,47
329121,975974,329757,913257,29,32
141154,556784,627386,806368,8,20
664392,901346,731052,852789,6,11
564409,920614,542756,772342,11,17
460224,498965,49724,936153,44,1
1996,993618,601082,699640,4,49
384533,949251,436779,994104,27,28
125674,149331,343249,478226,6,1
306780,951848,778369,987393,10,32
622375,757752,64156,990459,46,6
111642,936485,207484,947551,37,41
551417,885635,612524,900777,14,16
202358,356515,370725,373440,0,7
449069,848517,137798,178169,2,19
16934,987904,63578,670742,30,48
26129,877641,29558,847264,40,42
482995,835073,415348,617334,10,17
29233,249992,13975,983343,48,11
141922,928112,57904,921244,43,39
88757,595885,323404,567720,12,25
436116,993258,459922,473680,0,27
13317,984597,10950,924938,45,48
558742,720900,215269,575940,18,8
151831,754737,602046,834987,11,30
107539,580928,77020,908149,41,23
171246,924980,209708,759675,27,37
340633,979113,89125,865958,38,31
355156,977732,358362,813618,22,31
409564,654792,103849,794952,34,12
122766,910645,267171,342367,3,39
291866,726383,74607,795142,36,21
75148,838345,40878,793489,37,38
259147,908676,46299,917012,43,32
104909,959965,13179,354275,17,42
15223,987623,21063,110279,4,48
78895,775153,19268,796127,38,34
12682,999585,265031,476014,10,49
445763,554608,23384,334792,15,5
139019,958534,444857,509121,3,40
567614,781594,258390,397011,6,10
326432,370627,74756,700646,31,2
184454,983292,312215,696753,19,39
2045,924118,324220,914902,29,46
97878,808231,37110,900924,43,35
625060,864225,832727,983044,7,11
447263,827948,50390,899231,42,19
37914,654728,374734,419537,2,30
77387,846523,89944,971052,44,38
553414,967654,98589,436151,16,20
94590,668685,174619,932687,37,28
342154,479492,107164,961217,42,6
431701,634759,271604,728869,22,10
678385,874395,223732,665168,22,9
116105,698730,367374,817458,22,29
441790,919749,49304,990642,47,23
633361,829584,133160,538398,20,9
227878,469626,51986,838205,39,12
26904,993366,271217,947552,33,48
340676,488955,211295,573335,18,7
23497,994236,237108,872547,31,48
344671,800294,125143,709822,29,22
32852,966458,741550,746909,0,46
20240,452380,3116,826790,41,21
302345,689315,574602,980806,20,19
1963,978258,202894,925698,36,48
504228,910221,632057,688524,2,20
97271,361771,179713,967863,39,13
138181,830386,17912,955676,46,34
443061,625007,33234,944604,45,9
313767,994262,52303,965713,45,34
166300,895566,155539,313568,7,36
188931,392461,304542,536430,11,10
612036,809641,16878,639734,31,9
177022,337273,432239,758554,16,8
415313,741902,766146,815535,2,16
83614,861738,933317,960177,1,38
124657,240162,434606,771476,16,5
379424,628981,156290,213481,2,12
101724,945224,63860,683667,30,42
111334,913721,414224,987411,28,40
67318,998446,40155,162486,6,46
247438,697994,112044,805000,34,22
55782,809332,110380,411350,15,37
30118,718927,173440,990065,40,34
123475,641499,232284,499199,13,25
21158,990114,207695,558774,17,48
539174,789840,457948,632116,8,12
130347,768117,202768,613526,20,31
112308,337818,402537,728660,16,11
18242,917555,807674,951018,7,44
790066,834956,434188,730069,14,2
159146,616801,178035,649422,23,22
272517,670582,152471,872110,35,19
657454,870917,704311,812223,5,10
73171,981163,79135,873323,39,45
6861,952116,26574,709675,34,47
6478,997096,80185,941293,43,49
70589,775287,529417,797682,13,35
623512,655640,657528,750691,4,1
328300,700403,148574,546670,19,18
94680,285253,250159,634395,19,9
601151,653248,231766,386188,7,2
768019,959310,25172,981206,47,9
606211,853416,8039,683198,33,12
302304,947233,614801,924581,15,32
587181,919736,488977,940088,22,16
320345,677632,527328,611386,4,17
198009,658270,71374,219644,7,23
478,997102,147286,173988,1,49
296823,695082,193463,948814,37,19
223038,970435,219664,542291,16,37
265366,533228,468751,612337,7,13
60713,509053,506655,919031,20,22
403014,714424,9042,595466,29,15
61243,73152,427687,988142,28,0
52630,943005,56707,770178,35,44
182128,228921,783012,985189,10,2
55958,966200,73721,833255,37,45
321593,831738,164073,902294,36,25
145732,695217,935568,990191,2,27
236646,335790,374482,388488,0,4
331590,951666,189,999993,49,31
229969,576257,660209,791718,6,17
47858,610996,349289,533522,9,28
136493,677919,730776,977632,12,27
380682,813145,255791,942359,34,21
232276,415793,657958,941968,14,9
132876,991984,17372,915818,44,42
42866,989870,26101,997270,48,47
361259,641323,116811,673147,27,14
565148,566473,187249,836898,32,0
485027,922140,81905,952715,43,21
607712,627495,120211,966198,42,0
505656,857703,191409,757267,28,17
179751,828294,165306,536552,18,32
12553,685577,705030,880417,8,33
204118,925775,99834,480253,19,36
268098,410900,274533,955579,34,7
99046,672226,31601,916038,44,28
106307,991142,406276,757598,17,44
216039,727772,130981,608356,23,25
504832,989376,47047,790725,37,24
96833,798978,213746,954184,37,35
117783,737162,65648,658018,29,30
90387,383419,81539,778351,34,14
5916,999352,177337,859894,34,49
99302,874427,236688,720870,24,38
267597,484744,312428,835593,26,10
188446,334942,188889,932424,37,7
126642,726453,365560,832598,23,29
4447,978788,1791,993363,49,48
294279,702072,211994,913874,35,20
101069,804691,226961,818293,29,35
100990,943194,134184,554475,21,42
5095,996380,174331,372216,9,49
1600,979742,224397,917581,34,48
520024,630435,447464,687668,12,5
157795,931386,201687,868424,33,38
681639,869503,785607,979853,9,9
80237,183015,27105,823175,39,5
67934,986155,32872,972973,47,45
87620,310551,19676,972596,47,11
8817,969358,825102,849416,1,48
67500,966815,24368,942784,45,44
110453,644857,139442,918979,38,26
406971,848370,21664,786103,38,22
371311,751463,573402,654898,4,19
132011,976220,174540,999939,41,42
280618,895136,384915,957969,28,30
553915,714777,13358,840197,41,8
332973,965147,30384,902515,43,31
121362,770925,390566,550430,7,32
869866,992699,113234,391447,13,6
28340,991274,633955,878190,12,48
115119,865259,226209,249130,1,37
473584,848439,132263,143669,0,18
170141,616528,86495,990692,45,22
262735,830612,320138,532555,10,28
817488,927949,707682,910704,10,5
838761,900727,783530,915203,6,3
452716,682675,263084,662142,19,11
212329,947555,423785,537470,5,36
557820,595669,247759,572615,16,1
346071,961291,36701,326965,14,30
178417,701106,13285,992805,48,26
686960,932713,229309,696805,23,12
424522,756813,515765,793726,13,16
43997,871225,139141,857023,35,41
59249,81731,105445,624658,25,1
39979,988071,730603,923310,9,47
283904,796964,378630,532926,7,25
188934,996303,260445,992463,36,40
405365,987656,378525,882465,25,29
135308,891819,547709,615513,3,37
265601,411150,314694,875863,28,7
59461,231909,371481,948708,28,8
45,999214,290380,614163,16,49
28268,673841,610677,831662,11,32
333313,898841,108600,847778,36,28
246886,655534,37282,900144,43,20
570810,891027,15868,900991,44,16
41593,955902,55093,892274,41,45
211882,991730,168225,970195,40,38
134092,213035,489513,515964,1,3
51382,189031,262090,318025,2,6
74188,762580,564560,877008,15,34
119817,844100,489332,700367,10,36
58366,393730,547623,779944,11,16
197910,248058,1268,985935,49,2
28401,974030,4526,903749,44,47
2582,978000,827295,947402,6,48
207672,826484,204954,890988,34,30
46519,654505,70314,210496,7,30
16798,982263,246259,767799,26,48
336645,997847,686754,973945,14,33
79251,639225,236446,737569,25,27
98743,599125,636301,691011,2,25
465342,802542,306681,930802,31,16
226308,951433,131160,836452,35,36
193116,717697,366299,644789,13,26
95309,570094,79266,969128,44,23
414888,731278,666560,759163,4,15
345770,948691,40102,956031,45,30
107910,980301,40680,226019,9,43
65640,792904,15875,342580,16,36
473161,628562,118026,936890,40,7
128709,865110,430520,601866,8,36
140257,317643,812486,818723,0,8
77874,803801,481601,714095,11,36
3448,994459,64365,775083,35,49
245408,791869,228311,757376,26,27
456541,881507,157921,967131,40,21
1268,999986,319401,907882,29,49
666020,834863,7204,952516,47,8
160031,403345,424917,435786,0,12
34361,549374,124928,612263,24,25
13032,987630,397534,403370,0,48
34842,790588,234,999288,49,37
213201,676028,174092,949740,38,23
11052,821051,121115,737553,30,40
55547,424326,600312,664708,3,18
116112,910898,200791,308436,5,39
177365,287488,72669,791549,35,5
103261,403121,387626,795200,20,14
117594,541148,102110,681662,28,21
323339,472406,49359,438974,19,7
794419,858750,289389,494069,10,3
648721,697371,177496,559195,19,2
11039,998077,120181,934267,40,49
793892,960270,448495,849913,20,8
22425,935309,301155,884535,29,45
460861,899566,321382,878662,27,21
132876,803969,157907,752291,29,33
320314,752400,593700,685429,4,21
227853,418647,689296,944766,12,9
42052,169353,60088,838578,38,6
34754,885069,205061,682507,23,42
330911,921742,203893,952939,37,29
54260,898274,116639,869766,37,42
50817,812564,115107,976545,43,38
569114,733910,42451,979745,46,8
156158,303696,571690,842055,13,7
680799,896390,26472,948736,46,10
345134,842322,403288,684488,14,24
103392,943689,227345,447565,11,42
130396,959818,693851,854845,8,41
398043,707217,110288,949576,41,15
303857,346141,173977,736800,28,2
113384,656647,160979,302369,7,27
180581,399426,586810,834440,12,10
115310,676836,580312,816162,11,28
70336,667928,103006,926355,41,29
614025,845039,177074,982364,40,11
419258,908859,28420,874744,42,24
259573,316264,37080,990479,47,2
366367,723022,3248,999387,49,17
504584,759229,463612,918312,22,12
676958,842954,197045,946396,37,8
14114,936582,43954,811745,38,46
3371,992464,176165,974101,39,49
422488,930322,52665,828946,38,25
192639,545831,74051,892130,40,17
378947,968476,84202,965290,44,29
108785,814451,412215,892958,24,35
427634,939048,209966,760243,27,25
481021,803346,144230,512291,18,16
9010,615459,473494,683442,10,30
109732,246913,39326,911425,43,6
436315,821802,313362,488358,8,19
475896,983801,148721,979185,41,25
112759,946005,509991,868339,17,41
718096,860338,234615,935632,35,7
144261,926449,23108,932846,45,39
469246,837476,591490,822458,11,18
48935,985214,87548,972655,44,46
257944,969930,589530,974265,19,35
568699,840585,285135,792410,25,13
328908,743369,737421,878628,7,20
6175,898896,197329,418302,11,44
937072,993796,695067,938852,12,2
423988,489305,28401,970022,47,3
457181,961963,372276,971029,29,25
8403,882972,638775,995011,17,43
393891,873183,73446,778988,35,23
48825,630873,121578,824822,35,29
389761,623658,107674,887691,39,11
9004,934663,633004,924358,14,46
63304,354869,318642,715630,19,14
207192,577979,190369,805924,30,18
313888,477982,99514,138203,1,8
507600,536362,191055,497815,15,1
229883,961994,34203,818878,39,36
188738,396699,779260,869297,4,10
311459,328754,278599,939658,33,0
162836,992139,27426,946915,45,41
530572,781047,321769,541740,10,12
10862,991905,24389,993806,48,49
8517,818500,559684,984358,21,40
233963,691272,19488,947591,46,22
392083,821747,379000,824507,22,21
468793,936522,331544,893495,28,23
588119,994156,283436,763550,24,20
575571,691979,362789,711742,17,5
73700,605953,186906,519129,16,26
552798,857385,96249,849714,37,15
28671,843590,7073,949097,47,40
527603,554917,11345,872801,43,1
156633,435166,334276,505156,8,13
653121,990382,346611,425555,3,16
707301,917799,104684,568980,23,10
333007,400517,386453,550674,8,3
245431,587435,392199,717069,16,17
521474,967116,589457,840606,12,22
604135,911195,90854,230058,6,15
471849,545738,80914,908554,41,3
98816,910894,42406,947606,45,40
70923,726473,561925,953650,19,32
498666,645007,188596,695342,25,7
747186,896582,510677,578851,3,7
143994,789342,121146,367006,12,32
14020,902667,595127,804056,10,44
100919,996312,675654,843117,8,44
191991,955328,115078,971851,42,38
111205,505670,99289,972923,43,19
210883,279663,5776,93971,4,3
397459,961624,274512,578315,15,28
20552,859707,140856,165064,1,41
312348,955544,211683,711023,24,32
305423,687750,154731,973573,40,19
67544,908276,192005,721652,26,42
550562,898408,243482,837954,29,17
508211,516236,3312,783200,38,0
97990,874190,406504,808011,20,38
556144,958032,27131,767499,37,20
231184,353411,102096,657292,27,6
324557,781718,971,642712,32,22
498024,902491,277704,657419,18,20
455071,804900,607000,858663,12,17
38184,55207,31487,964319,46,0
4911,962333,680962,821976,7,47
69135,179952,362,623344,31,5
453373,618197,2015,479811,23,8
54586,847032,170850,538045,18,39
64879,916034,673151,854672,9,42
274398,848865,82562,460152,18,28
258991,822965,221257,547358,16,28
73806,938647,113859,855517,37,43
214453,537675,21382,976431,47,16
431269,545857,83066,953127,43,5
381324,612834,314084,969644,32,11
230705,539924,104390,982932,43,15
55542,941565,179127,803258,31,44
75122,787940,116068,952074,41,35
69913,850753,34459,246972,10,39
171392,929368,57471,218768,8,37
207296,837071,59151,881759,41,31
183323,761208,11960,812701,40,28
176579,981768,151909,906052,37,40
213656,469642,486178,918798,21,12
853333,973167,21217,217456,9,5
21026,410167,88997,971995,44,19
206787,955708,9416,696032,34,37
402080,956579,692628,926999,11,27
169525,422304,58219,959376,45,12
755034,973688,400934,468391,3,10
23221,597354,98996,975853,43,28
34237,987510,553881,887943,16,47
298302,591464,509683,864017,17,14
704309,915423,424998,766338,17,10
124135,866292,180754,823170,32,37
3641,952004,93711,931636,41,47
452654,766362,9136,914561,45,15
308509,985887,202229,825699,31,33
50182,852625,400347,700321,14,40
21547,834132,26292,965048,46,40
599800,656448,617140,972029,17,2
392982,957784,48967,836196,39,28
13732,930077,72622,648739,28,45
164282,164836,201095,694804,24,0
28500,969622,56033,692708,31,47
129365,243365,262415,401424,6,5
98974,600117,491958,895745,20,25
120033,629924,38694,995213,47,25
474794,580968,23856,180372,7,5
292439,929931,295247,799775,25,31
171725,505571,468604,724491,12,16
459403,707081,17463,973333,47,12
30838,554213,102145,332230,11,26
343710,974068,231545,802966,28,31
850297,851012,599726,983894,19,0
365786,695626,76651,766681,34,16
261084,961222,684122,997137,15,35
136692,698961,295698,877456,29,28
115954,992163,256792,680724,21,43
273276,662349,303465,929500,31,19
222927,673985,127935,515891,19,22
48565,986277,479918,630955,7,46
457733,508634,767137,774287,0,2
88910,999709,69389,759448,34,45
11673,881461,77147,359172,14,43
179126,668994,588983,946797,17,24
47494,956459,221627,621351,19,45
826081,868776,45851,864131,40,2
318728,982577,11352,770743,37,33
117194,620516,54298,952509,44,25
9279,890928,151428,943830,39,44
1385,878522,328403,362170,1,43
6078,983388,359207,684686,16,48
550438,765082,11056,773802,38,10
615090,905314,147389,923444,38,14
172821,782237,66522,379934,15,30
261068,668217,763306,850584,4,20
807407,999435,663790,764747,5,9
300014,470806,116560,934449,40,8
369527,848038,136656,860834,36,23
155950,883812,50576,986876,46,36
305553,354652,3626,938356,46,2
5370,997452,348190,399965,2,49
270443,271223,806765,976412,8,0
491464,999971,11142,689541,33,25
784940,941321,730103,938697,10,7
475137,976622,12789,930843,45,25
278600,438647,63780,190597,6,8
44960,968970,440466,534400,4,46
28664,865381,226241,421538,9,41
93765,933202,119930,999540,43,41
135006,729565,6172,870507,43,29
114526,856508,88154,836123,37,37
285403,532124,37946,852684,40,12
194766,642210,116452,932125,40,22
501055,938320,146535,899240,37,21
309328,949302,144024,988244,42,31
171819,780878,298868,901355,30,30
78966,767263,80531,195280,5,34
353024,850469,116331,318745,10,24
62912,846611,782982,836854,2,39
37065,963739,316325,374192,2,46
431832,942690,480556,491602,0,25
41415,374574,88754,894878,40,16
44986,169005,604607,725218,6,6
765488,949260,36607,923884,44,9
159083,415384,203486,468634,13,12
5451,324271,29810,749748,35,15
471519,698912,126238,861566,36,11
69583,204350,217513,550447,16,6
176074,843099,89872,618050,26,33
730214,732067,923,208939,10,0
30531,999508,630956,783655,7,48
16384,585857,65148,734593,33,28
101575,897882,64123,892430,41,39
321651,525946,377142,872351,24,10
473031,676347,8804,56045,2,10
158656,564105,824126,841056,0,20
32496,260348,495320,900570,20,11
122965,706584,352274,833786,24,29
717669,778108,164603,788305,31,3
27165,49653,10642,954884,47,1
56188,550184,160571,431662,13,24
427304,465796,160588,654318,24,1
15691,351352,313767,398921,4,16
626165,908316,137143,935427,39,14
116590,674708,62148,977785,45,27
677577,836956,186462,282936,4,7
162247,576500,311682,961487,32,20
385813,860508,597887,675031,3,23
212888,747857,315618,976003,33,26
48782,992429,3630,998685,49,47
151191,696120,142579,604523,23,27
301665,758334,155985,661439,25,22
96665,993393,199340,696857,24,44
15261,977134,92682,278382,9,48
877592,958148,181488,799499,30,4
53437,912042,117620,520752,20,42
416126,770653,175143,478115,15,17
142040,906709,26226,944606,45,38
212697,923249,177790,825789,32,35
80896,779618,91638,727826,31,34
49355,455589,342817,745714,20,20
254945,738823,143933,750590,30,24
657686,944933,667273,688092,1,14
114,897274,4624,973000,48,44
752264,903398,600863,750914,7,7
39745,88530,383968,500876,5,2
54266,146267,477209,550969,3,4
189438,927931,283036,413930,6,36
88112,804973,216265,926865,35,35
74132,293285,128922,413528,14,10
91507,639829,743908,765935,1,27
452285,816301,163201,438130,13,18
317970,904636,44411,565689,26,29
495355,969657,112215,778070,33,23
139680,683506,223049,989574,38,27
95559,964220,270510,907895,31,43
25168,208936,418460,725910,15,9
44039,946178,22152,657500,31,45
455636,623158,99092,761993,33,8
347546,824448,52824,961226,45,23
259427,867623,438226,891249,22,30
85693,982583,66602,539456,23,44
197282,361336,506374,767250,13,8
823179,849284,140299,914224,38,1
45605,359765,194873,922793,36,15
248982,447781,133270,899953,38,9
427021,857358,253629,747936,24,21
173592,468587,80337,891430,40,14
40868,384810,167498,187515,1,17
662853,714421,514824,743774,11,2
199691,894453,73512,785299,35,34
77107,906686,44130,652346,30,41
110673,866629,89371,286599,9,37
95747,602198,169161,859392,34,25
609464,919541,128488,558891,21,15
476839,828362,776933,971534,9,17
389992,549003,112022,932308,41,7
192966,345267,263670,856365,29,7
301383,998316,604077,762066,7,34
1950,965252,483930,975137,24,48
481615,913795,831821,884565,2,21
105043,862424,107963,994298,44,37
328339,561138,106458,862368,37,11
147732,475442,582423,986518,20,16
578139,581911,69746,956118,44,0
74008,996174,344658,986233,32,46
693878,961165,55931,988208,46,13
688937,779156,440010,666774,11,4
93381,324009,317009,773451,22,11
141157,695359,26271,567662,27,27
56126,977144,133674,916254,39,46
384856,943475,543960,849828,15,27
271410,497214,29,999972,49,11
21808,933966,355769,368658,0,45
20905,992199,385940,454048,3,48
536412,863340,85655,943453,42,16
14637,218380,404276,623629,10,10
35970,71797,479283,492430,0,1
24526,374041,11592,875402,43,17
114713,253775,463935,839405,18,6
5396,911149,3326,973358,48,45
379543,541048,215007,947660,36,8
326100,688111,386523,603330,10,18
592807,864115,764589,960551,9,13
75673,943078,132664,358307,11,43
467021,509070,43009,953802,45,2
44975,987388,728638,981208,12,47
244264,521875,12103,988208,48,13
401234,617174,340579,905450,28,10
293405,355963,23072,991028,48,3
122222,871125,443193,576545,6,37
468380,699968,106275,624315,25,11
96403,958966,161236,684112,26,43
425912,845146,114768,630972,25,20
77970,609122,101515,561194,22,26
18391,923029,42938,888967,42,45
5735,993814,72847,482591,20,49
162652,940022,148758,450345,15,38
554112,897645,616401,791583,8,17
244033,868831,562355,805643,12,31
194789,850674,172170,836302,33,32
171377,768581,27799,791775,38,29
160953,981341,157123,886881,36,41
144976,538028,279997,797609,25,19
319748,993990,115443,584558,23,33
662140,861885,215490,493109,13,9
173482,734543,108768,807645,34,28
193802,994331,160932,413334,12,40
250136,743822,24384,833451,40,24
40404,960926,142313,888770,37,46
53350,925362,578337,620995,2,43
21809,752238,366523,732232,18,36
802499,933294,134445,925598,39,6
167685,897331,217785,565973,17,36
445078,531841,332108,612264,14,4
67631,190386,832876,987338,7,6
362644,933768,135686,425917,14,28
34940,939601,262703,527118,13,45
137414,960655,98472,495009,19,41
174234,383067,436788,876667,21,10
48819,970599,152605,826190,33,46
304467,954412,474557,541793,3,32
134276,888017,9377,827574,40,37
180931,327942,382515,870134,24,7
281727,650373,48592,728792,34,18
178,994259,224988,613428,19,49
17696,621087,254294,748204,24,30
171162,564964,686550,949469,13,19
524665,645135,60684,677335,30,6
335823,618198,198738,532991,16,14
215776,987183,730937,931821,10,38
553982,819248,22334,653767,31,13
26957,989934,1862,963642,48,48
242987,922537,9423,917722,45,33
374224,849388,341631,883237,27,23
753986,780735,13481,997672,49,1
159792,883387,324900,847250,26,36
165011,621570,769594,928551,7,22
51124,791870,31287,985725,47,37
660439,929376,2581,828078,41,13
3109,997497,651685,731098,3,49
355426,916374,613961,739159,6,28
230433,646958,2550,967475,48,20
52513,994216,46519,907076,43,47
246595,427170,55236,230239,8,9
735265,922508,9795,853539,42,9
5522,946905,75403,671241,29,47
356095,869473,162558,864172,35,25
185428,302844,165936,242061,3,5
180915,487833,119310,929923,40,15
165092,183963,766687,900468,6,0
103475,426774,273445,788422,25,16
60313,852957,132590,675181,27,39
818273,862889,481583,578151,4,2
176425,435266,460391,965756,25,12
149387,942373,159104,675995,25,39
508331,603234,82519,498058,20,4
146793,899026,307071,811762,25,37
72761,300059,585789,629781,2,11
37136,216028,139671,677524,26,8
218731,896828,515893,769027,12,33
400485,986994,369869,966469,29,29
64003,759339,238447,412829,8,34
113149,232791,13995,843381,41,5
24518,914155,59329,997803,46,44
179829,759175,32064,391920,17,28
345376,772078,209876,982259,38,21
38406,921002,441692,490947,2,44
57241,92209,240038,882494,32,1
919515,953014,77912,790921,35,1
16292,941576,263459,576182,15,46
26531,976333,168616,825269,32,47
396285,926139,151504,283538,6,26
500571,830168,68440,734684,33,16
255619,278240,504700,897490,19,1
734042,939194,364903,380193,0,10
659927,756583,575583,926569,17,4
528791,979003,275962,763609,24,22
715636,827835,224528,996361,38,5
583980,851122,202432,435963,11,13
653862,755458,298872,822108,26,5
410005,616147,197430,916291,35,10
13774,994312,404736,972448,28,49
519291,797396,165641,967095,40,13
27912,52443,11691,972513,48,1
64494,582165,50435,847569,39,25
174963,660251,97841,790250,34,24
92574,953822,414104,617221,10,43
591739,987992,13207,949802,46,19
390526,780136,47989,950987,45,19
113116,357465,152612,698232,27,12
78667,756233,149562,598201,22,33
114824,964587,173062,796295,31,42
340598,535366,99760,583313,24,9
578790,715864,54543,808899,37,6
136628,930694,390389,857529,23,39
10779,585489,856101,998722,7,28
73816,730740,837014,842791,0,32
468733,650615,22431,589430,28,9
286523,661570,169618,574015,20,18
590788,883620,515788,996294,24,14
32260,839254,102587,910910,40,40
727334,997846,116976,423678,15,13
811596,839724,10924,861416,42,1
512866,842878,129906,727551,29,16
434342,671139,168059,667124,24,11
215027,913605,753624,940460,9,34
489956,933515,133930,862608,36,22
38685,953840,330488,777897,22,45
44368,298023,31116,898511,43,12
373496,923906,27597,978297,47,27
21534,241775,599532,894893,14,11
97623,682921,33532,818227,39,29
34788,958706,6216,996227,49,46
156052,823441,36066,996403,48,33
37979,212882,90944,868830,38,8
646737,725778,111142,716835,30,3
106889,544116,788378,899996,5,21
530035,859149,301149,959624,32,16
456685,634003,124127,821655,34,8
11857,997055,156376,998050,42,49
111707,902682,42062,780649,36,39
407607,629996,66751,429220,18,11
46902,930419,234185,897176,33,44
17885,850979,316396,575898,12,41
319167,937672,708747,729511,1,30
479402,719949,639381,979237,16,12
91523,268404,5167,911913,45,8
636017,904029,355853,742914,19,13
308541,993492,505129,860317,17,34
65705,199019,308940,662526,17,6
39358,995757,455463,738795,14,47
160260,459275,345311,708838,18,14
9113,976116,267359,846575,28,48
38338,765707,529681,793455,13,36
118915,963335,387856,656661,13,42
150342,241734,499443,868550,18,4
23310,978058,198211,940521,37,47
4853,977014,457484,921381,23,48
315312,701442,227342,549995,16,19
13231,322682,383876,429843,2,15
421474,661565,535269,759225,11,12
7439,988960,499129,940109,22,49
64443,870910,618319,938286,15,40
57799,947018,411758,920559,25,44
4240,444364,497086,511541,0,22
195952,952040,359931,589538,11,37
310408,857291,264878,832945,28,27
717923,818824,155501,523094,18,5
204660,754823,408630,772653,18,27
179059,830133,16052,100010,4,32
874693,894003,61692,971905,45,0
13186,889000,37902,926507,44,43
346964,730885,335543,479086,7,19
296574,679078,179033,941533,38,19
213390,518818,618491,776346,7,15
229866,336026,929093,940885,0,5
13496,660058,173032,872116,34,32
92906,320572,288192,857617,28,11
99170,352000,140524,390526,12,12
881914,940618,253437,911775,32,2
190437,826286,11866,991816,48,31
20199,986666,284819,337360,2,48
62282,973131,53528,945212,44,45
117735,875995,173290,468562,14,37
12562,558131,86049,783691,34,27
236085,834674,160256,808345,32,29
61177,522085,464138,689352,11,23
164286,743578,271722,683903,20,28
88399,940218,114448,878264,38,42
96628,912564,56936,852751,39,40
272987,698923,431626,606828,8,21
106578,972397,240255,755210,25,43
449932,753889,21574,974677,47,15
233492,657409,155312,227719,3,21
386945,647219,160217,861800,35,13
228921,413790,37601,121381,4,9
186170,830323,186231,968062,39,32
306732,712993,341287,950219,30,20
166001,830819,26685,951324,46,33
228529,300769,119791,852427,36,3
104919,374924,66729,735957,33,13
121650,932803,118744,527566,20,40
408565,673784,864829,932243,3,13
243802,713594,12598,936422,46,23
80690,234291,186740,956085,38,7
817220,854853,173314,836546,33,1
33416,566799,15601,573321,27,26
209682,600393,127080,506988,18,19
35086,594439,17299,636318,30,27
312912,584789,57725,672761,30,13
32771,843674,421022,432228,0,40
215272,317620,178395,678961,25,5
178562,893153,448289,500002,2,35
41975,457374,144371,950372,40,20
508304,922379,314402,899376,29,20
6616,949891,144554,855108,35,47
52393,418956,192972,354097,8,18
293417,936370,75147,985699,45,32
355558,826818,574984,859388,14,23
19408,405590,850802,963429,5,19
179400,718369,133617,878309,37,26
82154,388355,83194,468542,19,15
622515,791509,739101,895240,7,8
126025,997834,145612,811348,33,43
254766,850944,342128,637587,14,29
441704,862294,356638,749137,19,21
453231,740636,125359,785428,33,14
120304,921593,518650,880740,18,40
569093,997490,186298,471958,14,21
325465,391534,30377,492099,23,3
663108,942423,685222,926056,12,13
538709,876441,574274,973793,19,16
198156,666392,260379,297992,1,23
271082,985396,35086,944466,45,35
111106,951855,196545,575537,18,42
245785,910307,96883,148648,2,33
623012,813202,79303,119234,1,9
39500,837701,158123,418462,13,39
183636,951889,41855,971726,46,38
281012,995961,3331,768469,38,35
420570,500003,275659,432378,7,3
332857,984149,238998,273594,1,32
245784,544421,631771,701445,3,14
706669,777295,72229,998687,46,3
223078,867820,21156,622042,30,32
10317,469424,11611,643839,31,22
700107,700686,22484,886740,43,0
43700,138196,94526,999910,45,4
232719,782980,255611,932920,33,27
23733,887455,76305,451493,18,43
365634,461103,174374,261398,4,4
23684,321524,470691,662527,9,14
612406,667366,414955,871928,22,2
267830,455449,155,920163,46,9
4094,529389,97244,694814,29,26
185312,954642,621088,968822,17,38
481443,940655,101666,366780,13,22
390867,874265,260097,642263,19,24
128332,254790,4446,995384,49,6
442972,971639,12700,897716,44,26
59845,745954,107561,788478,34,34
65393,363355,378241,530900,7,14
473919,526340,963683,989601,1,2
480777,958729,244883,355073,5,23
641708,670418,317388,472337,7,1
69,833574,11533,959071,47,41
47691,963955,524219,663027,6,45
462625,516285,31435,900303,43,2
134063,881094,307044,697023,19,37
17697,893951,256705,422941,8,43
106721,923077,166881,929757,38,40
298055,593391,10691,832409,41,14
157679,250086,86547,905734,40,4
35519,300245,623102,954671,16,13
352908,975110,262459,371172,5,31
93883,341569,13343,628524,30,12
321703,404114,8867,883583,43,4
125028,548620,69802,950048,44,21
15719,997001,390070,882066,24,49
49436,984751,402171,964314,28,46
154856,973258,134588,261198,6,40
467289,860144,224078,685526,23,19
633979,923572,97348,993157,44,14
44927,305541,608184,640827,1,13
252008,341381,11675,999080,49,4
108197,895448,14032,767222,37,39
692853,820489,52985,580121,26,6
284537,778580,306205,464642,7,24
56782,254755,80192,799693,35,9
11524,256457,439977,822408,19,12
34551,750516,546458,651906,5,35
340627,886123,886651,956859,3,27
19274,787278,97416,187698,4,38
16559,837457,118817,931674,40,41
1198,996438,107352,835017,36,49
133845,975644,239625,942115,35,42
691136,915220,424325,533564,5,11
142631,529351,11457,986661,48,19
21107,468317,545337,617134,3,22
94232,311332,371506,979053,30,10
98524,681159,317014,566226,12,29
216674,270660,93050,276273,9,2
528378,646449,110748,704402,29,5
603568,639934,236922,932385,34,1
365943,787767,221045,894313,33,21
217586,564571,169644,278560,5,17
111113,814208,30151,966899,46,35
71998,804824,321726,346623,1,36
10988,978920,67189,999028,46,48
489611,998282,355271,518127,8,25
213266,982565,13745,583837,28,38
398683,633300,65196,943154,43,11
28864,718116,1365,999886,49,34
38158,713762,110225,820397,35,33
571072,890489,283140,614328,16,15
458369,901872,26075,367013,17,22
662658,755508,116483,428892,15,4
741035,835631,564782,716038,7,4
66025,842432,339595,579300,11,38
52739,954165,562796,859739,14,45
412652,715750,250273,500666,12,15
1973,984632,579250,752951,8,49
58365,701532,209713,958507,37,32
194169,965558,420293,818605,19,38
275618,352739,98183,150125,2,3
112877,213630,420621,469710,2,5
8253,995208,365261,678436,15,49
93117,534710,82862,167935,4,22
156461,986523,43389,360800,15,41
206774,784166,386619,871467,24,28
118731,236072,459517,566252,5,5
30995,991469,350089,773815,21,48
45699,185016,262868,468682,10,6
738210,980881,391932,578699,9,12
21346,670155,225985,986203,38,32
627449,729154,39641,439286,19,5
2117,999843,558158,904040,17,49
256924,939769,735165,963754,11,34
184380,526474,156355,893176,36,17
510122,530012,97976,902237,40,0
156209,931338,154906,750202,29,38
43526,882668,90421,866060,38,41
668165,944970,336204,603504,13,13
129916,624615,7164,421954,20,24
274520,791652,366801,875380,25,25
78582,746924,358631,690952,16,33
52429,723339,139757,163917,1,33
502658,637450,594223,828783,11,6
132167,996279,1856,996100,49,43
649286,922422,138750,268550,6,13
306969,715407,91129,990070,44,20
696950,808901,145954,996260,42,5
558804,778753,125355,162552,1,10
194999,206258,507662,600551,4,0
480641,502799,15451,952049,46,1
138531,673762,511753,926421,20,26
398693,985465,142299,690046,27,29
176472,981387,19954,72339,2,40
46795,938924,195702,958332,38,44
14698,996605,777458,913036,6,49
120335,324985,149245,878665,36,10
454089,935777,357713,838246,24,24
2491,768715,153823,982485,41,38
668708,932694,306270,853053,27,13
37857,969651,269570,527134,12,46
201037,971191,469087,613851,7,38
41145,968878,204126,721117,25,46
9584,998334,586137,881557,14,49
39157,928541,571051,757017,9,44
37000,776665,534780,580084,2,36
663325,843498,9578,742756,36,9
511325,843238,3271,836955,41,16
109988,339237,280755,292622,0,11
553144,564771,110270,437407,16,0
33684,533029,24994,951573,46,24
51519,978922,296728,746636,22,46
699829,810308,192511,687999,24,5
113225,249271,739204,831137,4,6
20895,785361,385184,640716,12,38
20403,839760,180472,369121,9,40
5086,595980,44515,144072,4,29
659072,733191,70170,574447,25,3
487891,860756,351292,776204,21,18
49284,967638,200897,860859,32,45
198375,730603,25365,928376,45,26
27628,746728,775026,805606,1,35
148380,996250,451176,591975,7,42
328446,965445,376959,445525,3,31
119456,313192,177227,400272,11,9
402230,861204,20746,920415,44,22
102574,984472,282154,354839,3,44
16628,593531,521486,597513,3,28
50100,960220,515144,571358,2,45
616740,880440,11409,997107,49,13
449751,506097,231584,781693,27,2
727358,766109,201078,951038,37,1
691,736560,751936,995395,12,36
783406,904307,63574,566729,25,6
33108,982281,756908,773400,0,47
71444,605791,538177,879373,17,26
257158,852664,55937,905104,42,29
165878,725521,243690,647017,20,27
783792,850097,30208,839852,40,3
267964,832822,8656,986040,48,28
108658,619378,1852,923980,46,25
491053,834783,60694,974231,45,17
200464,350782,43048,928426,44,7
20878,684567,14753,973863,47,33
293735,435771,69204,402314,16,7
195165,974437,339333,967003,31,38
549875,750839,309546,709435,19,10
539374,609632,205451,875663,33,3
7024,988015,323140,700172,18,49
28145,916827,38218,933933,44,44
152447,922321,18363,992238,48,38
251993,468972,316166,997297,34,10
54368,816417,307500,318859,0,38
119328,501046,734281,963903,11,19
720315,733726,75255,130283,2,0
65354,767626,335213,506126,8,35
580027,648262,76764,936867,43,3
157252,462359,14691,996761,49,15
258735,529510,42347,464045,21,13
79325,827215,29404,956368,46,37
185054,550673,97765,760815,33,18
574633,725608,527603,690859,8,7
803952,856985,583193,883479,15,2
147209,563268,450028,682923,11,20
24810,885325,250573,492519,12,43
350160,982703,100378,850462,37,31
136697,967323,483140,983751,25,41
97681,713142,39506,991279,47,30
620401,808765,604011,654158,2,9
18346,864819,75478,568986,24,42
100211,812845,6669,983081,48,35
19760,977621,138711,637906,24,47
10508,940660,69198,895484,41,46
540090,759612,644026,785120,7,10
505869,666234,777308,984596,10,8
106681,792761,72069,907532,41,34
17002,706135,78958,934864,42,34
633450,636474,95652,572599,23,0
81424,908194,170279,757837,29,41
410440,992669,17286,967174,47,29
587145,790011,86673,994338,45,10
559354,857237,389,977832,48,14
410814,433404,582671,646730,3,1
243590,856811,156188,780579,31,30
249879,353318,328178,502074,8,5
665223,680531,159793,511077,17,0
152835,163578,457820,471351,0,0
525667,981222,10591,755783,37,22
369200,406127,106811,729962,31,1
436499,690921,118628,967375,42,12
74180,968134,43596,773123,36,44
285195,970292,104223,777446,33,34
71034,775604,381090,609373,11,35
13369,645577,145196,964527,40,31
448039,902235,480152,711842,11,22
17849,587980,295,999149,49,28
129961,405418,91428,955218,43,13
245369,775556,277401,925980,32,26
310127,982621,294297,304622,0,33
428062,954634,114815,957190,42,26
172657,812413,7781,344685,16,31
493941,796610,586924,854989,13,15
262764,958973,105636,106110,0,34
299592,491113,56780,594186,26,9
38091,765390,368141,651183,14,36
329764,971210,743206,906350,8,32
55851,895237,40473,924081,44,41
108086,887362,277284,445861,8,38
34583,991108,143466,609397,23,47
44891,431240,338488,871553,26,19
468917,962999,416738,512824,4,24
147305,740414,286042,680019,19,29
52462,916412,342360,650928,15,43
165310,655378,100374,981116,44,24
600591,619752,155960,565639,20,0
750610,764408,131281,854452,36,0
18565,369362,345678,986254,32,17
239287,766662,427217,966036,26,26
263235,936339,133179,794268,33,33
531885,722215,165292,503579,16,9
641567,693881,1417,973926,48,2
180297,807554,31491,558659,26,31
196980,864935,151304,359423,10,33
728671,804697,8820,503588,24,3
409379,554435,14714,943383,46,7
405329,768519,12608,786549,38,18
73022,977206,494296,818284,16,45
178863,373494,490932,959997,23,9
36703,940648,263800,631553,18,45
546556,976065,58969,990364,46,21
85003,720945,426939,465827,1,31
291836,386211,28664,409044,19,4
537587,606555,110072,882823,38,3
375282,499302,186926,810449,31,6
27053,961729,451771,726853,13,46
615336,632714,401949,677495,13,0
199772,958087,259329,858556,29,37
145371,642348,574497,796574,11,24
282328,501817,15799,879711,43,10
206126,806390,2754,94961,4,30
413776,640768,582696,648016,3,11
242493,680796,246359,612577,18,21
4848,509936,396793,710563,15,25
19522,319762,14370,951656,46,15
330753,972489,239231,962982,36,32
56607,975365,891895,954762,3,45
5512,849077,301890,393113,4,42
25581,644935,77446,999739,46,30
247176,697443,6030,993581,49,22
107047,174218,247493,950299,35,3
308747,944667,380629,975528,29,31
431926,753303,10331,926620,45,16
122761,755912,69678,723707,32,31
518889,558829,353436,918075,28,1
261654,568056,193078,973023,38,15
4898,988213,758652,865823,5,49
448806,807978,1622,963609,48,17
40915,680680,196450,577525,19,31
461408,980620,390456,513532,6,25
153580,765060,368201,499378,6,30
264905,607692,50565,828499,38,17
300892,589318,200828,506668,15,14
56445,744079,355345,900588,27,34
152528,829032,24869,854307,41,33
27495,731929,18644,359555,17,35
109668,768245,169963,583709,20,32
298695,984421,347665,598324,12,34
684091,932249,22540,988902,48,12
700938,990116,1176,929588,46,14
88181,551325,762427,953528,9,23
8044,999949,25219,796096,38,49
28168,890552,572192,727432,7,43
11583,988008,246507,422198,8,48
679481,821871,124476,848370,36,7
376395,807122,343439,820055,23,21
97681,894320,354366,986372,31,39
565960,705780,171528,593605,21,6
481283,571591,25965,992510,48,4
110047,717000,398452,936584,26,30
475180,855463,37934,982010,47,19
95240,444676,879815,894010,0,17
238302,808768,396223,900746,25,28
196755,778393,542689,961864,20,29
423756,924053,81433,948361,43,25
157731,948298,11357,910056,44,39
150793,898635,410377,945224,26,37
163308,916002,272756,283273,0,37
45728,644065,145769,953607,40,29
332769,549801,292840,805017,25,10
190334,762279,687077,861244,8,28
53340,791156,106762,624863,25,36
345061,404413,199417,974408,38,2
20190,884443,215363,616231,20,43
9049,354409,430357,478866,2,17
411695,990110,868008,969860,5,28
96425,523042,252464,564812,15,21
440499,783474,194934,910028,35,17
76520,922441,15199,991574,48,42
301039,641216,131801,879235,37,17
22136,984118,5630,417181,20,48
144348,992592,548383,796025,12,42
426636,560511,183651,831282,32,6
61795,684105,10064,968679,47,31
266021,991460,72903,637747,28,36
592086,936387,209873,991775,39,17
487016,782107,30688,590710,28,14
231142,891900,414076,772191,17,33
220159,975598,686585,837389,7,37
355857,927407,315200,837473,26,28
385757,976656,119079,187483,3,29
16102,882246,36286,850225,40,43
126273,995508,583307,650710,3,43
334826,525693,12808,609254,29,9
31683,936351,423808,774180,17,45
15934,690512,458839,834912,18,33
176989,890086,160173,527402,18,35
175107,528207,56117,885200,41,17
231435,576045,35653,923291,44,17
507799,918974,879484,947022,3,20
122771,896701,30933,990907,47,38
275727,965720,766143,888184,6,34
753447,895957,666907,980651,15,7
51439,986319,19962,979120,47,46
354543,631364,869864,920768,2,13
226706,675411,686501,993447,15,22
186372,855750,623000,883351,13,33
704282,873903,876501,967758,4,8
25245,999100,98280,309047,10,48
18023,123550,151171,959236,40,5
732723,913042,27450,859858,41,9
224917,913104,173333,549245,18,34
88941,726960,5088,916063,45,31
752541,770993,217810,370202,7,0
55028,506570,435621,999735,28,22
269438,435219,152399,374253,11,8
113703,406904,263546,712429,22,14
807670,894119,249511,938381,34,4
286614,311407,187,833909,41,1
9647,476659,49459,862133,40,23
41597,878189,439917,440243,0,41
183564,687772,158544,911230,37,25
384164,970756,476197,628121,7,29
428928,866810,5801,949019,47,21
224570,800313,410920,835102,21,28
88318,462866,376395,700290,16,18
530468,608511,93113,737013,32,3
231641,495393,103722,992393,44,13
49663,943175,2418,997386,49,44
19233,917687,67169,900026,41,44
38053,565258,293330,978065,34,26
180987,262831,281441,333726,2,4
589598,940823,540835,695077,7,17
214981,889462,114883,986522,43,33
621824,857633,646218,746041,4,11
556223,593549,399565,447629,2,1
8845,431864,251114,951759,35,21
258730,986545,290609,840637,27,36
88380,671518,56339,989609,46,29
165164,665458,872327,972813,5,25
117648,622155,520348,551133,1,25
209762,320394,2600,883078,44,5
39347,382188,53101,341314,14,17
485093,631827,222496,413488,9,7
461543,800986,126423,474094,17,16
30996,353188,215953,703455,24,16
190225,975995,46913,397311,17,39
37816,577387,479497,977968,24,26
178715,480830,117863,797472,33,15
33780,115786,765363,888116,6,4
310932,670807,360845,730283,18,17
821,976691,37607,919891,44,48
158684,855445,331332,989607,32,34
142259,590774,489009,924773,21,22
11638,512421,129215,943282,40,25
436793,447083,62246,896423,41,0
66925,223616,143228,749157,30,7
651108,954527,13814,300842,14,15
731570,912284,561688,775122,10,9
61714,830500,142576,870218,36,38
475455,580258,223844,632743,20,5
141350,864917,189494,922362,36,36
32477,602036,424827,807069,19,28
213962,373636,362103,598152,11,7
62265,541596,419233,817769,19,23
264015,877432,98287,814395,35,30
187296,803180,118157,946830,41,30
44498,693417,212047,747905,26,32
168796,991482,512551,996948,24,41
138380,947803,77888,579998,25,40
59396,875861,238101,877656,31,40
35475,995593,214594,485460,13,48
2947,836422,10761,55873,2,41
143594,904893,265626,332233,3,38
15952,800409,644066,930930,14,39
49215,164107,277234,575665,14,5
25016,702296,94723,893878,39,33
190400,903896,104695,680166,28,35
407339,955494,563141,824915,13,27
137618,361861,134035,831773,34,11
52776,109876,91391,770146,33,2
169312,586005,3058,952907,47,20
408510,710195,156432,217590,3,15
121428,912809,471391,921044,22,39
5019,998257,421491,960646,26,49
566,78420,93434,536346,22,3
239106,667984,141336,997978,42,21
111975,877367,341226,788186,22,38
293131,656576,61247,987769,46,18
298719,667580,667926,977890,15,18
436610,497707,423818,717656,14,3
210041,314719,172279,649109,23,5
186086,705172,242313,434979,9,25
10177,522923,381852,999886,30,25
40606,718739,688185,829980,7,33
81063,917764,569837,792525,11,41
458028,953678,125165,756904,31,24
391192,585646,5830,994491,49,9
238678,709885,322187,592641,13,23
204580,384792,174598,726666,27,9
579,974199,419182,966626,27,48
14346,968546,59691,977548,45,47
116926,799731,62366,476963,20,34
35719,983645,93517,944431,42,47
158,987209,102498,568345,23,49
661084,932254,759576,963768,10,13
228478,388000,30297,278763,12,7
187864,834896,296437,927544,31,32
69456,736430,144407,691850,27,33
165377,816405,4254,560937,27,32
60219,857137,69259,992534,46,39
538127,627847,722,932092,46,4
505882,941908,143477,938231,39,21
196320,780761,12888,992156,48,29
1089,999763,481739,494168,0,49
30932,797635,167968,694858,26,38
291732,988121,87053,807066,36,34
463468,743690,499082,664052,8,14
513004,801238,574193,815550,12,14
55297,722114,165404,942569,38,33
56535,998637,312000,712678,20,47
267115,958406,121505,902659,39,34
389096,796521,214116,467543,12,20
121459,658872,44689,779925,36,26
439764,601099,223516,402013,8,8
468980,925986,640160,802975,8,22
103330,861668,261368,474853,10,37
156125,285060,341247,921447,29,6
5114,930906,47002,782356,36,46
453097,465668,115888,371605,12,0
21739,895491,119818,711259,29,43
178642,740125,58236,909361,42,28
2505,731637,239380,891345,32,36
178833,883205,389161,593280,10,35
98322,284656,248670,391685,7,9
591462,896054,397591,806767,20,15
24349,714582,806322,894720,4,34
85033,822233,23334,687594,33,36
136381,983145,4063,928995,46,42
193696,991280,60579,835797,38,39
107172,241732,336,973540,48,6
212685,653925,231878,597404,18,22
337594,796090,100509,946123,42,22
280881,911492,145240,635370,24,31
92054,742229,160737,268892,5,32
555098,746821,88477,843545,37,9
330847,650424,135696,357925,11,15
490611,522643,39692,949567,45,1
108828,968456,430835,481401,2,42
233809,401915,397275,678097,14,8
154681,675930,44061,291062,12,26
514205,695849,801953,939052,6,9
128597,466304,15860,801245,39,16
282211,488644,435831,743198,15,10
256163,955294,175444,236695,3,34
181202,456613,319013,812802,24,13
30160,959643,193259,831695,31,46
62705,942491,594810,685258,4,43
672498,902021,98422,931668,41,11
225993,572678,16890,701067,34,17
118841,899941,234710,376875,7,39
48053,848649,114783,965638,42,40
68956,983017,41437,650792,30,45
49278,470309,46803,692705,32,21
176051,911976,41600,519599,23,36
459901,755830,214404,931373,35,14
256863,775054,32450,407286,18,25
79773,886810,27159,923593,44,40
885382,913647,125729,599515,23,1
230953,337484,597368,682669,4,5
819948,981887,1998,977484,48,8
240647,652333,373445,906339,26,20
427622,947982,388465,895332,25,26
178948,559829,356502,845985,24,19
789279,961976,43514,932920,44,8
540053,719270,416204,464390,2,8
523433,524335,874520,976706,5,0
202941,594722,54075,483335,21,19
49196,861988,32647,65034,1,40
9109,896293,475913,917920,22,44
6579,977996,120747,999728,43,48
300877,776031,224492,745541,26,23
49778,798268,416524,535004,5,37
175780,218702,924592,967011,2,2
360142,758199,286540,886112,29,19
317704,360029,240335,640826,20,2
86229,949437,79693,934184,42,43
49957,743696,9872,603801,29,34
1295,901444,19429,949908,46,45
152504,956950,37995,908362,43,40
550888,801475,55747,955246,44,12
378907,937706,401496,788715,19,27
270975,822050,261909,915571,32,27
381897,967089,353964,986081,31,29
40426,748867,49262,944505,44,35
14600,500795,35990,600102,28,24
445650,737077,228105,837623,30,14
122874,626774,153913,677830,26,25
267477,882767,68662,70603,0,30
561446,674936,15747,925649,45,5
335861,727353,226231,946926,36,19
156519,276968,347042,845671,24,6
401329,771501,253424,850777,29,18
22410,438765,141263,280288,6,20
1077,479025,532149,979193,22,23
94655,716156,618693,774760,7,31
571585,689040,38515,458925,21,5
334955,772532,35675,360248,16,21
178880,778533,703508,838268,6,29
485828,989856,35635,430645,19,25
195371,416230,497120,687542,9,11
327038,959912,214226,530656,15,31
245657,331120,53587,683655,31,4
488629,885096,223045,481688,12,19
247563,507764,53578,792842,36,13
23920,776591,74583,896131,41,37
34337,521743,321608,429315,5,24
627051,881809,615358,756222,7,12
136830,940571,72239,721753,32,40
28168,985484,817923,944427,6,47
838246,910224,1564,998397,49,3
226933,725838,286701,300003,0,24
133111,910417,258086,535349,13,38
477064,643075,585371,938520,17,8
387407,427565,303464,839473,26,2
336534,778903,5478,842459,41,22
181009,492323,22087,991139,48,15
8260,972382,128905,774978,32,48
496448,586946,18978,971425,47,4
6315,337271,133141,319856,9,16
165417,555001,77577,100073,1,19
487543,733701,159962,246212,4,12
400319,983687,670376,694577,1,29
109002,435994,250423,819455,28,16
340561,723084,111650,935422,41,19
367424,952389,151231,871756,36,29
477319,838316,85114,949206,43,18
154696,873799,132258,818481,34,35
46335,750703,645954,930458,14,35
16003,29811,239314,303424,3,0
894,937649,173874,508762,16,46
81004,985937,20936,222460,10,45
239780,726110,57440,920657,43,24
74614,319673,436,997747,49,12
100867,534812,252597,593037,17,21
63270,951941,71797,196409,6,44
170469,461287,827220,878584,2,14
281760,781534,76408,520357,22,24
47553,990339,530368,599771,3,47
238664,923601,519315,854948,16,34
61801,998255,70787,948550,43,46
53183,793957,5153,347105,17,37
75673,500102,576168,729664,7,21
51100,944045,721685,985839,13,44
109285,934813,11522,987373,48,41
915026,983395,167266,515902,17,3
303797,564445,55298,833819,38,13
29277,928949,406475,445713,1,44
7596,964335,545157,632018,4,47
13097,845353,409191,482504,3,41
177459,845243,45274,558602,25,33
172264,542941,285918,943831,32,18
731750,963083,79648,994848,45,11
91498,867389,236682,519168,14,38
144260,974664,30405,851502,41,41
343042,659555,268954,949672,34,15
380114,630446,18289,852460,41,12
363149,907655,526101,846169,16,27
155444,821188,10105,408351,19,33
274008,473643,386806,399697,0,9
309481,378745,620239,948654,16,3
308292,428758,111328,842976,36,6
200717,738569,38963,907064,43,26
696687,994901,435367,519170,4,14
41150,292858,385497,974831,29,12
364258,676445,366293,677484,15,15
80599,433383,111956,714642,30,17
333014,707364,7594,159866,7,18
334422,366413,35209,622704,29,1
92139,735353,5449,999536,49,32
293411,380208,210972,388185,8,4
421321,567205,521221,629846,5,7
80286,980178,190054,889514,34,44
410875,849904,401645,425090,1,21
3493,658390,100806,815616,35,32
96287,810215,44436,115108,3,35
835867,996603,34640,140396,5,8
128698,538894,280445,745057,23,20
148147,995241,56611,706547,32,42
55747,976712,78591,113035,1,46
577094,733575,266797,932902,33,7
550094,890880,130083,471170,17,17
511716,756323,709873,777091,3,12
366736,864037,524082,781105,12,24
329551,965391,6184,727786,36,31
348053,623604,320588,842480,26,13
17480,964313,72975,854808,39,47
53582,883126,129481,786661,32,41
88308,963813,290705,852523,28,43
42289,989094,31020,973250,47,47
348954,831321,13339,916753,45,24
346362,689530,67183,991147,46,17
97218,986655,469176,793724,16,44
183539,882900,355494,853586,24,34
605685,790129,624039,984515,18,9
888549,931319,371465,883440,25,2
483660,551284,81686,989130,45,3
871391,982879,441821,716134,13,5
299019,324978,21949,444461,21,1
98292,712147,79150,466182,19,30
70546,729985,128271,928295,40,32
350091,614269,194871,674594,23,13
918,996822,14189,997794,49,49
19742,770493,325551,416788,4,37
119089,948644,168443,843868,33,41
199253,974963,29545,820090,39,38
108610,947438,249195,821935,28,41
11433,872638,83988,475896,19,43
3179,844695,204548,381940,8,42
560954,568006,10596,983951,48,0
241622,741165,36487,759373,36,24
242886,774598,126337,429398,15,26
117287,332695,116517,863672,37,10
26195,603806,237563,703349,23,28
353382,440243,15670,511813,24,4
341121,824481,784476,912746,6,24
700840,903825,13337,995867,49,10
7637,996110,347862,594957,12,49
327060,372991,203708,932939,36,2
338186,663089,730638,740623,0,16
80814,362831,157541,689950,26,14
309056,408088,173726,959563,39,4
212819,757618,648711,942134,14,27
268595,973773,174486,981461,40,35
140999,233636,184171,918635,36,4
15225,989247,299944,417019,5,48
766407,888075,572362,882214,15,6
6401,786644,107938,275542,8,39
350411,931627,534369,959138,21,29
1300,63075,195256,266411,3,3
56525,311548,926712,946758,1,12
6779,989846,226218,862543,31,49
4150,989435,145733,305119,7,49
524331,807084,842075,974306,6,14
29254,975626,457548,761316,15,47
15263,996737,488131,766044,13,49
123502,350210,233679,944184,35,11
332642,925170,259995,871433,30,29
62307,720413,195164,630067,21,32
3088,961840,559130,780232,11,47
178917,945935,72410,756408,34,38
363929,839726,302821,945992,32,23
47690,527357,178349,773937,29,23
475518,921608,1221,862588,43,22
54873,708241,16891,993577,48,32
290660,680572,49669,350185,15,19
135135,627965,6678,649992,32,24
20324,968155,300836,650868,17,47
50833,976432,19385,988279,48,46
146197,860706,461206,800827,16,35
163075,786059,357187,585481,11,31
372950,850604,19964,654721,31,23
395029,997712,202730,464353,13,30
58773,963483,112249,876587,38,45
26959,993574,393928,978517,29,48
48108,714022,520101,829904,15,33
115086,995197,299389,709566,20,44
10069,914265,137766,360173,11,45
337187,742140,7815,790910,39,20
60891,932437,493997,952315,22,43
234812,639081,317438,943918,31,20
701765,765065,145084,254380,5,3
107225,764502,36392,960865,46,32
256884,570613,37360,410310,18,15
117664,704154,421470,422699,0,29
758108,777853,105686,814129,35,0
193379,825074,427951,566267,6,31
202254,769417,19921,971994,47,28
128074,766378,413538,585072,8,31
19340,996232,44467,361024,15,48
57856,765235,729706,976656,12,35
603315,710526,14007,976187,48,5
392683,656513,85202,539296,22,13
720606,988472,343867,999095,32,13
53669,990220,221166,928568,35,46
20975,835871,17629,981234,48,40
56509,762996,5823,201231,9,35
20205,984650,245324,959819,35,48
433120,698657,537833,624711,4,13
840185,887146,214986,483900,13,2
63022,796287,105716,194865,4,36
142400,916659,299713,425315,6,38
251064,588654,182447,892480,35,16
554876,716769,264076,806049,27,8
268668,811000,412340,897763,24,27
18915,878970,7112,946641,46,43
312308,813859,357216,985152,31,25
94335,576225,150834,573985,21,24
191818,711836,657456,672490,0,26
336329,357483,681036,975742,14,1
592831,645446,125331,254068,6,2
55382,676073,629515,810585,9,31
149602,703687,10006,867830,42,27
487051,717880,412227,676914,13,11
196946,410903,117593,743717,31,10
775284,926033,63679,925262,43,7
194206,773122,67169,836287,38,28
392609,509245,32916,968085,46,5
188264,974817,195973,756100,28,39
41417,506307,267305,591099,16,23
176842,262661,229192,747245,25,4
486104,899905,927780,952253,1,20
186833,618726,167940,797714,31,21
471338,995375,131305,934425,40,26
406642,938984,426447,503911,3,26
482520,769123,19066,883570,43,14
15363,983152,137090,435369,14,48
331865,346573,15854,648647,31,0
42241,781733,11351,909006,44,36
253,714059,228798,243512,0,35
562493,938619,538057,836383,14,18
156282,950710,207657,531490,16,39
56067,902291,46385,963135,45,42
179151,578866,407161,865719,22,19
311104,974458,1306,991626,49,33
619,906617,62894,977979,45,45
85710,512816,116530,548431,21,21
51426,863925,698505,926481,11,40
13258,978337,148967,954775,40,48
4750,925432,362455,892019,26,46
161290,659706,314000,989302,33,24
127522,501926,85213,719412,31,18
262133,463193,302921,889233,29,10
231752,638978,6628,939974,46,20
176817,373428,295313,946456,32,9
65293,172682,16184,700831,34,5
46803,868692,562098,940047,18,41
47781,975568,375644,740214,18,46
274156,915493,142795,418614,13,32
126640,965595,307249,776764,23,41
129139,830343,75540,489499,20,35
645149,846792,693819,959805,13,10
456129,898035,6063,796350,39,22
314846,871183,54288,916552,43,27
268098,972849,320229,785238,23,35
79991,962079,987236,995693,0,44
329509,873643,45106,936412,44,27
248840,254052,55364,661195,30,0
184698,919675,80693,994120,45,36
293812,619276,2402,987204,49,16
120125,723660,1951,994060,49,30
309128,667671,410767,687164,13,17
328414,963323,95785,521628,21,31
186344,956572,273478,980934,35,38
218300,434164,61269,945911,44,10
416444,756115,281914,744863,23,16
95083,909631,81030,574506,24,40
46824,978380,625487,806966,9,46
394278,887381,137014,684826,27,24
33505,906155,125557,963450,41,43
498357,907002,137279,862576,36,20
167474,880125,15561,802151,39,35
6142,894089,468813,903596,21,44
387874,643433,45437,395010,17,12
54701,993146,137209,941311,40,46
174873,401383,300355,844714,27,11
67453,864328,167377,967965,40,39
268775,784356,617098,951325,16,25
542680,975343,3495,997375,49,21
220487,272560,385642,554864,8,2
517157,729550,1435,825611,41,10
5995,844008,189980,726515,26,41
325457,671862,35689,980791,47,17
335687,954846,49847,911494,43,30
526350,690927,70675,142767,3,8
110318,844180,10271,961290,47,36
2297,994649,18784,524332,25,49
134196,408507,258765,549998,14,13
72416,997070,540601,652686,5,46
385464,533023,139877,988750,42,7
144068,688137,84083,812142,36,27
171071,779775,229938,747395,25,30
334440,943828,169962,951428,39,30
9924,988988,9835,788065,38,48
100396,563472,478094,649458,8,23
110094,997358,226827,822927,29,44
97457,188899,496162,690946,9,4
227593,727294,55048,218900,8,24
197109,567331,72257,858261,39,18
234709,446474,29163,882315,42,10
257242,393815,680364,925019,12,6
539648,847403,634480,979072,17,15
186742,460676,44318,895090,42,13
282684,893291,1236,171705,8,30
751166,841212,339795,889075,27,4
742229,759135,311380,894201,29,0
746,998461,383298,923710,27,49
604128,830262,458123,699219,12,11
156229,941731,739835,751223,0,39
250671,991490,101970,887110,39,37
22854,707364,198803,721284,26,34
5047,340473,245817,985274,36,16
20693,104815,355158,677264,16,4
518862,991650,211821,997520,39,23
185612,664019,482554,981612,24,23
255099,961379,673720,809479,6,35
214819,781822,693900,967110,13,28
34314,967872,196420,614734,20,46
204266,357940,6929,983680,48,7
30286,947148,178040,602363,21,45
542,736122,84717,511887,21,36
57341,892719,42190,978647,46,41
352466,438340,416707,661050,12,4
77300,932475,129512,156087,1,42
601282,962366,540802,791415,12,18
105633,677787,373299,996312,31,28
230890,903650,847349,937857,4,33
11011,993895,10747,613280,30,49
267299,882962,593947,923038,16,30
118052,967795,224974,296497,3,42
138202,879452,663402,927813,13,37
556603,628906,209992,748100,26,3
375883,796796,47359,639332,29,21
545974,781757,510540,864578,17,11
207111,775094,149844,974954,41,28
212503,517309,70481,272050,10,15
646625,978763,41992,795156,37,16
120379,227711,178040,408542,11,5
333725,818804,345394,421045,3,24
63102,696081,277667,635437,17,31
76183,782599,51986,777400,36,35
248885,907569,480637,819910,16,32
132771,262998,15836,686927,33,6
378226,854463,84057,828503,37,23
122256,730540,171960,936732,38,30
200616,820131,200378,943695,37,30
387189,590803,13675,824277,40,10
188562,701859,81980,651492,28,25
248380,934128,95254,672429,28,34
400916,864369,821677,907847,4,23
315752,798414,655786,851169,9,24
84440,956348,320766,654652,16,43
253818,550092,134881,411180,13,14
203188,918106,146242,997307,42,35
2786,978544,284662,788353,25,48
73331,921556,562080,780045,10,42
62614,977630,249560,793384,27,45
77624,949530,852,959370,47,43
50266,849184,25643,996497,48,39
32066,916131,403139,773562,18,44
461045,715877,244081,970825,36,12
76132,913258,532669,657447,6,41
177906,857550,339580,989782,32,33
756876,976947,240005,764002,26,11
422708,579361,26402,569706,27,7
9786,666084,230144,731941,25,32
91513,387270,270153,497224,11,14
461880,501736,386006,797696,20,1
53460,470047,284718,472995,9,20
199043,705117,113507,343762,11,25
723266,782943,487022,920646,21,2
36112,422797,375169,571490,9,19
48855,949184,442212,964078,26,45
57702,924298,73832,197915,6,43
696195,985491,121489,587663,23,14
215779,677465,34181,995693,48,23
6840,715476,59607,688743,31,35
97984,938360,182887,874633,34,42
93370,910070,487846,963523,23,40
451227,541458,589065,864303,13,4
59640,306506,191197,943472,37,12
90709,511118,160257,370458,10,21
518159,915582,650831,655815,0,19
337661,978726,17586,905963,44,32
181123,570357,279291,976870,34,19
174377,909273,444430,851755,20,36
505529,824336,761433,794182,1,15
345781,405949,243608,645113,20,3
605109,627308,756299,972202,10,1
124008,700403,201126,284121,4,28
237299,903090,849334,912699,3,33
17014,990767,106437,860206,37,48
584421,680123,34695,560525,26,4
142711,961160,15493,235291,10,40
49476,793255,313642,689615,18,37
209452,557417,116764,748293,31,17
9813,902105,75529,816521,37,44
358670,979107,591505,798014,10,31
433119,663590,47251,817707,38,11
7733,987408,35864,400172,18,48
202045,810072,247864,675407,21,30
51059,932379,192234,846254,32,44
312049,592459,37248,996243,47,14
96747,935934,70827,709933,31,41
4670,906241,48447,713962,33,45
217189,498405,313240,828604,25,14
619676,947788,6708,873480,43,16
79479,752657,107839,965764,42,33
11659,217052,90582,874226,39,10
57062,761408,85298,185239,4,35
771372,924579,494619,937861,22,7
150258,755493,228592,300060,3,30
139578,314878,109777,983220,43,8
477559,500595,102013,899431,39,1
167563,198831,508250,967123,22,1
504603,553859,559249,624728,3,2
312428,706287,798760,930820,6,19
195590,981549,432,999731,49,39
46645,729058,79210,826234,37,34
714541,800270,98031,990732,44,4
32952,352441,495211,992530,24,15
274576,500178,104523,996627,44,11
701624,746020,110577,587320,23,2
23486,997958,15781,853275,41,48
142387,983726,214486,999646,39,42
34630,787331,74411,839543,38,37
419295,950785,421829,612079,9,26
336348,941251,456724,814268,17,30
537627,538695,223113,649677,21,0
399034,921682,68124,529725,23,26
543748,989827,290836,749869,22,22
182097,951306,102362,865511,38,38
362767,545543,263560,620314,17,9
659385,944322,203639,837927,31,14
52217,915862,83458,699222,30,43
314174,960028,104504,961868,42,32
66083,538331,603921,820031,10,23
344507,951192,841433,956128,5,30
35038,906728,315725,804088,24,43
18746,799982,220790,895742,33,39
3216,990890,35067,776989,37,49
699309,993200,629430,737474,5,14
452334,757923,7114,176337,8,15
7631,819068,83154,905481,41,40
44628,806793,482106,911239,21,38
482252,850611,139864,893452,37,18
462833,688941,605036,643383,1,11
582829,664726,379328,828809,22,4
320579,972299,34836,987481,47,32
612539,925849,457430,645325,9,15
6531,952930,299135,915385,30,47
180999,677768,104715,880213,38,24
63722,712294,659510,795865,6,32
565405,748521,16990,987196,48,9
14284,742509,77200,842763,38,36
83808,982552,782401,884971,5,44
330987,600264,82896,456845,18,13
199968,643610,398294,950642,27,22
700614,808652,58515,789014,36,5
270906,524210,85805,847932,38,12
95837,994106,113192,715964,30,44
784378,884193,37602,888522,42,4
296523,896863,15273,906259,44,30
245439,973507,2454,994988,49,36
480246,769190,154924,914100,37,14
90020,579676,199500,982001,39,24
345671,443616,120616,225638,5,4
250857,781472,671849,960071,14,26
62617,883275,161895,273797,5,41
284536,299767,172657,867030,34,0
255199,307846,561932,930346,18,2
420214,900227,385210,748466,18,24
34563,992858,50810,776904,36,47
12577,906021,7935,954362,47,44
14843,920647,218865,710962,24,45
41007,762469,14817,708117,34,36
71527,626434,398074,984702,29,27
265735,942758,274907,972037,34,33
370675,528125,122745,905545,39,7
320499,903811,408304,744148,16,29
283488,500982,519768,852488,16,10
217018,507118,227999,868930,32,14
10700,830562,248212,832335,29,40
12586,976950,45079,487189,22,48
81067,996982,217351,732570,25,45
853390,958579,187762,225542,1,5
12065,630668,187201,590112,20,30
135912,405460,400388,415311,0,13
132022,594376,378123,853350,23,23
120837,861045,120181,543024,21,37
269676,654741,123180,784743,33,19
7424,786472,210753,542987,16,38
247230,555766,265964,739409,23,15
657536,761700,173567,840777,33,5
63224,956933,245585,787675,27,44
2996,623834,108550,990442,44,31
15501,984568,187212,980102,39,48
145727,900944,251688,924270,33,37
20542,754670,12459,977698,48,36
235310,867660,456110,996518,27,31
522873,897400,404267,910152,25,18
809389,960713,531911,936455,20,7
54064,469664,205150,970911,38,20
4949,892138,638633,924850,14,44
385905,746546,426963,520711,4,18
1344,294626,311207,906865,29,14
233897,963210,273203,867953,29,36
100350,862994,198351,560567,18,38
126879,747777,967854,969457,0,31
571081,643439,173524,855735,34,3
84915,944782,650311,771690,6,42
438880,995039,23679,991306,48,27
87498,160199,163326,958204,39,3
48474,903153,67305,583187,25,42
84571,873279,462329,548342,4,39
540595,603413,24936,770786,37,3
15529,894441,593035,602584,0,43
538082,783801,203868,606020,20,12
472399,926562,39242,987298,47,22
132205,959010,402415,846436,22,41
206863,663414,159898,373914,10,22
14009,957372,44160,707911,33,47
191830,605224,480347,835649,17,20
258548,519234,571706,980560,20,13
39479,962181,195389,620013,21,46
251516,606744,47401,498330,22,17
225419,865023,582396,862737,14,31
58756,589043,698736,793159,4,26
222987,413509,46748,553981,25,9
156645,599509,104148,777954,33,22
151396,955309,91221,423353,16,40
85745,970172,233650,800557,28,44
46241,426516,23091,813643,39,19
94142,925554,96245,878555,39,41
175950,379458,77709,617961,27,10
859,862554,89487,878031,39,43
377242,874544,175,997410,49,24
1355,997339,40961,988683,47,49
133,999976,53128,941613,44,49
53957,498855,623137,646533,1,22
112410,808951,181261,792877,30,34
440582,861002,429437,846648,20,21
85993,753569,574422,975058,20,33
626231,633524,135641,640863,25,0
49401,604042,78132,165474,4,27
23855,538995,219033,500096,14,25
107186,794384,299574,752242,22,34
405172,685858,40855,896906,42,14
10649,804542,252467,859586,30,39
378059,973909,79767,752429,33,29
65436,870567,7148,989489,49,40
9320,752712,151379,891335,36,37
167635,778192,24364,993078,48,30
55189,892736,170916,608094,21,41
760987,963069,102077,267468,8,10
358587,912521,588191,754466,8,27
280942,874761,25136,719389,34,29
87758,866787,380612,934808,27,38
165781,311946,484,999399,49,7
88049,910545,380492,662491,14,41
598820,883041,130791,570724,21,14
793811,942690,46130,996644,47,7
739997,747349,279326,299746,1,0
474682,605659,472404,496119,1,6
12861,523803,78016,721606,32,25
634423,855426,223182,821924,29,11
516660,697285,173775,968255,39,9
58971,975732,645365,747465,5,45
109010,245363,94988,994482,44,6
64499,559931,277784,755720,23,24
792864,815685,235842,837029,30,1
25396,944165,2276,991715,49,45
438563,748320,404716,517844,5,15
93106,783302,453371,961944,25,34
158630,913803,1216,971575,48,37
412171,999054,160329,345775,9,29
189203,273590,116756,689413,28,4
576544,813064,276165,948794,33,11
832016,999177,598662,782559,9,8
405844,831114,99009,618002,25,21
533394,826189,311570,520507,10,14
277247,995821,242416,748607,25,35
128329,605970,753528,768721,0,23
444788,662257,3708,421512,20,10
79585,910305,187208,883522,34,41
318336,845886,370938,745225,18,26
12824,994635,484597,915872,21,49
185449,535291,87990,561480,23,17
460049,666139,23674,969809,47,10
283894,321732,13867,38148,1,1
37298,268250,55454,261637,10,11
317260,884421,280980,294225,0,28
225951,925575,557102,593360,1,34
773059,948185,210999,807708,29,8
50339,413532,390724,879961,24,18
40761,161456,129330,603283,23,6
355956,750699,449608,790134,17,19
49232,970692,229949,585380,17,46
208515,983594,126424,594087,23,38
147147,766214,173812,912604,36,30
100017,973533,441820,998804,27,43
15747,798045,233942,877286,32,39
396861,398364,513103,954684,22,0
283018,944322,141033,280293,6,33
94796,821198,973311,985523,0,36
56903,971126,29125,205680,8,45
118815,648342,607709,779139,8,26
507999,899517,270534,555653,14,19
558216,978863,290013,426178,6,21
8655,988635,14047,954572,47,48
170414,798642,103655,574265,23,31
45940,786770,311002,759294,22,37
3841,992525,55255,717724,33,49
36416,970182,348884,561016,10,46
2275,960305,443536,954533,25,47
84315,926669,250154,845873,29,42
652226,806694,494044,619042,6,7
688011,916877,164498,329221,8,11
41769,740970,377954,813737,21,34
146683,906650,90392,932735,42,37
113625,554520,438672,719360,14,22
445064,821205,626391,820540,9,18
403404,963760,172088,742830,28,28
417282,610566,195981,891542,34,9
596085,854910,11036,381747,18,12
73776,667674,530132,744782,10,29
40737,815150,139551,335001,9,38
94839,964307,180241,830109,32,43
194031,837451,259900,540080,14,32
529245,865188,509374,530667,1,16
734868,870028,14427,954882,47,6
398031,981297,2220,992495,49,29
37264,658321,168221,861220,34,31
109874,648177,289473,315620,1,26
187305,326389,61627,750117,34,6
172927,382561,191963,866219,33,10
205519,727818,708032,919734,10,26
173827,654818,417149,453502,1,24
20782,989930,74365,929760,42,48
31673,895508,414131,891739,23,43
55406,638691,325200,898822,28,29
355653,672837,11278,897519,44,15
79174,636143,531757,970426,21,27
645119,689691,76313,775168,34,2
286560,893894,253342,911338,32,30
87461,810127,59700,253165,9,36
60910,402164,283518,781403,24,17
89586,727548,226830,892988,33,31
163153,961486,16036,956730,47,39
20663,788510,241231,847394,30,38
22769,959015,48129,738698,34,46
393182,989113,557166,919960,18,29
20173,927892,145605,614038,23,45
163012,250432,242378,898851,32,4
143767,321332,12925,996534,49,8
172606,553688,1685,987571,49,19
112794,714219,20938,568782,27,30
373100,747604,152378,619803,23,18
392781,482732,54172,718025,33,4
40222,845297,269522,948414,33,40
94635,385431,554079,561053,0,14
238341,462528,149990,992083,42,11
478672,859805,9884,654970,32,19
150508,993688,170397,186383,0,42
546900,921033,40086,583093,27,18
193892,218084,103182,296311,9,1
410200,542845,652149,769869,5,6
45058,987947,692241,795874,5,47
22408,956946,113192,971794,42,46
536895,702300,262761,918009,32,8
310100,866953,572112,791618,10,27
362090,555826,120752,782571,33,9
114650,752688,481591,849220,18,31
386174,407169,112361,472888,18,1
307324,369748,794342,812731,0,3
65637,755174,411855,631118,10,34
1160,146523,23821,486012,23,7
87361,928211,11552,997706,49,42
42023,243214,419957,796432,18,10
380136,540169,144032,573541,21,8
191783,733096,311571,752032,22,27
689558,710912,105076,655804,27,1
105849,957339,342671,888993,27,42
314668,934391,404666,880153,23,30
77823,786351,102549,711275,30,35
315259,717562,1975,996743,49,20
193786,601955,266833,701464,21,20
83354,943255,76540,737678,33,42
123476,432072,72312,683903,30,15
790155,808235,416842,596900,9,0
632762,984400,252213,926753,33,17
10652,943147,489001,983392,24,46
43620,876044,268735,814960,27,41
35886,981990,254513,800428,27,47
352774,873385,43801,464767,21,26
316156,840864,21,999471,49,26
495587,804207,220784,766104,27,15
118618,764835,275915,838689,28,32
169636,689872,85460,204016,5,26
45964,988645,255377,821064,28,47
271847,411911,69948,728830,32,7
80799,784610,31184,483965,22,35
161504,929585,520194,625372,5,38
129655,880697,203816,773810,28,37
97236,705870,66158,910496,42,30
561929,902718,228654,779262,27,17
241590,489723,270781,845679,28,12
155039,560663,532043,632891,5,20
591739,724013,168893,361056,9,6
120331,305974,534845,959445,21,9
357780,427751,159246,586811,21,3
355349,876270,1111,618985,30,26
136895,992782,322173,890005,28,42
738660,957779,97419,282434,9,10
284521,951781,412938,530315,5,33
249953,891999,177382,635218,22,32
263221,466071,111870,763506,32,10
582743,769648,127024,745438,30,9
150459,281292,376990,947742,28,6
203144,830240,164223,774020,30,31
28272,594804,536111,989897,22,28
72472,963598,20609,868822,42,44
121770,454637,347979,889007,27,16
263360,737811,319923,928400,30,23
722411,821032,310843,738383,21,4
129487,943786,333641,786968,22,40
413790,887060,13953,854847,42,23
427285,800278,462628,576490,5,18
62541,564745,11304,866187,42,25
29205,981882,48319,477907,21,47
143611,940364,117376,962285,42,39
236734,737551,394859,852342,22,25
299149,680599,207892,827252,30,19
71161,792593,95671,952985,42,36
38228,453450,127662,981203,42,20
714247,892431,135766,977157,42,8
739716,911151,59990,676971,30,8
50291,981375,103108,708953,30,46
362856,690000,108008,719738,30,16
186190,329339,349657,784031,21,7
368063,836564,137641,564088,21,23
