229981,946637,228684,595494,18,35
634313,935686,311287,674302,18,15
184776,584768,316389,498774,9,19
135115,795609,390349,991894,30,33
8500,955590,421788,887689,23,47
40524,817517,85222,602217,25,38
36180,372735,136151,918422,39,16
301738,565990,357534,446531,4,13
360897,586356,95102,486946,19,11
893045,926482,8894,987112,48,1
114144,918544,742448,922304,8,40
698618,771080,253629,958984,35,3
253745,415333,559635,900582,17,8
183311,200450,59988,894664,41,0
85014,102000,170496,567759,19,0
203399,550398,16905,190580,8,17
55817,793016,3854,896134,44,36
401026,591661,78217,859188,39,9
202533,679409,211617,881386,33,23
52988,834858,517336,709379,9,39
21686,929269,573539,581793,0,45
43621,266573,302933,643753,17,11
10792,658037,832435,963184,6,32
173771,738763,488404,603644,5,28
486316,768435,1576,982724,49,14
212692,330884,123543,710692,29,5
508154,920760,146347,908566,38,20
28905,198447,340088,924696,29,8
101308,193596,119494,849421,36,4
103205,652410,799454,948432,7,27
28927,393309,75233,761814,34,18
401635,824045,61256,703444,32,21
351871,965228,352519,749953,19,30
19124,887795,706171,820287,5,43
531119,745574,229066,900592,33,10
77289,972373,860505,862008,0,44
56812,682341,36846,436907,20,31
229942,398927,5510,338547,16,8
310898,732889,84025,765176,34,21
214048,895255,470258,678188,10,34
7190,359101,189544,923521,36,17
55008,733896,466694,990267,26,33
487179,731091,81504,877828,39,12
301046,722853,152987,767949,30,21
566977,680812,12007,655188,32,5
76681,931159,526040,956269,21,42
107293,738266,345313,743772,19,31
699737,966586,517264,787647,13,13
371601,694628,519852,798718,13,16
14831,965824,189571,914719,36,47
737776,910322,448010,975997,26,8
110816,862181,85372,946780,43,37
104007,910733,76167,214154,6,40
720430,797375,766719,916331,7,3
204650,883266,86810,158766,3,33
383180,623989,423844,860730,21,12
222375,976463,318649,923354,30,37
418703,858529,110383,119543,0,21
64825,946676,2868,991454,49,44
93652,964192,5753,462691,22,43
71116,918379,47025,906244,42,42
782369,942611,636909,820803,9,8
593698,969249,703388,875180,8,18
152440,883902,342271,773528,21,36
249927,992089,95531,780402,34,37
808259,853756,281990,640630,17,2
302712,759757,154078,593543,21,22
569741,646343,24275,992053,48,3
38425,655517,618455,921217,15,30
658317,960518,586531,860830,13,15
354072,620072,497484,969879,23,13
139448,990929,92914,130769,1,42
246147,524426,584142,827828,12,13
250062,401107,98887,969713,43,7
65467,981358,87945,674392,29,45
604109,774003,209421,623695,20,8
209128,396024,322860,418087,4,9
82458,291592,464012,526165,3,10
262474,920439,66864,538246,23,32
10788,633856,73154,550319,23,31
34001,942146,397569,867751,23,45
326594,941144,11461,731267,35,30
276941,914024,459111,619299,8,31
54085,681742,21547,613480,29,31
180,973517,290435,900041,30,48
242403,633354,227783,584681,17,19
517064,593805,130136,917082,39,3
143301,858326,533882,539402,0,35
609704,660033,300108,587246,14,2
7756,989362,547142,887790,17,49
597511,957962,534641,980252,22,18
303116,870317,260718,709719,22,28
552418,823428,66492,918230,42,13
163565,169979,19372,231751,10,0
336410,432641,114382,878181,38,4
375367,405488,89521,711854,31,1
380700,903280,366224,962660,29,26
53479,811405,286898,759603,23,37
676703,767691,11855,981396,48,4
24842,902853,283500,493639,10,43
150430,508319,575359,783531,10,17
247415,800132,507064,753650,12,27
583207,712442,79747,648702,28,6
157368,512922,52178,418099,18,17
372,995540,527002,622479,4,49
221956,818842,67067,860761,39,29
586495,888034,500760,604242,5,15
51234,939959,384774,852483,23,44
23807,268456,301613,944228,32,12
162648,966187,94454,913152,40,40
429239,874522,298738,301290,0,22
637546,753964,43654,295928,12,5
46674,824130,110847,682808,28,38
7576,988304,18466,975303,47,49
43155,225718,349575,898906,27,9
43329,926817,341391,906190,28,44
819119,877481,891399,941486,2,2
341051,463669,60332,952227,44,6
128815,653418,476477,982428,25,26
200981,677765,60839,700239,31,23
37617,953248,227779,639315,20,45
59763,644235,323845,957978,31,29
479413,735319,326268,651380,16,12
16434,861164,86284,104170,0,42
225761,381226,207479,893485,34,7
320730,497264,124645,751847,31,8
171639,657670,521962,625801,5,24
292605,709655,206280,559917,17,20
43692,841842,131997,631737,24,39
3663,858188,394609,938226,27,42
41650,870231,69948,975535,45,41
40440,894157,241404,990944,37,42
486376,973636,116698,871737,37,24
234706,757808,290280,718840,21,26
96676,239508,482039,511747,1,7
133615,954719,87639,981865,44,41
37913,992191,92524,858723,38,47
84652,526840,331141,927741,29,22
251740,389301,574096,779778,10,6
126418,789523,291085,911241,31,33
512698,688389,352895,494572,7,8
267521,582240,86126,592778,25,15
5838,660464,135206,714943,28,32
31344,970666,256401,300715,2,46
266141,748892,234079,895176,33,24
25771,776038,389552,443953,2,37
173965,911051,12213,983954,48,36
410651,759178,418296,824955,20,17
236902,858415,488836,522344,1,31
209474,426847,294574,872919,28,10
5927,997246,177567,363740,9,49
287281,863031,3435,996060,49,28
105256,800826,244239,727964,24,34
654194,887309,327314,946295,30,11
320583,827303,162699,953644,39,25
104113,551360,276290,636013,17,22
611765,901624,133157,961779,41,14
364696,580948,145644,538136,19,10
667728,981617,855724,992293,6,15
275547,330553,113809,879646,38,2
11274,536920,31107,694941,33,26
573205,911079,148930,835753,34,16
161549,703159,4771,999427,49,27
50132,862728,58755,971505,45,40
126509,672740,9905,636196,31,27
48350,545373,93398,428577,16,24
451827,745127,343000,854200,25,14
350951,726213,217210,929941,35,18
275811,735734,297674,513803,10,22
108050,722866,857,822620,41,30
447989,956970,251918,821686,28,25
193103,660534,33265,986964,47,23
319646,972344,135605,169389,1,32
191846,364166,352689,722795,18,8
378141,799428,46117,954314,45,21
204588,520423,91477,852263,38,15
5051,745317,445902,716775,13,37
72436,965481,271716,934734,33,44
309424,480378,103812,898468,39,8
86651,657650,76287,243105,8,28
209218,864399,36980,696697,32,32
21425,840781,90783,459396,18,40
22244,715645,713317,858645,7,34
197132,918484,21417,563081,27,36
685061,830106,266107,875123,30,7
424862,659375,219125,651477,21,11
127472,443624,30516,469956,21,15
568648,707718,137593,989173,42,6
7436,242364,795697,885309,4,11
114112,912167,431737,952788,26,39
125852,217884,554240,956060,20,4
330943,472171,11309,980483,48,7
26685,724795,481110,942670,23,34
29751,738507,495898,977621,24,35
351333,401865,94510,764923,33,2
49886,507963,219410,630027,20,22
329833,761096,311020,798367,24,21
453,994895,35715,546057,25,49
45300,748523,65509,956240,44,35
11281,449807,107509,549263,22,21
95473,825647,816227,957190,7,36
108131,984477,65817,983665,45,43
33496,954156,10277,791313,39,46
38780,980407,113383,972361,42,47
333546,661754,46814,943467,44,16
938840,945602,294341,749281,22,0
40984,991300,241699,741732,25,47
183898,911678,427268,754829,16,36
103618,139345,154351,940801,39,1
320104,373280,68824,786910,35,2
612497,643647,61009,999848,46,1
435520,895145,239500,951565,35,22
513398,815787,1107,213772,10,15
13455,937850,10287,767438,37,46
144621,430951,730,908277,45,14
58587,856423,220987,624664,20,39
219219,876816,327074,856928,26,32
186862,838086,191806,853366,33,32
205524,863597,534129,886122,17,32
240465,805804,14913,896981,44,28
738875,995894,326451,800511,23,12
161025,438328,171920,698296,26,13
684545,979516,56742,371527,15,14
124103,520552,101174,270351,8,19
30977,194822,545830,979321,21,8
3889,174096,272089,659564,19,8
130217,741851,35885,936874,45,30
158588,693852,315959,682184,18,26
632944,860769,29026,730697,35,11
15995,979254,25208,994120,48,48
609198,830898,69918,955833,44,11
124493,788767,15008,861990,42,33
278603,333522,139515,921046,39,2
164225,964900,7314,795711,39,40
184034,571379,278229,564047,14,19
167263,630995,27045,940318,45,23
725512,908518,25380,982229,47,9
3291,605253,34512,964161,46,30
228386,495303,7111,905077,44,13
372835,870864,74273,967663,44,24
247719,848373,238674,789158,27,30
436682,640922,861489,985339,6,10
144091,585442,513388,976290,23,22
107544,562979,228229,986809,37,22
317973,544525,41324,732079,34,11
7476,619949,16757,958715,47,30
203044,368888,121916,668149,27,8
839367,885962,7131,996717,49,2
47377,947656,5236,988552,49,45
466371,754036,223983,313349,4,14
19832,952489,524607,638628,5,46
429100,783150,377112,984972,30,17
284323,951340,61829,543356,24,33
317445,325628,231608,604731,18,0
211345,948269,1043,999734,49,36
192891,949738,193764,860061,33,37
540849,698312,55506,949811,44,7
28287,829072,249484,751072,25,40
414127,559122,182638,934657,37,7
139527,864844,620941,926509,15,36
6426,979232,801710,858921,2,48
248953,948992,52984,725389,33,35
184110,921355,176304,894513,35,36
13662,977859,30605,422486,19,48
38200,943618,31261,867375,41,45
143446,844971,118063,727986,30,35
291435,809169,32382,531202,24,25
200360,289736,326558,504852,8,4
116650,201847,279751,393361,5,4
91,999641,831102,940134,5,49
297466,313635,395313,928766,26,0
394558,648537,333285,834312,25,12
387225,892777,9073,987372,48,25
421855,832949,854717,989079,6,20
467273,978367,444451,902490,22,25
159647,284730,614563,626785,0,6
151398,868450,158423,256222,4,35
188003,934859,754711,960062,10,37
289763,945083,337224,930928,29,32
46711,932025,23753,906684,44,44
534238,928185,413978,916377,25,19
97522,928864,686355,948138,13,41
5036,996418,5669,624538,30,49
68208,978150,231417,536025,15,45
10877,982965,80603,192954,5,48
227818,931198,610864,922002,15,35
7418,52148,29516,757913,36,2
134695,882860,168819,990017,41,37
17897,984847,291004,314176,1,48
523278,883566,277389,653681,18,18
478043,801673,13374,983179,48,16
309857,976118,19397,798079,38,33
393826,596417,229134,230949,0,10
41853,925545,85944,942688,42,44
29893,841375,107229,945257,41,40
127644,969454,182957,900857,35,42
84988,100637,472395,792838,16,0
181562,814651,48893,890136,42,31
14196,907616,298034,799470,25,44
144938,951907,43876,930971,44,40
291625,612854,132402,678399,27,16
2123,803153,222450,989565,38,40
858587,986015,162186,747446,29,6
65395,857696,5442,901660,44,39
275801,988388,268730,777943,25,35
132698,938180,338286,409871,3,40
46132,878674,221498,736430,25,41
133525,619814,110070,668286,27,24
413287,881237,495793,836056,17,23
37223,315226,32773,95887,3,13
10466,942319,397934,899379,25,46
258572,983858,107913,734333,31,36
94238,754861,444411,557956,5,33
140068,711227,148064,952628,40,28
458576,752391,2078,561022,27,14
658709,751213,91190,736738,32,4
155660,654385,395213,516696,6,24
919119,972446,353515,899206,27,2
569657,649630,763141,993869,11,3
65480,991407,556543,859438,15,46
233227,994266,486617,514087,1,38
58,995685,2452,973968,48,49
375590,525581,505540,750692,12,7
35303,923907,287101,558132,13,44
632433,824487,446012,729277,14,9
278602,721219,266679,319632,2,22
5693,998962,38046,887149,42,49
303556,951679,56057,319627,13,32
593316,995998,640708,885202,12,20
100280,297613,103119,913602,40,9
14866,925331,225702,953509,36,45
667979,888560,48744,871238,41,11
24430,999906,66073,633092,28,48
118358,646887,436903,854998,20,26
660133,982304,73894,423070,17,16
405858,626939,352175,431715,3,11
94872,977693,605769,852422,12,44
11116,916885,336791,846018,25,45
253781,885862,198146,929741,36,31
350796,448877,3140,896167,44,4
42049,867105,357853,793996,21,41
339943,471322,85680,964858,43,6
368649,849509,447101,853228,20,24
275284,896878,371031,518990,7,31
106842,654083,98028,419240,16,27
16205,557936,125411,849044,36,27
199737,759212,741,937729,46,27
283188,684484,30714,999438,48,20
26025,237675,153876,648894,24,10
26822,228423,209865,837389,31,10
270669,432385,374054,430362,2,8
169580,752492,570036,912946,17,29
32628,970069,200172,429392,11,46
464379,915475,91,997183,49,22
340073,341367,62736,727488,33,0
491,880312,108025,515993,20,43
376413,718311,420768,862462,22,17
160039,673295,81501,883241,40,25
149858,795827,110842,492267,19,32
15452,953600,18746,961122,47,46
593532,702105,106397,734288,31,5
352581,836000,536766,832338,14,24
346085,523891,56624,943016,44,8
443616,825592,49721,962238,45,19
385667,921401,16264,979234,48,26
67602,882801,80871,679786,29,40
662596,667034,191339,241119,2,0
69461,811182,114244,456143,17,37
100017,962872,318884,744774,21,43
571986,976586,261949,822965,28,20
54070,621914,504857,919274,20,28
84669,985347,546397,737030,9,45
124402,979689,385954,974161,29,42
11850,866392,517749,701111,9,42
296848,855848,13823,653870,32,27
95808,734561,607195,689953,4,31
279530,779542,103957,649401,27,25
417120,795324,727304,968547,12,18
435802,492543,13208,828861,40,2
524763,925217,125715,937993,40,20
106179,963726,376109,419068,2,42
318162,509158,179619,590888,20,9
190297,814427,1708,969583,48,31
7235,997860,748983,775196,1,49
24600,434081,295632,565713,13,20
220140,738149,72285,790871,35,25
168762,935495,634437,829918,9,38
441951,836713,31254,985312,47,19
874242,925606,919459,983843,3,2
209781,378925,352546,627765,13,8
5432,552922,1669,965242,48,27
259668,684258,264708,900217,31,21
551231,784083,308925,956338,32,11
190635,944899,556327,843395,14,37
137702,664436,92150,317567,11,26
5103,915097,146011,816133,33,45
233479,818244,808495,904674,4,29
259319,792244,286689,819139,26,26
19511,978038,859,990937,49,47
136002,143397,201366,904550,35,0
7847,939804,538668,826388,14,46
882967,951169,711180,841111,6,3
88397,810572,103561,743676,32,36
270945,777680,497603,974216,23,25
198065,727940,96039,989557,44,26
408876,794029,8159,624270,30,19
570569,855336,271769,735887,23,14
523197,670280,148118,981982,41,7
550692,885366,535500,673128,6,16
8145,504722,28091,660626,31,24
33397,732905,45014,916970,43,34
842175,851725,41312,942113,45,0
142679,463220,333789,965725,31,16
131666,965584,48188,847127,39,41
938620,970237,291897,457441,8,1
326411,710703,161397,564085,20,19
140826,885310,529916,657163,6,37
216582,786786,81253,264492,9,28
126270,822651,363189,586241,11,34
102445,839242,273054,527996,12,36
17046,970287,255508,862743,30,47
358780,784637,10792,992141,49,21
137929,166453,268039,945406,33,1
338815,910282,111273,483191,18,28
380173,785254,65633,919675,42,20
243390,661319,48710,691225,32,20
303802,752493,61891,842610,39,22
92494,861225,76428,625952,27,38
77030,972005,58095,699984,32,44
311056,340078,105681,559617,22,1
582728,877213,27250,985976,47,14
452247,575731,542377,563582,1,6
52604,883367,508196,892019,19,41
20814,966491,131210,970397,41,47
244945,593427,605044,707387,5,17
381730,992384,741526,743505,0,30
291217,705879,437332,975623,26,20
10352,342197,110357,583038,23,16
764597,817547,377275,911736,26,2
156190,670973,99098,999972,45,25
40107,948170,39583,181735,7,45
206594,564332,159319,871470,35,17
139152,958361,364941,632259,13,40
202466,945589,311085,561037,12,37
67856,879390,330403,718531,19,40
91307,879686,333195,484467,7,39
143620,938825,186078,608098,21,39
231260,301983,430892,461072,1,3
53792,938734,612473,914657,15,44
12584,723596,91551,356445,13,35
113217,793175,344077,916002,28,33
464697,918547,75000,875964,40,22
36782,104232,131872,911707,38,3
569334,960511,314147,871125,27,19
365741,662515,191328,265921,3,14
125525,938914,3029,983627,49,40
222163,820518,21529,997575,48,29
3881,957316,25702,950853,46,47
329256,946962,97122,857671,38,30
171471,642968,27946,128445,5,23
549937,892986,8256,773319,38,17
3529,187385,135,973782,48,9
584545,924171,529234,912778,19,16
347800,377107,29734,721776,34,1
90948,237181,315681,470872,7,7
400517,955644,33812,893644,42,27
14001,996966,41649,937409,44,49
267530,391514,13163,329234,15,6
194826,661759,464056,852446,19,23
251581,895642,86588,574186,24,32
335787,924976,68356,928372,43,29
436829,564743,154091,965823,40,6
258544,952297,41220,425471,19,34
126823,868162,67582,950709,44,37
307243,905415,237229,246469,0,29
394802,888879,67950,768876,35,24
140741,248988,78933,542471,23,5
194760,531141,325890,362697,1,16
126840,952979,52408,648701,29,41
13284,997663,256944,834313,28,49
606605,826797,16607,743442,36,11
556109,949582,24883,649995,31,19
128422,890242,764573,981023,10,38
127993,745288,17291,662324,32,30
220185,909943,163686,920783,37,34
112325,564197,287087,466655,8,22
7272,897914,480685,894234,20,44
159517,968228,421033,834567,20,40
597535,869848,409202,421112,0,13
11716,975450,271213,712762,22,48
37330,303186,100061,414960,15,13
468420,912901,506109,987724,24,22
429716,748426,108489,943699,41,15
5473,930128,7728,988048,49,46
368467,696113,41625,963719,46,16
787159,796761,2500,783436,39,0
8304,711616,394532,753399,17,35
153088,535180,659911,915062,12,19
404290,655371,417442,789257,18,12
109021,983520,18801,975965,47,43
660690,894788,1766,999327,49,11
303772,654210,44380,972155,46,17
157849,803120,1111,996773,49,32
61984,744094,447297,857534,20,34
213059,821561,153861,908110,37,30
737322,958216,766725,903910,6,11
115489,968093,441646,970591,26,42
337442,893105,517044,539699,1,27
4275,156197,123200,780021,32,7
440590,912817,612180,623590,0,23
50633,985868,62332,827082,38,46
29260,841942,114603,984031,43,40
105020,838996,12720,816304,40,36
503650,521061,15823,987981,48,0
145823,906979,209096,863184,32,38
6350,935335,505876,696975,9,46
599648,842309,97594,708988,30,12
200501,220372,311893,661284,17,0
76123,984425,158345,279258,6,45
129549,986995,36035,803386,38,42
44831,573319,378223,623959,12,26
217701,817439,637222,883182,12,29
249248,327581,240244,725591,24,3
88118,921457,584498,995438,20,41
231474,932378,13459,982273,48,35
15104,727070,119679,858862,36,35
712980,861604,30172,694502,33,7
61631,278140,124011,390747,13,10
254394,711542,624437,743986,5,22
97923,780195,252778,973817,36,34
12180,860946,7116,511925,25,42
38103,998986,228422,446191,10,48
204236,568670,236051,875359,31,18
80243,728250,278299,999272,36,32
88361,369479,224758,802646,28,14
130552,810944,29139,997102,48,34
232097,694211,297585,956432,32,23
53389,276657,190692,672294,24,11
138918,578170,493573,737617,12,21
3577,523040,89712,945198,42,25
32679,920807,26427,957237,46,44
104885,914236,11540,990582,48,40
19958,664853,207491,813711,30,32
533614,726462,546355,558651,0,9
345853,846082,85193,975879,44,25
561692,686618,8378,968310,47,6
455815,722810,199728,903804,35,13
348777,604116,25346,983856,47,12
60009,184658,18218,942967,46,6
36299,381069,721597,904729,9,17
82273,697343,752780,791951,1,30
55181,725489,74708,553917,23,33
359647,730512,42711,150937,5,18
189620,424203,393024,759279,18,11
392342,440148,122498,990545,43,2
132189,936499,162946,782220,30,40
231243,271176,337771,817260,23,1
82394,609629,6876,777011,38,26
560396,821676,609821,983883,18,13
148433,888685,155591,592811,21,37
136108,487751,615001,868729,12,17
9486,977619,217989,996572,38,48
49957,828738,6326,984430,48,38
95220,881190,133251,911241,38,39
148880,656807,40946,990672,47,25
317034,767885,218001,590363,18,22
79788,183607,674969,983715,15,5
502099,913796,497279,945275,22,20
10051,802351,193788,892524,34,39
190517,768861,464454,681569,10,28
179296,970278,381827,975635,29,39
162097,706829,263874,725898,23,27
11238,748583,55028,627962,28,36
190666,631740,25358,800817,38,22
331459,568666,393902,988970,29,11
499770,577591,210433,939187,36,3
468534,988791,11754,866718,42,26
211742,536327,534942,969226,21,16
145666,741759,242306,782143,26,29
570394,943626,40092,928557,44,18
381707,873505,276517,661590,19,24
27832,790813,37295,801469,38,38
893766,899288,317898,566740,12,0
323953,696088,5416,938670,46,18
699202,755863,387962,959038,28,2
41738,865517,488811,845546,17,41
233914,827869,152421,973890,41,29
330176,397169,626981,985325,17,3
77436,585576,292275,607263,15,25
74732,369269,340641,678275,16,14
277680,412856,9782,282944,13,6
64295,879645,608017,694952,4,40
184411,940754,666729,978285,15,37
41963,793478,41096,786444,37,37
44613,544399,18804,991027,48,24
146221,865110,85143,668977,29,35
63107,974594,20764,983037,48,45
129149,996818,722607,849257,6,43
21853,970124,941491,981679,2,47
31172,823820,530037,853313,16,39
6519,771692,147400,930347,39,38
257447,928964,327266,571500,12,33
411798,909089,73388,841690,38,24
500252,780160,3401,831163,41,13
5630,981373,72393,317535,12,48
721843,789287,350351,937395,29,3
193361,699521,136217,475982,16,25
19318,369392,56675,898828,42,17
382521,997217,112367,280851,8,30
227984,777481,99312,450439,17,27
147083,293712,119786,709715,29,7
3944,974183,97078,887809,39,48
34401,808093,11882,718508,35,38
82416,984694,116439,897035,39,45
178994,897872,150,774378,38,35
302997,325480,635443,953758,15,1
217716,941110,10718,737123,36,36
73475,917136,247346,901687,32,42
16906,405567,51431,983876,46,19
217152,861990,439112,982325,27,32
80844,966410,417397,951059,26,44
25612,30095,226669,486710,13,0
178089,885876,282100,420730,6,35
23278,920348,355411,427450,3,44
189776,604884,32383,657541,31,20
722593,870774,66139,473966,20,7
109772,833954,26700,71218,2,36
23498,997364,147654,861027,35,48
575557,598724,116921,730834,30,1
237734,378246,60020,988379,46,7
26995,974964,730220,852802,6,47
564335,735621,130221,348684,10,8
66717,933980,140198,764825,31,43
154879,814910,512247,556878,2,33
650824,912447,144184,650086,25,13
135101,962354,42335,892992,42,41
221574,878091,2267,970273,48,32
259373,588638,262650,489690,11,16
106109,419376,669659,906749,11,15
106942,959215,38190,901134,43,42
681478,769448,69922,851274,39,4
399706,866223,108275,612172,25,23
92587,303222,25932,356593,16,10
636182,974677,78190,812149,36,16
613893,673061,441622,671046,11,2
240743,681300,471133,749828,13,22
548947,845361,149500,920614,38,14
17920,986083,108657,960713,42,48
66485,974791,42163,980476,46,45
163980,828004,430619,850986,21,33
4733,738425,196861,542845,17,36
61175,846606,399056,694930,14,39
489016,628367,161364,237908,3,6
410942,985321,785925,804677,0,28
72628,337451,211128,401259,9,13
87586,963027,406269,952238,27,43
138628,517822,206857,991634,39,18
345695,614655,38919,788582,37,13
275759,448222,326045,409391,4,8
561138,583004,152900,903417,37,1
417280,628028,83,998626,49,10
41440,683448,62572,232428,8,32
424805,797142,556142,951794,19,18
195303,794809,21717,877287,42,29
663877,797626,29147,804200,38,6
56505,768470,178444,507802,16,35
236455,252832,234811,635752,20,0
770191,923885,33266,754190,36,7
19510,920613,123326,343232,10,45
2943,948369,530037,849246,15,47
300886,920577,156401,749919,29,30
15867,841097,265984,965740,34,41
653943,776977,435325,847296,20,6
77690,458151,593773,986706,19,19
142630,629762,202869,930329,36,24
494699,577653,112881,915513,40,4
790334,845265,759335,842056,4,2
493373,924537,459961,632372,8,21
2306,553332,71686,970266,44,27
90219,982851,301127,667024,18,44
318061,838777,7746,991722,49,26
321007,815984,224980,501128,13,24
45706,833153,212386,372634,8,39
85990,831894,37374,956080,45,37
566259,823758,22851,947514,46,12
195841,876085,387393,731512,17,34
178374,941670,40385,945787,45,38
1618,278212,75035,980179,45,13
31526,508482,7296,422999,20,23
68961,962403,74575,843752,38,44
267563,501481,195771,702319,25,11
226468,958328,80493,995883,45,36
822988,874850,87073,981884,44,2
603360,866957,33984,999084,48,13
102036,798374,114425,490527,18,34
295547,922005,110658,897173,39,31
33265,981608,157182,265531,5,47
187861,987938,92829,795446,35,40
61727,916112,183447,569191,19,42
385751,577502,14794,925048,45,9
419961,912869,680366,720523,2,24
375619,698207,48506,630872,29,16
32972,79734,468885,587457,5,2
170101,967529,692818,695057,0,39
684631,884496,207964,560947,17,9
86239,101115,516267,943252,21,0
77417,319278,161238,893991,36,12
130299,890996,169383,555034,19,38
16940,645973,149634,366653,10,31
354170,831928,197184,962384,38,23
176090,706850,599314,941919,17,26
521513,772638,429410,533630,5,12
114872,589661,11904,717212,35,23
549940,711964,278304,780745,25,8
363206,729075,692561,924394,11,18
59905,975107,347086,919578,28,45
139196,189853,367536,874526,25,2
55927,747641,89370,868703,38,34
550799,856657,528456,839852,15,15
217796,997484,77220,388922,15,38
102832,730780,6171,993915,49,31
4339,755929,202875,766886,28,37
296134,516279,149979,910229,38,11
384661,834280,449816,834207,19,22
325235,740988,225994,833330,30,20
163585,669617,3560,593665,29,25
379530,906546,292448,585555,14,26
133988,995292,85212,961253,43,43
66137,977038,9336,892889,44,45
370414,387107,69114,669495,30,0
242597,721873,12147,997958,49,23
32581,774540,139441,874057,36,37
208419,999521,196899,588610,19,39
14762,995732,400178,646807,12,49
138089,935033,63561,976809,45,39
521112,917564,629502,725401,4,19
73644,308741,47113,997095,47,11
424078,670487,159622,561591,20,12
198707,976717,260696,992271,36,38
11797,962712,262984,924613,33,47
292308,510997,16601,672507,32,10
389645,515521,26541,852787,41,6
4624,493358,242073,704706,23,24
822434,881422,42753,995143,47,2
221708,964645,21087,988150,48,37
417085,860632,323573,942296,30,22
496681,696678,86411,933678,42,9
67365,796873,10624,863385,42,36
359794,619916,103701,488452,19,13
58004,431719,197434,966617,38,18
465858,992607,871215,969326,4,26
336356,914932,64862,899714,41,28
145152,494063,19056,659326,32,17
194723,965509,448339,975381,26,38
152405,441600,485985,915205,21,14
14179,937786,302759,991214,34,46
547106,707190,53626,525464,23,8
282029,529101,290519,432387,7,12
77362,920624,247051,705544,22,42
24269,100171,284430,970975,34,3
6726,999921,237919,728953,24,49
104851,974243,118355,839511,36,43
664450,812125,348153,668293,16,7
383947,706102,68544,840066,38,16
24723,994921,229517,631883,20,48
498986,533226,311806,311942,0,1
163766,853800,395132,641982,12,34
232351,785271,303037,375104,3,27
124368,897020,169063,628951,22,38
548281,634553,58409,990181,46,4
240854,728562,61180,572074,25,24
115927,937417,302256,953671,32,41
96229,840365,812554,884470,3,37
239901,520071,176641,780346,30,14
578350,782501,397028,862093,23,10
38520,999383,585,999907,49,48
32571,366792,5537,997567,49,16
45810,63016,537912,670666,6,0
416777,715530,13988,807123,39,14
38507,774109,16149,967930,47,36
303220,495871,258980,570714,15,9
120638,621117,469581,989034,25,25
5876,977843,17261,969716,47,48
30332,767878,187411,939878,37,36
580335,604335,246051,345091,4,1
297116,388813,742458,890422,7,4
55777,860991,149287,840098,34,40
72492,105028,460346,802095,17,1
333724,765766,625200,824016,9,21
384420,610712,33175,890507,42,11
142919,586041,242289,793670,27,22
223482,485065,72967,740022,33,13
94759,500723,77048,796464,35,20
475984,968273,61467,590680,26,24
489713,751860,279951,447044,8,13
59620,141373,25745,868597,42,4
369119,717148,373214,501015,6,17
957008,982810,41640,614245,28,1
50053,866470,157835,465230,15,40
202343,268847,148803,975529,41,3
380117,639051,208849,914805,35,12
561112,577489,577106,756255,8,0
70335,206497,287633,948183,33,6
22540,798963,167011,762379,29,38
2844,821022,523041,562699,1,40
24796,104179,69801,463945,19,3
230998,958545,356235,887026,26,36
567251,938060,109123,386701,13,18
302435,317318,383724,608042,11,0
157648,856504,85349,746682,33,34
426051,693482,811022,849059,1,13
99571,435497,622056,910245,14,16
338568,515660,267450,844914,28,8
224006,910941,380161,934033,27,34
34391,979945,28657,315304,14,47
89407,472297,529613,996504,23,19
299113,499087,176318,692382,25,9
20722,748495,465978,929789,23,36
540770,933997,41984,863810,41,19
69575,832772,197068,517081,16,38
4799,971543,404138,837681,21,48
670293,924071,340289,417680,3,12
370933,969868,210961,405346,9,29
527881,937612,438482,868766,21,20
664618,722282,658048,790312,6,2
275220,355419,114632,721240,30,4
163451,694291,601522,721158,5,26
118455,925951,462525,614385,7,40
3589,983328,266270,787161,26,48
218565,971189,211611,972935,38,37
241315,547739,151558,190506,1,15
153511,352384,491940,942796,22,9
41936,688808,683534,683601,0,32
154098,484009,435449,955492,26,16
18841,896594,237525,884517,32,43
394467,909665,355721,957414,30,25
82459,803763,212328,351023,6,36
26225,980762,299937,705686,20,47
12247,714140,453238,862878,20,35
120352,892238,5676,993201,49,38
197045,541294,465308,557434,4,17
639929,878057,434903,903165,23,11
62526,990845,50350,981132,46,46
461344,574486,516304,673393,7,5
85750,884464,383892,433365,2,39
26167,970120,152892,934098,39,47
180552,415971,65155,980173,45,11
510050,970309,183416,908256,36,23
477800,892031,214267,218720,0,20
35138,603890,192957,937483,37,28
696772,866000,36497,975155,46,8
155757,675049,458492,979441,26,25
33365,479850,40032,613767,28,22
56251,985436,26744,993129,48,46
106546,989274,698815,998802,14,44
120917,878674,520262,702412,9,37
446189,606327,179520,341221,8,8
207950,917248,263939,964367,35,35
145090,948275,54226,607291,27,40
25774,940626,158625,971191,40,45
40903,963688,9457,814507,40,46
98204,727302,124130,461572,16,31
110472,529615,76973,869276,39,20
258395,315454,313863,939851,31,2
292778,875674,106567,800957,34,29
23723,523007,617451,850068,11,24
113117,974479,28402,539948,25,43
18798,983829,103856,934434,41,48
215580,990970,330545,931543,30,38
261024,390971,67859,115389,2,6
15982,873136,88624,995668,45,42
561,999696,386587,843594,22,49
38673,158735,167240,450556,14,6
72656,465102,378999,611371,11,19
51244,358601,475263,663916,9,15
280299,493038,13641,855038,42,10
186586,826432,452304,975217,26,31
237854,267943,286944,885815,29,1
299512,973105,581395,807679,11,33
472064,756366,159165,691289,26,14
123405,258271,707005,904444,9,6
255105,747672,144591,736172,29,24
154281,896325,167726,974558,40,37
572731,942867,735257,811564,3,18
1755,998226,34605,966349,46,49
175896,914665,222540,909481,34,36
23163,583899,216724,638819,21,28
371719,702993,9457,766438,37,16
115456,404116,412055,424383,0,14
240466,963427,155044,915106,38,36
497849,699122,392881,924029,26,10
62359,971584,17168,565980,27,45
165496,701260,294966,335124,2,26
21233,852195,291924,844469,27,41
223539,342812,590161,812223,11,5
70867,648524,687371,834820,7,28
16195,101027,297120,336547,1,4
671876,743858,646321,960029,15,3
76108,542058,66283,939575,43,23
91886,665653,51671,983802,46,28
131500,996703,216381,755373,26,43
47211,749350,103631,134566,1,35
68523,326966,629031,712005,4,12
218843,529785,209824,908950,34,15
310397,895261,162145,546655,19,29
388336,922303,312987,758287,22,26
22415,917971,136741,748722,30,44
86385,205227,89415,698347,30,5
52219,211621,434332,643773,10,7
26237,126257,47482,739635,34,5
316558,945401,217757,838237,31,31
106174,940380,410639,665408,12,41
49711,263166,168583,862755,34,10
106665,954379,280685,549688,13,42
11338,725751,763286,941303,8,35
19696,992413,355823,586005,11,48
472025,907527,502548,774933,13,21
428310,754345,92355,247654,7,16
429479,644675,576166,740203,8,10
306707,364029,223137,386834,8,2
185650,206982,767209,969698,10,1
188116,726019,839914,866448,1,26
91614,850446,218948,375758,7,37
620372,707321,108701,828321,35,4
85771,962274,713901,945213,11,43
296619,359684,166308,686512,26,3
308846,893387,689026,949477,13,29
893986,969793,4482,814820,40,3
123010,306320,509155,533700,1,9
157721,666872,74726,895053,41,25
605701,783563,194036,847242,32,8
175545,963098,226704,696726,23,39
16293,851545,344106,483247,6,41
205854,558011,62964,875666,40,17
282211,443789,837733,871934,1,8
417650,956568,39627,832263,39,26
134066,333649,124698,825861,35,9
349163,736176,420382,685333,13,19
7326,977352,117291,992588,43,48
32732,378497,336285,970718,31,17
577829,869500,12543,934531,46,14
221813,672128,746429,940366,9,22
651563,833425,748122,793746,2,9
288776,474298,65178,650339,29,9
5123,950503,443683,965333,26,47
192360,983702,99357,966929,43,39
624972,736820,309865,836221,26,5
376427,726776,128009,878472,37,17
115679,739775,200170,453444,12,31
507106,948987,146781,807544,33,22
370204,906356,50459,916621,43,26
35608,767029,368615,879575,25,36
289134,899537,663397,935237,13,30
265767,880396,62234,961205,44,30
352776,985115,633889,698330,3,31
6239,937219,238975,308216,3,46
359635,449518,159372,903349,37,4
191961,511263,13988,978954,48,15
118881,502531,65372,266531,10,19
86774,622679,267375,925659,32,26
202424,596452,26270,898048,43,19
215406,685508,546391,915323,18,23
611902,642971,744346,873253,6,1
137310,859825,207995,793167,29,36
691019,806789,357391,926614,28,5
108874,338864,16442,174318,7,11
447635,769972,137742,782605,32,16
25761,963731,140586,717772,28,46
357499,971813,430662,640453,10,30
28229,725135,330861,496433,8,34
326446,971496,67792,976625,45,32
42094,977547,334818,943722,30,46
36825,999093,6585,520339,25,48
198170,503580,133669,921534,39,15
756272,808910,402352,810156,20,2
4608,957583,162907,976480,40,47
16512,692692,37176,757479,36,33
10942,966633,763503,912125,7,47
740104,822913,226697,923139,34,4
38108,941555,321388,364359,2,45
48922,941078,104322,743692,31,44
566033,729155,19034,770164,37,8
358242,587267,251303,289338,1,11
115218,693888,321793,371000,2,28
321897,713894,112538,953858,42,19
217782,881564,201893,887049,34,33
526732,816883,257486,962598,35,14
42745,798559,545919,566966,1,37
128484,991142,652110,926123,13,43
411960,794818,90145,982905,44,19
490048,902540,547764,725192,8,20
317604,964497,528742,637981,5,32
778841,804233,104759,869201,38,1
112311,270634,38299,530994,24,7
75977,847639,468802,733234,13,38
700376,929284,98162,416267,15,11
259454,503581,306875,937571,31,12
454182,838888,8392,773320,38,19
86753,671256,347515,498239,7,29
309828,614791,326291,745138,20,15
958976,977753,235466,971988,36,0
197562,909052,700333,803046,5,35
460954,825544,662068,870143,10,18
955965,970146,81921,969376,44,0
64512,909301,602041,952329,17,42
248580,895889,165962,868802,35,32
730403,757951,294315,672771,18,1
779355,839563,623351,841520,10,3
21098,678344,638957,701895,3,32
51874,753386,141437,949157,40,35
187337,979512,288881,798320,25,39
360034,835297,85718,972417,44,23
79270,591111,167449,358005,9,25
418084,583987,102496,345780,12,8
563214,976163,157205,824320,33,20
56545,891849,56715,775860,35,41
124494,607375,310401,808797,24,24
508345,511458,58630,157233,4,0
218834,625052,288570,522624,11,20
197963,677856,834069,857679,1,23
114454,832813,198719,400581,10,35
553328,714425,78550,213129,6,8
450039,550271,238281,442215,10,5
356158,747844,180231,993628,40,19
351737,444658,4922,997999,49,4
336092,998959,337778,624126,14,33
32496,978179,285331,653215,18,47
20220,540446,297340,510600,10,26
57961,912506,707245,943225,11,42
639400,717320,234734,882784,32,3
4044,994239,269687,929525,32,49
876655,927916,64186,527485,23,2
170157,933199,186708,332600,7,38
68506,998193,41468,914017,43,46
41310,863998,461491,625120,8,41
556857,782338,639294,926214,14,11
116988,906153,65415,923721,42,39
657580,936122,96061,776613,34,13
19139,896969,224254,607530,19,43
120517,871280,190343,643828,22,37
1462,984235,375877,918675,27,49
122094,979038,410110,888800,23,42
509473,530556,15132,966587,47,1
26418,634605,126760,318812,9,30
239787,586529,394887,876346,24,17
65706,931133,989053,998507,0,43
12162,999677,137269,971312,41,49
44108,888918,219940,435504,10,42
819642,856821,360436,396977,1,1
217436,635541,364750,914582,27,20
429796,807669,288218,337886,2,18
373431,978298,5033,972904,48,30
70724,121242,599019,963687,18,2
192515,863636,192535,779340,29,33
1414,333304,259847,675369,20,16
74580,924704,25440,995076,48,42
211330,448750,103195,855308,37,11
262155,933360,1163,996760,49,33
65543,996317,346540,351396,0,46
206557,735309,787572,805858,0,26
1570,970336,74564,660403,29,48
361787,943640,265448,294667,1,29
51646,784002,95541,296053,10,36
322320,568011,42784,248445,10,12
201178,500772,342473,735648,19,14
66180,949839,345449,936091,29,44
82875,399945,572968,866541,14,15
10110,948611,166217,313068,7,46
421664,807531,90499,589788,24,19
68338,906087,232506,698032,23,41
787175,812134,187698,910064,36,1
323790,976707,9113,780459,38,32
265041,783309,61002,923096,43,25
735617,999941,157147,889737,36,13
78922,966889,92651,889365,39,44
385286,632926,31502,261871,11,12
10016,396537,53583,763157,35,19
589931,906010,112998,254792,7,15
385612,950836,289580,578897,14,28
51330,196520,650449,825610,8,7
13123,202501,471956,945139,23,9
726480,796107,27774,205113,8,3
16452,951476,399184,829286,21,46
672784,694866,229784,877998,32,1
164,997605,298351,984921,34,49
405257,598938,454874,847913,19,9
35725,968508,13984,862099,42,46
439362,639502,165466,880431,35,10
197776,798067,393527,931773,26,30
152397,953543,173064,919458,37,40
382091,753437,165111,750104,29,18
373812,449188,2212,999048,49,3
59147,906397,392603,883240,24,42
173946,369360,456314,794539,16,9
32793,993942,172889,482507,15,48
401312,532369,27903,650742,31,6
29234,977858,107114,991376,44,47
98380,186056,220808,495802,13,4
245789,660453,39619,955811,45,20
357846,602308,193381,237466,2,12
45666,443075,27573,997377,48,19
288871,971574,582141,864458,14,34
152425,408666,64925,953659,44,12
278948,975394,567069,891940,16,34
300763,858927,230048,242666,0,27
23257,806682,328796,946501,30,39
128547,623370,367119,711070,17,24
597716,753591,49404,160834,5,7
311853,964834,5572,940285,46,32
517249,614743,659781,975479,15,4
470088,640936,122685,979637,42,8
234464,924166,13628,996156,49,34
340659,760763,581665,620293,1,21
477058,932640,742030,984792,12,22
3368,549737,212990,604243,19,27
97859,453854,397909,431774,1,17
491817,906066,108717,417390,15,20
14530,956394,269757,847090,28,47
70930,639078,234769,963789,36,28
394425,771614,18594,769048,37,18
92754,931811,7319,297318,14,41
106089,857383,266031,970928,35,37
262335,310571,315356,705694,19,2
58656,484935,154882,970964,40,21
92460,775472,172389,868370,34,34
59737,940625,30954,979948,47,44
322173,432908,18456,949833,46,5
727071,859671,469670,842936,18,6
4417,992872,135509,517258,19,49
138682,897888,84979,925467,42,37
28453,894280,8960,724038,35,43
154164,825734,285967,948154,33,33
244337,919478,70084,483194,20,33
540952,617147,328808,581099,12,3
216786,904848,459048,991853,26,34
2438,996743,449545,880455,21,49
544844,643500,55132,187100,6,4
161858,489100,235580,735939,25,16
758846,850032,92161,993586,45,4
354168,796795,27946,941294,45,22
628443,831604,4535,936657,46,10
395985,743298,682615,828929,7,17
491721,755828,598149,833695,11,13
81376,789342,282633,327419,2,35
221978,860578,298688,785801,24,31
182927,274984,94726,961565,43,4
147723,553776,2676,995660,49,20
5574,861153,139161,758552,30,42
761348,901217,201591,989557,39,6
684898,922132,42257,980999,46,11
56920,845480,268948,543555,13,39
406383,981735,154504,919423,38,28
363164,772828,275577,375322,4,20
223206,461921,208767,770644,28,11
4657,999962,689421,985776,14,49
3729,917369,562532,941971,18,45
60950,295331,19382,990605,48,11
389018,913920,87986,562469,23,26
460605,961586,309995,991539,34,25
99861,383529,21361,398358,18,14
769512,905059,508647,754480,12,6
703652,904650,130891,965595,41,10
235847,295912,31434,536715,25,3
443829,783641,122595,194642,3,16
539613,821501,675510,879837,10,14
38816,966167,447181,715856,13,46
50828,868241,144002,485351,17,40
703485,999764,579848,815488,11,14
662651,912544,504083,758887,12,12
74026,349266,133877,463447,16,13
181390,966285,198225,823725,31,39
184770,900707,379794,808401,21,35
429250,464250,145927,657291,25,1
97260,980061,707956,760761,2,44
145458,480603,45454,859133,40,16
45057,971107,141587,969612,41,46
457802,851630,27895,335259,15,19
337117,756328,23934,978650,47,20
63067,942655,169869,217085,2,43
253858,546679,49403,781178,36,14
189001,863331,424441,981564,27,33
3834,992320,203824,738032,26,49
585324,959500,103531,290335,9,18
64624,845680,147843,957475,40,39
362880,749717,30117,557123,26,19
485381,821916,176504,785600,30,16
169273,937608,25038,975056,47,38
323052,877661,120112,707327,29,27
722633,971984,117997,459014,17,12
10811,857986,60704,995497,46,42
339886,982292,15642,900192,44,32
68932,489939,535661,849921,15,21
18206,998809,143,804327,40,49
546553,822461,439947,726141,14,13
346416,891866,19645,713924,34,27
92331,514503,307254,905809,29,21
2241,942565,82244,478805,19,47
296584,836856,162386,944352,39,27
758432,808520,106889,422138,15,2
40139,662295,11050,703484,34,31
51956,293787,164225,843444,33,12
27553,462114,639867,787588,7,21
39652,483829,85419,158068,3,22
875659,923282,91348,531917,22,2
311964,949754,95509,993683,44,31
352795,983776,909594,910984,0,31
8304,692339,497880,937487,21,34
15740,760929,8012,999858,49,37
309384,420880,67660,932810,43,5
53109,870860,122607,790552,33,40
24032,846381,21587,778582,37,41
100233,112871,80908,859553,38,0
531972,967153,27619,965204,46,21
377128,999409,184993,848809,33,31
4253,986266,289668,447114,7,49
361171,915374,351213,459834,5,27
67972,594506,425645,574442,7,26
334451,738928,55572,258560,10,20
144696,573101,330809,434142,5,21
255598,900912,242096,458100,10,32
264606,450091,654603,784343,6,9
20470,929934,275742,764902,24,45
187513,714773,254545,994264,36,26
523165,944031,195545,575790,19,21
355011,990350,135655,877977,37,31
67888,899685,50778,713474,33,41
631769,820255,92530,971629,43,9
35071,795517,261173,321106,2,38
147635,311835,241808,904905,33,8
6274,349995,147506,843204,34,17
165820,416280,197247,779677,29,12
786650,979254,2102,999208,49,9
18933,741321,230250,505281,13,36
657058,921371,2933,616233,30,13
258815,266051,168006,201843,1,0
65270,877600,34655,955654,46,40
112354,714019,207837,621945,20,30
146700,415494,474012,831675,17,13
476269,829372,360989,916702,27,17
36671,169677,146496,763400,30,6
54328,646718,199391,847549,32,29
14018,769609,348820,513840,8,37
67422,905747,135241,331304,9,41
271603,538424,276493,907428,31,13
163948,951320,544061,629225,4,39
156991,724632,79516,733379,32,28
575430,889732,13873,493063,23,15
37831,60266,98659,642100,27,1
152792,575935,401900,526592,6,21
81725,632100,598268,863204,13,27
458072,845218,215047,867604,32,19
79903,505766,598091,648258,2,21
293950,945308,151483,389444,11,32
58076,948028,236650,981279,37,44
206472,923240,69983,860412,39,35
1709,65953,291507,670450,18,3
93489,403949,239852,919797,33,15
450131,762841,76512,458640,19,15
16657,987387,28761,841356,40,48
638865,833776,605703,838638,11,9
194656,922236,53022,975192,46,36
145192,810495,605951,786462,9,33
213836,803931,78501,815157,36,29
567964,946535,2189,998652,49,18
152683,775397,205585,569526,18,31
58813,703851,97256,974008,43,32
634698,963270,665242,873815,10,16
887353,938405,219386,252447,1,2
132066,579419,39245,973408,46,22
317395,482797,22761,900967,43,8
32017,859221,219028,374574,7,41
193946,552023,747808,756679,0,17
600549,792660,68179,847270,38,9
50055,518121,423898,893501,23,23
429499,918399,346375,513821,8,24
54100,981574,358697,519911,8,46
352741,507879,4733,994418,49,7
144460,592618,187208,844074,32,22
148699,272464,323768,772463,22,6
104083,788625,115635,953936,41,34
237903,917988,469708,729967,13,34
478472,526798,223048,820900,29,2
131442,895373,370050,839898,23,38
116739,959130,420851,756455,16,42
3118,348705,13523,992990,48,17
198701,756322,644403,952257,15,27
66312,402216,199824,215186,0,16
851290,931479,201928,798628,29,4
62464,847085,52169,713686,33,39
57496,332385,593660,811830,10,13
54520,793298,529259,914921,19,36
17650,995325,487135,652626,8,48
662797,964427,144458,767873,31,15
128281,926954,264590,985635,36,39
168801,883115,245372,933739,34,35
433539,727100,77032,974514,44,14
48337,883321,275571,649816,18,41
88454,697578,238807,678449,21,30
337499,857519,28309,853028,41,26
426438,919437,92364,998794,45,24
110653,504372,289194,981300,34,19
233865,805383,322232,821167,24,28
67314,985444,270544,985753,35,45
84148,253188,165483,931297,38,8
50672,961640,107722,880066,38,45
157383,388176,301909,861309,27,11
695802,741749,501726,519405,0,2
248437,743307,187125,995567,40,24
542200,857422,164630,866477,35,15
193709,924698,418344,913450,24,36
3260,986567,175401,296435,6,49
42275,909011,162441,453928,14,43
450062,755701,88367,438113,17,15
351987,387465,622692,897822,13,1
512484,780553,27875,962352,46,13
50289,947716,875079,957433,4,44
227695,944603,399446,921211,26,35
106495,833695,81081,960767,43,36
150667,372075,57675,737327,33,11
359618,955172,284834,592640,15,29
213217,621822,9076,704363,34,20
314233,336968,524563,961016,21,1
243977,817540,374905,880396,25,28
140158,779973,257991,524101,13,31
60884,949241,12325,991158,48,44
545123,740272,515106,577542,3,9
339823,841119,7074,674325,33,25
80653,869353,388729,968317,28,39
76932,345448,2811,989749,49,13
20235,903097,94199,929727,41,44
332421,420418,65539,699831,31,4
798173,824832,57860,597315,26,1
35304,985443,102090,598013,24,47
650522,710796,145989,996013,42,3
193157,308082,77200,472035,19,5
81807,217800,458,999990,49,6
106375,548916,207840,936624,36,22
83065,789528,76527,953183,43,35
135612,340221,91066,981502,44,10
76935,80759,239659,706250,23,0
56343,656366,102573,789184,34,30
171915,525028,9723,886150,43,17
808385,954008,405726,850497,22,7
16655,159390,183225,494303,15,7
237360,963559,67211,685837,30,36
87601,254550,298519,983965,34,8
74534,862983,58527,844137,39,39
444239,853066,25378,960530,46,20
120821,193267,569282,845893,13,3
440286,908547,205901,249395,2,23
327299,967075,1885,621011,30,31
202776,799039,382256,948975,28,29
324334,657526,215766,470315,12,16
409202,920718,124233,761075,31,25
53687,388191,498880,692893,9,16
850,20646,430459,589675,7,0
178993,835938,192581,697737,25,32
26378,995517,382127,647475,13,48
37163,674056,180231,689871,25,31
129073,925790,430572,568444,6,39
6567,984141,112155,764674,32,48
51189,754492,317426,958011,32,35
862117,998973,227957,741321,25,6
181203,568328,444661,814522,18,19
8866,998534,346733,526625,8,49
282711,474713,274953,710072,21,9
450,999989,134735,349124,10,49
345935,449303,500330,902150,20,5
58420,909464,45887,733756,34,42
160840,982450,470759,774152,15,41
392065,814392,353694,435857,4,21
73863,627331,164944,367180,10,27
257893,723206,265376,834817,28,23
74713,683964,201214,818360,30,30
476249,718231,939318,971021,1,12
38087,963233,149803,732965,29,46
50615,724260,219699,498501,13,33
48074,227487,2782,998897,49,8
456470,683825,438922,486452,2,11
500942,792892,190947,869047,33,14
26030,329784,17918,179882,8,15
146434,518252,57031,540850,24,18
177969,895441,486710,870288,19,35
211385,751793,529282,574104,2,27
140824,990064,253902,408336,7,42
95092,953485,894,794594,39,42
60485,997698,62613,688094,31,46
379287,564606,379848,652506,13,9
264223,807954,707251,989784,14,27
96946,790199,155338,604285,22,34
8907,964315,19219,936166,45,47
119517,895263,644569,988791,17,38
35436,721202,34735,963857,46,34
1245,538732,566403,964590,19,26
64372,957588,320754,655549,16,44
64163,946148,106442,809547,35,44
293975,790683,270941,716644,22,24
176569,851469,73033,792272,35,33
459570,983624,286318,977535,34,26
55427,319377,301777,425229,6,13
237925,859332,42740,685658,32,31
25980,936276,525251,563780,1,45
505626,927203,100809,972874,43,21
444643,760211,572002,652759,4,15
33894,733702,761211,817856,2,34
480002,712403,15898,654775,31,11
46150,540308,35298,888506,42,24
918594,969835,570391,827945,12,2
440102,895948,851586,940966,4,22
294372,743999,21712,842965,41,22
96201,978572,54309,965393,45,44
44961,952164,235262,835698,30,45
251865,965252,319505,898429,28,35
646684,781980,509324,981726,23,6
712704,732665,209216,867962,32,0
887776,949210,197605,836571,31,3
5519,980651,366559,836223,23,48
162540,626025,113456,898246,39,23
143428,193206,301157,740325,21,2
291388,708888,110038,256687,7,20
19206,583049,73193,740277,33,28
80165,819194,364311,468450,5,36
563294,999745,19389,522361,25,21
246900,799495,350100,522670,8,27
238906,630595,752271,895883,7,19
230988,529153,54170,705174,32,14
241987,410794,25871,513493,24,8
210406,922426,624601,822814,9,35
158292,927621,9044,862177,42,38
63023,619080,13317,931780,45,27
337184,356099,26097,968383,47,0
134713,139074,243325,984683,37,0
186954,865724,481286,618077,6,33
316638,947898,348434,702668,17,31
541128,754843,7843,960643,47,10
38177,994322,220705,425667,10,47
284556,872050,109418,882122,38,29
1809,384141,22298,618180,29,19
30513,990444,356872,945433,29,47
290580,756746,16025,604617,29,23
46250,149225,568347,829035,13,5
590008,828956,153695,934308,39,11
18871,114978,32732,977463,47,4
330890,935649,316223,471398,7,30
248437,443307,724169,905619,9,9
158,998806,103585,878605,38,49
25329,983371,214542,906781,34,47
581060,774346,74386,717393,32,9
156608,993993,398546,923603,26,41
161763,588641,397235,925606,26,21
173903,277989,133424,943140,40,5
7241,590743,444230,653435,10,29
362718,790882,194154,601557,20,21
481275,999729,493495,645750,7,25
146140,505276,62633,978662,45,17
162643,904862,618396,983968,18,37
240971,683689,60309,502987,22,22
203321,905923,139930,996623,42,35
555386,855398,177195,760010,29,15
201137,452300,379352,554615,8,12
131991,328564,218127,855156,31,9
465284,512759,222257,838221,30,2
161494,878109,210056,676064,23,35
96068,531387,111276,874777,38,21
386147,503344,124151,644119,25,5
75371,613239,371117,980041,30,26
162139,771262,201134,680834,23,30
585793,969075,277382,725721,22,19
179560,984574,275111,485703,10,40
107124,360975,5836,140310,6,12
302858,969171,19217,992071,48,33
467271,908511,678265,825048,7,22
194870,955384,69060,201132,6,38
29858,465462,733735,942605,10,21
66297,981292,71190,929268,42,45
86893,965813,147500,474158,16,43
378170,727073,59813,539084,23,17
165638,428815,54493,858680,40,13
348746,739348,155020,893716,36,19
10620,586105,414514,435965,1,28
118533,215591,109181,640430,26,4
432886,776472,187677,977436,39,17
2994,890594,575544,603529,1,44
117480,844850,485853,494241,0,36
121489,974617,241361,978356,36,42
263734,958712,84430,864839,39,34
690905,779872,291374,648646,17,4
897015,976466,725492,780237,2,3
840030,874605,258000,972185,35,1
34052,351043,264069,717578,22,15
343942,849298,714705,766228,2,25
3158,991326,56308,531906,23,49
168228,937539,72227,949839,43,38
117243,587172,23716,955311,46,23
10344,996718,181547,907050,36,49
250736,455134,12393,991739,48,10
64946,994802,514560,723815,10,46
511941,804392,27310,998866,48,14
127484,865510,556758,593454,1,36
320978,718295,275102,396080,6,19
224958,804023,205286,817277,30,28
185158,787157,125783,920269,39,30
249628,798648,377462,511481,6,27
794161,941089,214886,978636,38,7
95871,585505,50739,481939,21,24
132157,823375,294432,875431,29,34
134642,841968,157916,901758,37,35
435296,845521,371142,873332,25,20
86675,153183,37623,780930,37,3
522727,898288,114056,962518,42,18
105334,928290,659034,871054,10,41
132865,764847,36591,603529,28,31
215541,806616,172400,281633,5,29
12498,614204,428643,779457,17,30
31298,813186,6538,965713,47,39
391118,859259,516269,671233,7,23
252908,908193,248985,392399,7,32
39187,982526,452926,812819,17,47
133855,192154,51329,325509,13,2
71754,375083,38067,892383,42,15
484298,973100,8140,791249,39,24
265742,459277,277368,434076,7,9
201717,963084,107805,779196,33,38
153288,294840,18546,936171,45,7
684987,910159,176140,343711,8,11
101730,477585,255373,779945,26,18
318094,607961,721461,870858,7,14
323212,679166,605,951093,47,17
37787,747543,194085,749752,27,35
42263,782591,184909,569068,19,37
265,990969,323767,599032,13,49
532874,550860,4249,558083,27,0
849473,997835,237546,583195,17,7
178205,982179,313788,773918,23,40
127958,794584,49194,989618,47,33
137638,444693,56236,966438,45,15
17950,872582,180927,801278,31,42
857576,988259,804943,962917,7,6
71711,754233,55542,996746,47,34
155535,600006,68238,956804,44,22
26276,987044,253087,338997,4,48
545829,930916,74140,752020,33,19
91575,459282,117119,989603,43,18
313513,928905,16711,687117,33,30
46263,881394,125929,893930,38,41
19189,931904,346861,984460,31,45
88798,786683,316541,330354,0,34
178965,879692,2054,991946,49,35
634314,836296,104418,399251,14,10
46776,627543,108975,179434,3,29
371409,923075,248647,445821,9,27
935,895508,75836,469919,19,44
459896,904233,202267,233228,1,22
288054,795405,303054,593252,14,25
332647,931229,10019,893774,44,29
236160,692764,556058,853430,14,22
95673,917337,14483,884851,43,41
587576,608554,445155,491408,2,1
636020,763093,241737,412568,8,6
168117,848087,314700,699808,19,33
397119,473067,43438,963810,46,3
326023,869823,206958,983766,38,27
161544,969923,499690,742245,12,40
316564,593553,95038,871594,38,13
173974,932657,32003,629746,29,37
30616,936482,413238,799764,19,45
236605,980108,681794,688799,0,37
118399,275814,685040,692912,0,7
30199,882487,264401,638664,18,42
737026,987708,36648,946081,45,12
73695,699816,160299,879819,35,31
427173,839828,245568,997350,37,20
22711,886022,103208,997034,44,43
28077,168395,680812,954731,13,7
160343,666737,290370,523300,11,25
603508,923772,404725,982628,28,16
608128,968118,247805,632994,19,17
539129,889624,49515,277794,11,17
7631,144107,355085,879857,26,6
34913,967125,280865,944888,33,46
28655,984680,25170,985931,48,47
210898,971375,485682,967114,24,38
86663,966990,669744,897861,11,44
423321,990334,121399,810089,34,28
8460,873371,103471,452485,17,43
370033,960517,245752,715244,23,29
14349,992028,64817,965815,45,48
261651,886463,204960,971746,38,31
61214,643471,151952,812907,33,29
563719,804743,767,994851,49,12
116477,235777,130309,855386,36,5
264883,590465,28281,690085,33,16
278095,850953,196615,319874,6,28
9260,920075,98360,437482,16,45
234809,905733,307558,967035,32,33
128431,462516,484573,926356,22,16
33086,116565,593362,642353,2,4
102352,979208,175373,254613,3,43
103096,380136,277151,715145,21,13
26290,933781,243756,927581,34,45
41798,488356,123145,652523,26,22
167911,878028,131952,755937,31,35
36730,935251,389159,576842,9,44
370675,792792,250993,804732,27,21
562897,749072,2953,925372,46,9
505371,734576,508320,751209,12,11
577475,593629,680194,875125,9,0
251445,905899,47976,991813,47,32
104439,542143,280560,512009,11,21
169916,529778,33245,867695,41,17
88700,755905,50008,836086,39,33
51308,557059,175021,571066,19,25
66796,582709,213756,983202,38,25
203011,797213,3851,915925,45,29
126052,545930,135555,995743,43,20
291279,704550,285521,773002,24,20
140946,174285,205551,587271,19,1
255847,459426,224150,826778,30,10
548181,649819,579226,632832,2,5
148321,657531,45844,81858,1,25
15646,992293,61846,616109,27,48
220669,570301,112571,625298,25,17
277083,493748,613860,807306,9,10
66007,534276,86310,778046,34,23
7328,952964,699481,968967,13,47
363883,525390,58672,898563,41,8
84883,705227,26241,894923,43,31
13968,85832,367509,799751,21,3
133337,916140,107323,331213,11,39
324962,803086,42795,269405,11,23
218568,839803,52590,957721,45,31
460535,965023,785922,988098,10,25
331289,973534,140492,942318,40,32
9673,907207,158426,595205,21,44
379114,515022,251719,651313,19,6
564315,813493,78576,853539,38,12
63687,923434,225884,329861,5,42
541181,963411,60045,844250,39,21
217837,795002,273554,733862,23,28
69666,899283,863,994524,49,41
681358,732749,606904,817389,10,2
195974,864051,529312,907115,18,33
113976,806645,163526,667075,25,34
380552,420228,160051,985832,41,1
118166,936861,528665,967546,21,40
189853,964113,212607,906190,34,38
712687,999842,686296,820026,6,14
135093,819627,325999,930438,30,34
458980,462998,2833,990826,49,0
316027,921715,109155,967891,42,30
8507,157276,213990,740192,26,7
365713,966275,40588,907121,43,30
79585,951404,45041,808278,38,43
96126,610702,3758,995364,49,25
751029,937299,203186,684079,24,9
342885,544900,149249,928086,38,10
66830,944552,99876,798354,34,43
76752,444883,38381,957931,45,18
182103,571613,343375,779327,21,19
218943,573318,172960,840820,33,17
73513,836756,80130,367950,14,38
89731,562331,419581,617302,9,23
528547,777759,319095,709185,19,12
367099,860528,16470,878328,43,24
80448,383435,54040,978293,46,15
661093,990362,40278,995003,47,16
441276,929162,1427,998840,49,24
479467,944175,9509,559967,27,23
544624,833779,36569,234748,9,14
670368,817893,466243,852536,19,7
473378,965033,75873,899078,41,24
568447,812750,141429,414410,13,12
32130,761116,529491,984208,22,36
26136,724190,465005,778520,15,34
746725,899526,712496,900512,9,7
62854,977464,24761,783016,37,45
498746,606516,172678,934006,38,5
306114,613918,108936,992391,44,15
42227,890106,119959,950657,41,42
49901,954450,677434,956327,13,45
611651,988448,28615,842605,40,18
401792,637539,317204,580665,13,11
121792,844565,437020,853716,20,36
156410,502738,482479,549736,3,17
352138,534224,42367,720046,33,9
99463,709844,478709,566128,4,30
49340,309956,337695,993932,32,13
647142,865830,193761,696450,25,10
73032,901926,253402,980498,36,41
224975,419390,370945,740380,18,9
75784,264776,212563,423933,10,9
218038,791531,4579,846955,42,28
100131,934292,586442,674456,4,41
66891,839623,33499,972478,46,38
325348,889883,225108,800910,28,28
21011,986109,457624,802457,17,48
290309,354520,290769,707328,20,3
101311,205641,123669,911898,39,5
41675,656115,9179,998192,49,30
796052,817748,714,997214,49,1
83093,892632,310869,605089,14,40
320378,896435,69500,988770,45,28
7537,993242,303786,706393,20,49
264797,351004,651587,905300,12,4
23948,541851,305844,432366,6,25
486805,701268,44206,959620,45,10
177142,352032,13774,976633,48,8
109129,364939,92781,968202,43,12
480054,603915,846597,982342,6,6
359124,910771,198425,868152,33,27
664506,748445,22558,595028,28,4
268515,772996,297129,941469,32,25
14026,957167,231334,976130,37,47
118139,955835,21412,964690,47,41
379183,646382,452390,597948,7,13
113016,608273,305019,549526,12,24
38573,974501,323128,855378,26,46
152062,905611,174083,963749,39,37
505691,982135,50999,222416,8,23
18388,25527,233283,810124,28,0
234289,918076,55559,909728,42,34
257189,919451,390264,557779,8,33
361413,627391,308357,895704,29,13
212594,989202,347187,507465,8,38
312515,344140,420029,919119,24,1
187972,771131,237032,602937,18,29
771471,874186,65816,911851,42,5
227173,355601,64798,749445,34,6
386279,537700,44054,986505,47,7
117899,812426,97506,909758,40,34
103204,706682,317970,762261,22,30
127757,952968,66637,561910,24,41
894840,943625,226003,384410,7,2
270880,886118,95664,590275,24,30
610952,825799,409378,718971,15,10
181428,723621,244385,775844,26,27
363236,661875,403669,861534,22,14
145856,302956,254102,762578,25,7
376033,588430,6142,207699,10,10
121206,521746,262930,847498,29,20
97252,186292,478746,995829,25,4
479304,935029,181694,814072,31,22
994238,998994,232596,919480,34,0
336499,354119,89929,725529,31,0
168343,808789,9223,766454,37,32
626951,921698,114581,958476,42,14
341640,935060,2647,998751,49,29
340141,915194,692597,951004,12,28
121356,678286,276014,688190,20,27
217701,894401,66115,948271,44,33
122990,656275,643433,824895,9,26
754199,810250,927,964562,48,2
472317,915470,323230,832069,25,22
20072,987964,224302,297363,3,48
365449,525199,34391,747046,35,7
868556,952629,52329,881892,41,4
189212,280193,328359,793655,23,4
50697,917448,104075,765813,33,43
396182,924472,53662,990315,46,26
71079,957584,262635,471830,10,44
85196,789295,639125,891010,12,35
486776,815101,148937,989657,42,16
208869,703899,200246,779193,28,24
171132,512693,316842,840838,26,17
135922,705086,271057,903762,31,28
43767,986860,217330,870340,32,47
87882,730546,78084,923454,42,32
299414,835653,287996,411097,6,26
117020,440216,498992,660707,8,16
3573,511438,130018,377784,12,25
49700,621918,72769,857372,39,28
535003,722923,103955,356656,12,9
400935,490307,56900,140049,4,4
150275,589710,408,977913,48,21
850948,857024,86587,596669,25,0
210559,956980,305192,944818,31,37
249245,592736,719468,761519,2,17
83149,890804,252640,355801,5,40
142698,861604,585504,649833,3,35
16886,742663,921659,991324,3,36
382073,869438,69696,100194,1,24
590860,670507,39220,945286,45,3
52619,307470,530264,837779,15,12
253897,918723,131981,963295,41,33
533745,900844,302865,874395,28,18
681041,949059,187221,601871,20,13
19371,381193,138586,863932,36,18
275391,924113,224297,918126,34,32
739370,882995,108153,480089,18,7
271846,374658,660737,782592,6,5
166788,768298,195757,833572,31,30
68812,314087,27434,886770,42,12
53927,976142,128830,836693,35,46
149023,344946,88493,615486,26,9
1394,962130,223953,954023,36,48
532654,868480,123698,831387,35,16
73860,818462,57250,993067,46,37
733348,975283,109615,806338,34,12
293923,517101,748904,967884,10,11
347097,390752,129406,826206,34,2
3014,866932,97623,568282,23,43
340882,494484,25224,652186,31,7
144437,471021,551486,863972,15,16
188858,853884,455886,457780,0,33
328180,861469,303923,852463,27,26
261563,663664,253413,668236,20,20
154064,834489,58772,239840,9,34
252979,843695,413869,859392,22,29
194780,834724,29624,586838,27,31
181804,944446,28992,919753,44,38
110602,880338,605575,966347,18,38
87825,465815,262282,926297,33,18
35184,843964,45666,894557,42,40
25014,343837,98370,966588,43,15
361576,853419,208062,581302,18,24
163798,518850,95880,371994,13,17
281308,720353,37085,503730,23,21
665119,774383,19586,999589,49,5
187745,955331,956603,960662,0,38
107415,640378,541677,814991,13,26
124422,719616,3197,595301,29,29
365860,943486,631484,983137,17,28
906367,986475,80872,740992,33,4
169040,978048,580110,631441,2,40
467144,494955,9096,921266,45,1
176540,632370,24212,994233,48,22
19870,869231,324726,885258,28,42
469542,950709,238294,444385,10,24
447062,521312,211786,784989,28,3
135529,797155,361099,865593,25,33
389532,762081,701237,737584,1,18
1615,868099,457397,601221,7,43
74162,943184,171667,930046,37,43
255163,960859,129433,278713,7,35
33407,873681,86829,494076,20,42
547676,752753,789059,883924,4,10
218402,602735,14353,63543,2,19
491729,851757,91287,597162,25,18
356840,486895,113174,839090,36,6
7747,827684,192239,912637,36,40
305994,981064,591464,613151,1,33
10131,989846,239940,918144,33,48
60852,857183,37688,871698,41,39
581753,863396,103848,977062,43,14
876658,937336,131948,596958,23,3
114522,618403,737718,825382,4,25
250939,291831,736913,935829,9,2
264196,729139,202915,742374,26,23
19627,953689,223944,244276,1,46
832200,945217,102431,930236,41,5
2989,760750,26842,981198,47,37
216495,671339,116966,810810,34,22
512912,668044,179725,987768,40,7
129860,552047,176133,935423,37,21
419023,783902,351217,648464,14,18
284689,872524,24156,159586,6,29
289226,457126,713308,822656,5,8
89374,936638,374005,544598,8,42
419079,832551,185080,582280,19,20
7908,994014,811949,867002,2,49
24019,965891,504064,521186,0,47
473119,719491,262222,794849,26,12
694932,836670,225787,459358,11,7
315994,888866,422212,947867,26,28
419664,591694,643420,644038,0,8
543974,667707,1422,225321,11,6
17151,985132,93596,715972,31,48
60849,365523,571608,636246,3,15
725793,785705,162463,916760,37,2
476137,571082,23997,410470,19,4
27935,960113,256036,992568,36,46
240886,718800,21390,993284,48,23
413150,920065,438191,717673,13,25
201386,752701,445563,965100,25,27
144909,967623,262044,333010,3,41
170459,521457,340135,647357,15,17
121074,985381,304019,800920,24,43
159542,538686,316700,788012,23,18
119267,977510,316835,983481,33,42
203421,991505,94282,649422,27,39
65779,737633,437151,779210,17,33
784892,854057,23733,687254,33,3
115225,421898,195477,811685,30,15
10054,870837,13621,974070,48,43
77787,604870,70413,989449,45,26
51705,284995,669083,854558,9,11
513,988427,258785,880118,31,49
340767,888578,478254,576749,4,27
57193,334182,88735,129337,2,13
128823,948992,24494,985733,48,41
85743,875268,9669,984334,48,39
289437,669286,59459,706244,32,18
130871,910388,379667,802877,21,38
539644,653139,263529,924662,33,5
48211,698820,151680,781451,31,32
496576,796265,539994,808892,13,14
1795,997272,96898,878845,39,49
368455,840989,162092,993137,41,23
113145,274374,194324,799663,30,8
218285,359448,88287,554043,23,7
568371,706379,246776,895897,32,6
19622,985766,30859,921496,44,48
531245,973298,35011,880319,42,22
82625,705652,11280,964687,47,31
542964,745542,153999,187957,1,10
318788,633030,366465,927685,28,15
392407,821006,86666,788923,35,21
179904,961974,10401,998540,49,39
507091,768884,27397,889500,43,13
142463,532796,441479,553847,5,19
338317,826894,10974,658179,32,24
35765,135207,207205,407180,9,4
10044,997483,4127,987350,49,49
187978,918032,120238,785265,33,36
86433,991831,546134,806043,12,45
17615,369516,385287,979658,29,17
56152,976214,176644,648768,23,46
258848,862997,745483,858317,5,30
94318,721896,419735,468150,2,31
180987,941272,25200,829929,40,38
12459,131006,583072,937179,17,5
72850,667493,372411,781809,20,29
488531,768710,436502,925906,24,14
765369,951258,39007,791596,37,9
122295,907183,173145,885713,35,39
31922,964881,240121,727587,24,46
15944,607638,287328,888024,30,29
140926,747228,230440,453039,11,30
229704,980954,417762,951711,26,37
38345,832744,4070,939869,46,39
29788,705057,89225,991053,45,33
77456,978741,470591,556148,4,45
166212,875708,34296,972817,46,35
703522,881095,33532,352481,15,8
39640,978328,85599,999647,45,46
8506,958255,670264,703198,1,47
36806,551639,42788,975639,46,25
621258,902579,514867,860240,17,14
284850,331451,156769,650123,24,2
378128,964775,553966,724514,8,29
529270,965319,166456,830651,33,21
44808,404952,2685,971584,48,18
381098,540056,57712,909686,42,7
169763,578477,298425,331132,1,20
5206,889293,111604,920129,40,44
84848,891789,671359,896275,11,40
152100,568931,251634,728746,23,20
5187,996973,144433,812104,33,49
505161,887172,533549,533594,0,19
474324,974785,37384,765180,36,25
387395,997177,25067,748538,36,30
117998,581250,857047,992195,6,23
91430,978614,281416,390440,5,44
168178,352018,16982,752704,36,9
430580,651696,381461,916112,26,11
245699,550175,73398,129642,2,15
160267,996395,163432,802259,31,41
203887,891974,112614,739667,31,34
805342,821718,320340,628900,15,0
635556,896686,573632,690959,5,13
11036,929941,441889,899809,22,45
104790,607004,566039,945547,18,25
44276,924091,4108,794992,39,43
33970,893658,427759,725209,14,42
637170,831913,82945,771567,34,9
525060,876987,356567,924023,28,17
376316,398614,552392,739421,9,1
14463,825356,297424,829657,26,40
604,989928,519419,826176,15,49
51913,919514,440656,533191,4,43
15451,679419,43891,790461,37,33
317621,888261,21289,989551,48,28
12336,908963,9115,179313,8,44
343889,978651,456867,641938,9,31
26721,998408,757500,897542,7,48
91526,967247,867395,891904,1,43
362915,714508,278608,610648,16,17
204827,326496,5565,433952,21,6
352085,455189,709873,813191,5,5
110672,986512,794773,989580,9,43
805217,945134,275660,613616,16,6
328920,781572,112063,450971,16,22
76683,563354,148315,296226,7,24
464029,746079,94442,340203,12,14
781331,906610,20955,988261,48,6
71377,548940,495388,739438,12,23
117678,887969,229649,977296,37,38
128404,954004,866829,882039,0,41
265310,739337,345373,620365,13,23
505137,700089,331103,932119,30,9
146144,948997,230056,860614,31,40
377,356045,256041,690717,21,17
432312,830547,6980,996972,49,19
425742,733779,438084,974678,26,15
537459,927274,131373,201199,3,19
36222,952814,250280,547656,14,45
322047,651967,136659,964685,41,16
276464,752630,297045,899308,30,23
49294,842864,522985,545443,1,39
643432,864862,324292,731088,20,11
460228,790040,225534,558859,16,16
82324,126710,665174,989220,16,2
273061,818731,48870,657384,30,27
642694,753226,277403,474117,9,5
172778,187206,569262,574634,0,0
536192,732624,80554,962736,44,9
620967,978524,7871,991434,49,17
8365,25048,130615,934084,40,0
100171,720034,432729,481692,2,30
81250,324152,63313,818394,37,12
223874,904013,185446,841179,32,34
142112,902971,726512,982622,12,38
49220,591388,166805,966835,40,27
703638,995686,638627,671558,1,14
636663,887034,166055,975021,40,12
113068,918481,279461,279724,0,40
87505,782585,213377,239974,1,34
181068,799095,58382,563631,25,30
5392,982368,242839,727027,24,48
676106,946575,208008,991309,39,13
22422,892531,5328,989752,49,43
363608,373988,36859,886286,42,0
718125,937330,461317,692980,11,10
362489,844663,9033,73036,3,24
535493,873368,237214,289490,2,16
37293,994945,11885,651862,31,47
351646,942421,277438,777517,25,29
256816,785803,22778,659012,31,26
3388,371863,414193,561693,7,18
345154,987276,794708,844878,2,32
204823,962343,13266,653350,32,37
569560,784445,635229,990562,17,10
390906,969326,492615,753914,13,28
185807,936524,375689,883966,25,37
960592,990749,672661,961585,14,1
164082,988535,376636,404320,1,41
169651,392113,23786,897073,43,11
117688,846083,203280,999125,39,36
100108,234253,199814,946974,37,6
203299,858427,431349,612220,9,32
145037,727469,381960,864342,24,29
363207,785632,325219,692561,18,21
303030,855391,20075,730903,35,27
81172,637105,78048,952471,43,27
71572,603157,26346,206144,8,26
273485,482311,95857,908688,40,10
584058,737001,208269,287336,3,7
11139,956636,260693,979747,35,47
277618,560569,279854,578741,14,14
262076,853445,15386,834689,40,29
205227,632118,29011,877960,42,21
72436,715018,360325,687687,16,32
304197,677784,811901,943588,6,18
364057,661289,68584,696375,31,14
43083,157633,513906,553242,1,5
230322,697989,193290,506441,15,23
599827,889877,190051,881059,34,14
164116,925744,747236,859978,5,38
11658,922688,425513,952419,26,45
166525,565617,14945,39892,1,19
103193,345935,150461,338040,9,12
643058,691096,123288,982145,42,2
204009,603691,242380,999061,37,19
213462,806378,269041,988592,35,29
131625,910680,227832,859073,31,38
559056,991692,72599,967814,44,21
251807,982859,502220,729992,11,36
133979,828176,66792,972293,45,34
107401,206748,230156,308178,3,4
74731,909681,209900,818390,30,41
580525,997827,155479,527605,18,20
418124,961884,257580,814580,27,27
114253,827575,220523,505744,14,35
18803,881448,275748,891939,30,43
503766,607206,170128,344238,8,5
287817,771161,558105,739190,9,24
21723,603730,486763,536082,2,29
67913,537657,125853,978903,42,23
34753,888965,2202,997168,49,42
453007,620312,584876,815150,11,8
387842,860392,746307,948283,10,23
477788,898899,99714,839404,36,21
56945,479634,66787,902013,41,21
371629,841078,199666,682949,24,23
83803,986332,773484,945881,8,45
102183,922260,715319,772702,2,41
204119,608382,50059,239498,9,20
288444,718439,105839,668731,28,21
621000,871388,201642,485357,14,12
829430,946047,27069,988823,48,5
115142,901347,58000,712235,32,39
433567,537603,12851,957958,47,5
18492,564322,205951,569979,18,27
670923,841822,2035,734868,36,8
379386,923779,552245,777776,11,27
15654,891451,283830,865098,29,43
86721,964423,437999,808839,18,43
66408,690284,416027,553364,6,31
6408,855675,70765,872997,40,42
22137,938505,660452,774274,5,45
557368,758387,13937,741883,36,10
121839,908462,45848,262301,10,39
147903,813463,276462,485147,10,33
907331,996256,534748,896391,18,4
350500,993390,45504,837695,39,32
731308,906398,141385,953646,40,8
13361,975132,259983,631491,18,48
316857,330424,768783,844051,3,0
518710,766172,1003,968493,48,12
34499,244398,775520,919644,7,10
16178,563387,318259,890955,28,27
200558,319157,3646,917602,45,5
89630,579464,186215,191858,0,24
209173,985598,40440,871250,41,38
193152,564562,262314,688563,21,18
102516,985018,259729,995668,36,44
407746,468993,335592,519121,9,3
588818,615848,41118,914401,43,1
175033,957395,46943,790242,37,39
734,988957,295372,879360,29,49
202880,871352,194021,350321,7,33
228978,734641,614059,628649,0,25
30751,565841,67804,647742,28,26
11250,903900,669735,824711,7,44
18492,975711,606743,852796,12,47
391421,541018,126966,421760,14,7
120649,450267,1201,911971,45,16
189998,819949,512623,809434,14,31
37721,910121,48426,986856,46,43
619796,706337,491371,914526,21,4
610086,695073,66684,67653,0,4
300432,805242,175072,576743,20,25
465837,500015,799579,953447,7,1
46307,979901,533416,924848,19,46
11342,317101,13732,760169,37,15
203100,403689,212751,808356,29,10
210566,738999,146155,965072,40,26
536127,898290,358433,976363,30,18
193254,752359,3033,955559,47,27
191420,998831,21587,969615,47,40
630735,649109,4665,878740,43,0
754521,962836,283793,826514,27,10
110609,944424,506952,745292,11,41
685365,775437,618838,944944,16,4
365163,445168,572244,788302,10,4
233132,753267,109308,815035,35,26
222536,912898,231920,804503,28,34
96924,958459,34301,885435,42,43
3412,887798,228944,671747,22,44
51593,938318,175607,862312,34,44
196673,686228,29635,962664,46,24
58880,312987,16337,507389,24,12
943206,986417,103019,941599,41,2
167692,805843,255450,699332,22,31
146012,780076,452607,767808,15,31
288520,999904,360762,818923,22,35
321949,534670,8322,264369,12,10
70150,885495,158415,802618,32,40
243098,975209,28276,864203,41,36
383361,691999,1698,994584,49,15
349752,782569,555255,845942,14,21
182181,845619,230439,545762,15,33
145366,909611,36548,121510,4,38
252907,954082,318915,544395,11,35
93612,831624,732166,917076,9,36
482688,938121,650547,961801,15,22
460766,909953,8374,963977,47,22
179363,575930,81810,867884,39,19
649203,937946,188868,943227,37,14
137452,941087,376928,950813,28,40
491427,649295,871435,929417,2,7
647533,944687,170176,753659,29,14
355205,831104,17725,453060,21,23
40610,970381,470622,814526,17,46
67284,701825,30407,969792,46,31
65603,382256,252425,977025,36,15
561354,863170,132528,390234,12,15
196723,609017,181972,906822,36,20
922109,972636,8520,942110,46,2
148094,931476,394027,503339,5,39
26720,919782,26309,889847,43,44
385632,453381,305570,764928,22,3
476098,851922,525458,940836,20,18
25687,535553,414465,852282,21,25
325697,931208,752758,873829,6,30
360731,853106,25381,981457,47,24
293734,314029,86062,944464,42,1
251590,454309,126810,987473,43,10
59745,88710,382083,498187,5,1
101653,766336,573798,913786,16,33
312275,867282,200224,687881,24,27
28014,849317,150619,964862,40,41
18114,963333,267105,460229,9,47
684356,893325,211848,646982,21,10
246841,915257,140112,224832,4,33
59766,662672,647109,708139,3,30
74306,832088,333981,820441,24,37
31889,692745,50090,857808,40,33
127063,706880,100845,811548,35,28
559349,699632,593968,729467,6,7
332608,902119,42783,429793,19,28
199418,698879,191697,877148,34,24
146111,859193,4518,919449,45,35
919863,930013,495578,993135,24,0
28049,998134,266342,960370,34,48
578334,967648,263826,841066,28,19
622385,997375,782859,786592,0,18
146718,988215,419860,518564,4,42
138175,374887,211279,445519,11,11
149757,616078,523337,614459,4,23
97435,768954,16817,942923,46,33
41422,377785,45645,921615,43,16
640034,719298,20100,907617,44,3
501730,607217,763897,828381,3,5
387862,850261,517807,969224,22,23
898010,958434,277647,895239,30,3
141418,243511,469319,892250,21,5
135247,681139,220626,652625,21,27
746227,884913,204631,923247,35,6
207942,232305,65974,477038,20,1
188600,293579,183283,626527,22,5
591338,614681,97554,997063,44,1
111284,760700,508837,828493,15,32
14545,999471,229278,235307,0,49
305,999557,630045,961300,16,49
642389,771643,31421,939989,45,6
287037,974066,542566,633863,4,34
388815,759117,54621,885934,41,18
370434,443504,483569,591623,5,3
192157,714595,166264,475963,15,26
550955,962813,194697,263741,3,20
211602,938388,528664,906908,18,36
709555,782883,362757,655864,14,3
300494,393674,101663,323459,11,4
27874,988322,589592,785831,9,48
9341,877994,726775,888085,8,43
9387,754771,650416,981040,16,37
272684,885845,73642,875062,40,30
449125,654451,181085,977365,39,10
44030,952850,32753,682700,32,45
229817,516406,719385,894291,8,14
627896,976108,39226,935096,44,17
679559,686533,303004,591042,14,0
172474,445524,24799,966521,47,13
9106,819043,248280,434530,9,40
64639,744706,98482,997054,44,34
883,986233,523493,747016,11,49
3542,743228,99376,263577,8,36
157239,996461,52341,989005,46,41
294350,853340,117314,871837,37,27
562444,803185,182461,192679,0,12
533421,819002,28945,77790,2,14
728425,988012,7017,845990,41,12
365522,518966,8427,806942,39,7
580247,727098,126141,206877,4,7
234477,812414,88824,678501,29,28
295954,881675,81397,515879,21,29
55623,989120,346015,989616,32,46
98662,886076,349437,597635,12,39
496051,634962,153933,701726,27,6
459668,464054,53348,976386,46,0
533428,710637,860013,933321,3,8
193354,808993,88560,653970,28,30
34979,975663,549426,716784,8,47
48321,891357,37630,995541,47,42
238427,775705,234069,978520,37,26
7008,946160,72945,440976,18,46
38621,418188,295691,640433,17,18
237144,343591,112748,992869,44,5
287063,473106,167406,329349,8,9
146593,443839,29398,841169,40,14
136291,942072,360643,851001,24,40
678085,857371,14713,934679,45,8
218867,737012,139055,312176,8,25
36995,991163,125170,987584,43,47
192448,494591,151713,810048,32,15
2296,963039,209842,957285,37,48
32476,195157,16546,460840,22,8
377234,446549,160680,714692,27,3
564337,606499,234744,886812,32,2
25,999237,15640,770513,37,49
316005,342605,310712,566093,12,1
185469,564480,402496,495736,4,18
298419,897033,34081,973923,46,29
46964,449231,125000,410228,14,20
31739,888403,166042,303736,6,42
154222,762495,198235,439909,12,30
67701,673067,624340,988603,18,30
8964,999258,121619,838690,35,49
37330,259724,407065,864004,22,11
481630,784925,295001,786725,24,15
76792,950140,35316,840509,40,43
126902,986949,117204,364205,12,43
341918,423551,23160,512748,24,4
96181,932764,396159,965572,28,41
448059,850841,36688,928554,44,20
2949,961839,506720,731925,11,47
297594,408211,21393,303798,14,5
25672,960858,677412,813853,6,46
97465,740534,127024,379272,12,32
574981,846899,458217,903803,22,13
206249,211992,335085,915671,29,0
202987,567978,272599,588170,15,18
5368,983795,840593,857147,0,48
148175,266105,225608,970575,37,5
7530,247028,370555,479110,5,11
2729,997715,634769,701541,3,49
201923,396907,119922,696217,28,9
176196,442638,224083,772091,27,13
229232,760103,158120,484048,16,26
210562,350436,433922,790585,17,6
382257,557408,116484,415603,14,8
172954,412754,34163,852357,40,11
5298,998500,85200,990062,45,49
35449,979421,273293,727562,22,47
28907,841270,43556,490564,22,40
15851,989936,7773,932595,46,48
598941,924966,284330,659597,18,16
85122,116016,36762,852920,40,1
113289,750638,89987,895781,40,31
240241,709080,727821,800816,3,23
157814,775507,277865,560872,14,30
55338,94505,477429,805441,16,1
193623,965985,96587,317544,11,38
266908,895163,361249,593008,11,31
18973,883985,273239,574644,15,43
154674,642562,47813,650226,30,24
562098,639096,425979,427593,0,3
35614,967482,429558,764672,16,46
15336,592940,142301,685979,27,28
9094,998240,239463,609055,18,49
253593,461447,283165,738912,22,10
563601,860578,236076,639898,20,14
151246,993812,33764,919447,44,42
502256,762179,327486,902158,28,12
123849,553714,347867,782923,21,21
567467,697985,94878,588403,24,6
908671,961258,87183,997460,45,2
396352,815875,680550,723614,2,20
670598,988372,200265,200920,0,15
44015,976366,117132,998070,44,46
75012,973759,358688,699639,17,44
421066,493757,12938,877744,43,3
198862,994736,600140,919247,15,39
357336,766186,109645,936745,41,20
485440,825727,410199,760927,17,17
299927,897617,115361,874041,37,29
272690,931129,455365,857250,20,32
136548,964468,536464,871424,16,41
178976,914929,17183,114273,4,36
239639,977207,708786,989558,14,36
86864,992916,284098,710315,21,45
142036,940673,902885,969334,3,39
263914,970303,151363,985632,41,35
5221,991468,85558,962370,43,49
2246,968005,682933,821855,6,48
23890,882736,280508,528660,12,42
141983,923553,608872,980103,18,39
680430,893608,56124,434971,18,10
34187,346240,134162,951853,40,15
365184,477287,93408,803986,35,5
275606,746734,996,749051,37,23
46186,362801,586612,925562,16,15
34289,954498,430365,516129,4,46
21555,943657,570148,985548,20,46
656667,824646,61078,777900,35,8
108746,795020,413103,551502,6,34
42975,979585,413158,671458,12,46
92534,740353,564890,857728,14,32
901395,929147,718724,951197,11,1
299223,782993,625498,707491,4,24
112019,770332,262372,636451,18,32
304720,409328,199555,747669,27,5
423169,505017,279687,566974,14,4
204462,888829,275134,976876,35,34
71782,929351,445974,749753,15,42
168586,990107,162623,984147,41,41
630060,693937,211696,279615,3,3
283118,732784,813489,937989,6,22
193666,307518,408898,419437,0,5
209779,861283,322739,754371,21,32
166947,385243,146764,562017,20,10
146974,580120,466890,798214,16,21
2733,196664,89199,915930,41,9
150180,917936,151187,226644,3,38
58980,320158,410176,970203,28,13
150833,928635,378005,778070,20,38
14901,417247,413812,734361,16,20
91973,679307,8382,956645,47,29
110653,978986,268110,834057,28,43
171557,757288,523612,751678,11,29
5909,929723,262159,811821,27,46
8755,488413,94471,899901,40,23
825951,980013,65008,501749,21,7
466769,919782,122126,343607,11,22
65649,716966,95043,926322,41,32
9423,928833,26046,941604,45,45
346909,813915,595104,880611,14,23
111183,999064,598920,734928,6,44
225908,379498,194343,771444,28,7
189777,741196,47968,883477,41,27
370235,939784,36746,337941,15,28
17191,966185,225248,647370,21,47
367085,987242,114185,544822,21,31
273463,958146,81265,189221,5,34
106394,330550,185854,507764,16,11
773579,984593,2647,744235,37,10
218633,445877,890835,898625,0,11
50991,795155,753449,842541,4,37
239403,879628,802418,894766,4,32
11661,923860,741144,972841,11,45
337317,913185,182861,419471,11,28
35741,830027,84673,431462,17,39
398579,910382,75667,820703,37,25
630827,707844,440584,764958,16,3
16962,760840,445655,685299,11,37
10843,768840,203392,614623,20,37
550384,570691,268143,347887,3,1
15818,969249,425989,501637,3,47
267864,831468,9292,882644,43,28
33576,699898,67298,934419,43,33
254973,708879,26035,902730,43,22
59692,906448,91190,152118,3,42
48293,470256,38376,984735,47,21
97915,691488,487942,773738,14,29
604799,992212,245929,572170,16,19
73922,353473,436151,925589,24,13
61326,974557,50301,912033,43,45
62752,980335,635972,701759,3,45
48961,876182,240388,346875,5,41
8375,489986,663332,969725,15,24
595308,972140,36609,990455,47,18
13999,987384,691169,980346,14,48
354603,774374,868225,986816,5,20
136724,841172,16024,966409,47,35
167978,695658,41875,528928,24,26
53759,859661,373094,706919,16,40
394942,647626,252048,695029,22,12
55253,619575,257795,590686,16,28
346831,913651,652699,736183,4,28
126984,604900,538463,865716,16,23
134858,380848,11282,554626,27,12
736528,926801,880324,989701,5,9
21698,645177,135933,970802,41,31
402258,620862,543814,584145,2,10
194701,828074,755075,864952,5,31
29777,936098,166543,524206,17,45
414215,986448,97918,176097,3,28
618074,721315,346530,709517,18,5
59612,480669,187361,248528,3,21
159601,902486,164372,723875,27,37
355319,686347,799150,882213,4,16
278657,831847,540257,997352,22,27
651888,943428,806785,915311,5,14
399452,526465,336145,419731,4,6
201188,560615,3248,288143,14,17
138934,203970,34567,981224,47,3
107224,985179,73219,911748,41,43
412206,932041,664509,781514,5,25
5302,951764,32991,983578,47,47
320418,843803,25246,984710,47,26
21850,198820,5652,950737,47,8
275837,701357,27088,370589,17,21
81346,828253,128768,247216,5,37
601295,715784,257995,743665,24,5
669804,799935,454632,574521,5,6
24272,978701,518077,612450,4,47
372277,888873,443337,799005,17,25
38500,825722,528015,984367,22,39
58356,566950,871900,939889,3,25
419721,733176,52906,994555,47,15
531706,636103,653040,991117,16,5
361630,939707,36697,984901,47,28
79947,759863,51140,506250,22,33
254030,460445,354342,462930,5,10
387861,727844,201198,308521,5,16
239832,835974,393309,934390,27,29
8294,927095,10032,950260,47,45
11010,969771,87861,629533,27,47
640992,755474,811829,894833,4,5
742188,900340,82426,632641,27,7
757051,771108,273256,393006,5,0
44488,986938,314451,645112,16,47
50085,933807,286334,774488,24,44
10804,99045,378307,935667,27,4
160969,698874,892289,954501,3,26
334094,410128,814654,906599,4,3
203368,821805,634767,957241,16,30
92205,776714,348793,418505,3,34
303564,621501,442163,993396,27,15
109655,439635,240038,738680,24,16
309870,675212,475051,805375,16,18
14351,989893,431848,764964,16,48
261634,842036,598755,933199,16,29
38733,977598,508421,964102,22,46
123169,221781,149784,598618,22,4
8665,370876,4975,549906,27,18
25043,922071,390919,936677,27,44
296364,954660,37405,490708,22,32
23993,844215,463110,911387,22,41
