157754,994327,198589,970310,15,16
460363,563446,102837,696709,11,2
230774,515734,62119,904228,16,5
239141,643356,114899,993227,17,8
466222,978056,167275,167648,0,10
694375,798176,559478,899052,6,2
452714,836375,824876,983692,3,7
49983,697617,177640,889444,14,12
196518,498470,237456,883088,12,6
60483,816193,8251,963943,19,15
7551,866313,795588,922800,2,17
208655,410995,516260,853506,6,4
76126,401198,652526,768545,2,6
16599,766848,57126,977047,18,15
43423,603120,516748,568688,1,11
13102,997870,702949,723246,0,19
453829,920895,185999,380592,3,9
62179,290802,90021,965368,17,4
84724,283227,21793,995400,19,3
34645,592131,492213,710224,4,11
676603,889717,381873,807730,8,4
139237,221649,269649,676455,8,1
181149,969892,119285,854843,14,15
111877,668786,468569,906140,8,11
659319,735158,770311,873011,2,1
490338,845400,7645,976666,19,7
557111,932122,440804,536712,1,7
264157,963940,304653,992024,13,13
109329,537207,167191,589448,8,8
564849,870357,50347,928329,17,6
255832,985830,556139,660475,2,14
20569,984926,10130,451529,8,19
8090,845872,34130,463529,8,16
442645,641083,347326,914794,11,3
568568,619813,405866,627664,4,1
448294,922105,78249,869424,15,9
110859,575616,250245,887605,12,9
154047,791643,112343,990195,17,12
151598,552606,125690,139257,0,8
506730,786019,273065,892310,12,5
213030,908728,3437,743478,14,13
105297,893932,390201,521293,2,15
12512,913183,19573,941241,18,18
39583,979853,282435,288234,0,18
49718,723962,84869,972713,17,13
208624,748872,56993,966766,18,10
90758,788448,12911,916103,18,13
73456,487670,673898,916327,4,8
431249,852144,623476,965720,6,8
46108,573022,251336,961773,14,10
112084,426616,826593,846636,0,6
13108,915351,108322,714851,12,18
442374,536472,96130,989472,17,1
6490,984752,17844,957163,18,19
36736,776580,268267,460388,3,14
306804,856624,88968,284170,3,10
207796,374552,89658,741536,13,3
580589,842881,233539,885671,13,5
38181,561042,3551,986739,19,10
370490,578124,274788,413286,2,4
400646,710266,229880,805592,11,6
54916,924951,71697,451507,7,17
215213,279142,27456,801272,15,1
13435,382723,24531,577852,11,7
196488,999811,112134,292544,3,16
310706,932245,152190,829019,13,12
52412,375393,261349,552224,5,6
101845,988487,4200,996448,19,17
408212,983327,149353,700847,11,11
287440,553767,370,568836,11,5
228105,624945,193826,645733,9,7
266727,623787,144157,894075,14,7
204650,792048,461436,793146,6,11
47019,980367,124139,201571,1,18
23369,492275,8924,966500,19,9
190960,976752,676419,990943,6,15
57173,860767,713230,779244,1,16
250270,983519,15348,332581,6,14
372045,695732,3792,987511,19,6
486392,902939,446618,976863,10,8
11505,706358,434391,614021,3,13
153739,738628,66534,998074,18,11
717536,725772,47283,954500,18,0
495548,599449,220698,578132,7,2
492549,498852,312813,487212,3,0
147332,919078,383141,831493,8,15
705479,770130,57443,417026,7,1
551752,807192,7559,997521,19,5
34120,991702,605580,692284,1,19
221755,352189,769422,950591,3,2
252674,968449,18618,976704,19,14
72187,894723,106946,843727,14,16
232426,815970,403218,538896,2,11
403321,925856,111344,976167,17,10
11158,961353,532555,867563,6,19
164526,433495,153024,209568,1,5
5631,750295,737420,999940,5,14
230950,394994,496197,784781,5,3
45030,705264,936566,999748,1,13
53262,988645,500829,985268,9,18
368449,996559,580073,727026,2,12
246685,990877,312780,844775,10,14
310090,943116,27215,940355,18,12
215228,726920,416802,506735,1,10
725715,922515,98914,631093,10,3
691968,830845,294536,323433,0,2
313896,795452,501733,990234,9,9
320949,487506,509937,963069,9,3
462024,533657,260251,817525,11,1
114759,582337,210949,952825,14,9
47063,994265,190497,942204,15,18
158107,317150,655375,895237,4,3
425166,867384,332707,513781,3,8
249739,772893,494361,924743,8,10
551438,984526,27938,989363,19,8
341464,820074,609575,677491,1,9
5435,976357,20452,998577,19,19
103106,685922,445407,795940,7,11
108996,113149,98736,886057,15,0
3953,743890,151028,585222,8,14
87718,482526,71006,329990,5,7
1990,998181,90257,946950,17,19
157214,901393,586544,954032,7,14
443490,971698,587943,841569,5,10
15426,990749,239657,436115,3,19
61956,733735,148205,957300,16,13
252532,265857,183424,933261,14,0
154272,520213,293187,690252,7,7
108477,783926,22461,819282,15,13
114480,577475,194421,467461,5,9
232278,607683,418866,568038,2,7
307143,310418,35771,920723,17,0
105667,276370,165027,810367,12,3
386523,397434,132839,978992,16,0
177216,358530,13262,188617,3,3
296543,902612,378353,465820,1,12
188017,205275,207468,821866,12,0
92637,986815,104114,997631,17,17
863199,909245,227419,487593,5,0
191183,961996,609902,639144,0,15
462506,482668,514889,911808,7,0
315483,606204,67297,957938,17,5
244821,815752,273440,797580,10,11
465238,610888,201390,332719,2,2
38904,696941,65718,406162,6,13
5565,61134,317133,838376,10,1
704768,731411,203830,777652,11,0
850,635800,171072,400941,4,12
118400,924063,13986,988323,19,16
333735,787791,520858,945655,8,9
505051,773501,328842,749962,8,5
381976,840821,104432,307080,4,9
623193,920745,253778,963598,14,5
24399,864197,649596,885593,4,16
485971,792097,456509,834057,7,6
113430,443091,484610,570388,1,6
266173,821230,384208,425188,0,11
559955,789313,431626,496916,1,4
346139,515003,876506,943615,1,3
90950,903038,395270,972884,11,16
314369,753509,289012,969235,13,8
75523,896607,130798,973555,16,16
73858,967692,158933,878178,14,17
189433,824695,122567,468712,6,12
260866,994633,41118,926085,17,14
258082,408149,691969,714339,0,3
99367,888594,737677,818815,1,15
337028,774530,516240,772434,5,8
541716,905701,30291,896099,17,7
5672,412233,285174,739961,9,8
446930,527830,557365,827101,5,1
393482,453559,404694,557092,3,1
435,866667,893085,959672,1,17
185662,803737,222626,492872,5,12
177325,507919,199266,367629,3,6
588516,997553,58742,152729,1,8
248762,957488,644346,724690,1,14
139369,981193,6892,473049,9,16
492580,862142,71155,914717,16,7
781298,968557,114483,906481,15,3
62328,627626,33445,749645,14,11
469377,945909,38732,884417,16,9
10333,871080,505199,773326,5,17
14740,198642,88386,947525,17,3
34765,960566,328865,665783,6,18
62776,78687,59374,120089,1,0
64664,998950,458406,886897,8,18
47586,239355,149666,852322,14,3
160208,763687,558636,933858,7,12
168679,953638,383433,651298,5,15
13178,902539,122532,952065,16,17
846311,899143,875411,968006,1,1
563096,763620,92800,888245,15,4
199432,212011,219291,225951,0,0
277227,948322,20189,989048,19,13
85271,885088,240235,779958,10,15
22669,768327,77493,997390,18,14
59912,312886,748023,919118,3,5
724186,804373,440182,922687,9,1
42066,633958,2045,994784,19,11
536065,657422,3888,950191,18,2
303612,977424,350090,745703,7,13
611987,847943,130601,292856,3,4
1624,992368,628338,988555,7,19
116738,978304,547623,998909,9,17
11215,998291,293552,999584,14,19
325698,500211,83924,914079,16,3
805107,913830,33346,131845,1,2
31673,925691,478350,681399,4,17
264798,999333,154129,715585,11,14
822073,857904,266432,718284,9,0
326211,382969,104709,707804,12,1
393420,867778,100869,691944,11,9
10820,717033,328834,375854,0,14
24791,36280,170081,516772,6,0
65616,964288,422051,469721,0,17
44207,944469,27065,916061,17,18
20410,990925,46253,265434,4,19
194085,496895,526980,835977,6,6
20426,932205,141614,322427,3,18
269953,475741,37859,602003,11,4
295786,421642,39802,764323,14,2
87474,993866,729281,990545,5,18
419651,915773,258773,621572,7,9
3410,956597,5916,584901,11,19
191147,995458,94258,983484,17,16
139275,521348,503728,916796,8,7
160251,919742,9758,197785,3,15
272148,764051,391197,724952,6,9
19103,88058,257993,972977,14,1
28269,879011,54070,652797,11,17
94184,383684,4058,938336,18,5
161823,944606,83437,964297,17,15
77152,875281,520594,728100,4,15
148035,788865,290894,863144,11,12
604203,985184,256313,285144,0,7
190804,264716,38769,841928,16,1
179246,991552,9622,934069,18,16
105737,945462,9901,638857,12,16
950,959457,2579,630314,12,19
213363,953429,58053,800935,14,14
372333,991197,431278,878809,8,12
257356,788640,418292,915386,9,10
31952,287940,247845,617906,7,5
98418,953973,43890,701597,13,17
444945,981588,152894,961130,16,10
233885,793863,13390,910323,17,11
530366,941044,202256,989004,15,8
13309,946372,402307,919579,10,18
31677,993326,238243,930896,13,19
202020,616278,139193,858517,14,8
60168,975047,150103,373491,4,18
635196,681446,564546,800338,4,0
45607,614988,58484,524476,9,11
100910,920976,183884,546008,7,16
295398,330254,254475,921026,13,0
387769,474503,188281,865035,13,1
97731,412338,232792,965906,14,6
216322,974228,170213,530667,7,15
532033,660677,786,999702,19,2
14734,999459,47187,889489,16,19
136260,874294,91024,865352,15,14
54784,841564,92236,555080,9,15
303197,983427,207329,333037,2,13
543259,779093,433748,982718,10,4
396994,548952,338672,730762,7,3
224095,922179,63672,300673,4,13
420526,772554,231783,928891,13,7
58536,739738,484889,900797,8,13
23520,707019,473650,519412,0,13
120694,325907,219108,922656,14,4
10328,861551,84132,989616,18,17
528552,713136,240638,566335,6,3
179804,802189,775863,779326,0,12
913513,933308,232773,367950,2,0
706744,912778,93017,347034,5,4
41021,878563,151366,270731,2,16
142394,940934,47347,846065,15,15
446800,991597,130131,490857,7,10
186635,725692,299759,834244,10,10
468738,935379,193439,235154,0,9
78863,996112,209846,789276,11,18
338538,565392,445543,452766,0,4
675697,774006,12918,315331,6,1
20073,944859,595743,966503,7,18
479465,519862,40511,448945,8,0
4620,861377,621486,792215,3,17
498107,758932,103503,393271,5,5
51343,997853,203319,924300,14,18
54583,516580,79061,984978,18,9
374747,549907,365852,814405,8,3
452450,671980,141014,792493,13,4
315976,753301,25900,965401,18,8
261903,879145,1017,982370,19,12
43673,896916,81942,504898,8,17
159365,766057,675362,857497,3,12
306789,897513,163859,438218,5,11
184137,517685,169374,585386,8,6
99179,812512,111272,800171,13,14
147261,982360,294234,312728,0,16
1028,119355,512537,934491,8,2
238255,714594,52194,921118,17,9
40692,531325,9408,155355,2,9
514796,795214,672872,996057,6,5
417600,627567,77508,428889,7,4
497428,932021,32694,601055,11,8
621782,943174,169019,400399,4,6
139877,675860,21186,683112,13,10
167286,416961,702616,940408,4,4
125631,658692,104334,858818,15,10
371925,499459,403754,638253,4,2
4886,999909,252676,749800,9,19
532713,681409,366318,970082,12,2
78840,635582,234218,408273,3,11
174796,853269,685190,952048,5,13
98057,604572,67231,634353,11,10
163820,847730,101833,738706,12,13
129790,879032,212524,825117,12,14
70090,801218,610793,854602,4,14
360653,538456,62773,974358,18,3
348367,895497,349866,552031,4,10
728105,935948,637,995424,19,4
861350,998396,87324,846273,15,2
169793,278108,253583,543612,5,2
598,462808,96460,636110,10,9
58793,412155,193108,712856,10,7
123612,472355,54892,712021,13,6
29900,73222,2135,983863,19,0
258998,958455,137917,718693,11,13
56958,503550,270302,910624,12,8
373120,646910,160594,936038,15,5
103957,805330,151912,968074,16,14
60900,882709,201996,501549,5,16
77101,840240,84214,663337,11,15
585589,883578,595989,604070,0,5
490481,929161,560246,943672,7,8
559937,808372,30238,950835,18,4
212283,739036,50226,155754,2,10
277097,650293,72278,973218,18,7
469324,753611,430334,637628,4,5
10674,867772,208350,980269,15,17
8803,955074,290365,395385,2,18
187938,630018,54025,873618,16,8
97670,600998,181214,484668,6,10
278361,500224,335730,798778,9,4
132910,527828,328523,931949,12,7
127111,902352,200916,843006,12,15
141050,816768,432534,933251,10,13
255260,862856,79768,830272,15,12
55083,923330,51369,659132,12,17
197641,755420,60013,897893,16,11
37277,957123,339,994792,19,18
673924,733875,48889,954967,18,1
38014,812643,103107,778753,13,15
67407,407249,22316,969752,18,6
32062,998782,566309,682538,2,19
431937,769095,282395,808589,10,6
869827,897565,14448,550115,10,0
27089,982952,169250,468609,5,19
698257,765778,186588,203618,0,1
174251,743103,187242,956636,15,11
637354,988265,464639,794684,6,7
133648,824043,431135,892633,9,13
60727,970410,13153,683278,13,18
242355,670875,51395,187087,2,8
8619,976368,70376,870331,15,19
659537,821543,812201,953940,2,3
186890,302589,135772,987625,17,2
283552,644555,64426,853938,15,7
148018,904956,142878,946745,16,15
517222,840319,18071,505710,9,6
501127,767545,787442,900416,2,5
237373,380824,315414,847348,10,2
160541,963600,447342,791668,6,16
39243,126575,32614,999964,19,1
77887,980190,151490,995071,16,18
480831,766403,449732,937566,9,5
215503,574592,400760,628824,4,7
156377,645859,184166,868301,13,9
796471,916192,448214,925476,9,2
13272,322881,25345,819310,15,6
712484,835854,21126,698815,13,2
172196,900857,411608,885666,9,14
91202,945898,551825,853221,6,17
408324,934248,59533,703488,12,10
235114,850640,68711,519823,9,12
138397,243770,117455,965656,16,2
270791,895580,4949,823055,16,12
379592,661173,337501,872518,10,5
160745,754114,52109,690246,12,11
350912,976116,125766,742351,12,12
57421,882048,28767,717966,13,16
398121,731890,114952,952957,16,6
698240,925153,150593,954017,16,4
335737,908286,195253,865962,13,11
416491,650592,336718,974772,12,4
11725,832221,156036,705653,10,16
49217,940795,286846,823990,10,17
30673,988768,374741,915716,10,19
240338,866536,141651,676156,10,12
