19213,964273,2123,914911,45,47
29626,958418,552151,856276,15,46
12232,985250,237807,814975,28,48
412191,525034,110163,642407,26,5
21793,509666,262534,641583,18,24
415764,964385,570566,815929,12,27
701615,720176,154313,896333,37,0
610847,912413,90960,458773,18,15
81799,783381,295675,942923,32,35
7073,976201,169921,612405,22,48
14126,976038,457520,957171,24,48
475661,963792,20582,926230,45,24
446166,941484,22698,504238,24,24
437663,742060,348290,612778,13,15
314419,803863,327557,959588,31,24
252746,850670,597037,847600,12,29
400966,821340,774356,976426,10,21
263036,750506,161604,763287,30,24
258741,993286,5836,769497,38,36
519492,714225,17633,972790,47,9
450704,856067,190611,885378,34,20
84896,284782,444493,985705,27,9
1295,999560,614853,720600,5,49
118638,946219,251473,862491,30,41
62417,843300,159344,733251,28,39
347254,889855,142703,878671,36,27
642942,672371,31188,874275,42,1
73938,652089,110274,654629,27,28
201121,496548,248716,945371,34,14
25319,755780,244139,804439,28,36
156379,182288,297533,956142,32,1
395870,614943,738903,981661,12,10
641343,799851,322929,756975,21,7
629855,961488,461978,912811,22,16
166682,945091,66654,585175,25,38
402032,762463,208985,697455,24,18
62277,525733,189313,449649,13,23
58408,856908,100562,633327,26,39
161813,163616,63739,997864,46,0
711634,892574,70861,944749,43,9
28578,988805,164530,926449,38,48
91059,648057,31906,824760,39,27
57261,795354,417587,631057,10,36
404460,434080,17025,654603,31,1
88173,992340,457568,671257,10,45
466908,752661,227010,521822,14,14
371571,411413,305846,845257,26,1
345984,632104,55979,969714,45,14
8358,984460,26434,465207,21,48
858845,970909,52223,664500,30,5
48872,793024,20998,959110,46,37
35354,860750,247240,844767,29,41
265425,647182,15598,587777,28,19
15315,858723,1162,789645,39,42
480828,641118,20011,959665,46,8
221901,764989,189022,253244,3,27
490402,982414,326286,782821,22,24
220128,970682,230423,296018,3,37
556666,936063,73678,796073,36,18
122547,463184,16116,829678,40,17
215321,570981,503333,949375,22,17
26005,971862,327487,829512,25,47
361294,700305,109182,510151,20,16
328239,611440,40862,847238,40,14
80927,931070,182556,317842,6,42
392998,660038,466216,983577,25,13
390,761468,340533,638215,14,38
72019,628162,34974,403867,18,27
185041,682210,10073,336503,16,24
200564,474274,140282,683046,27,13
24660,587833,6443,991351,49,28
76891,861398,134143,855429,36,39
893077,893393,384007,849073,23,0
24737,487488,584505,867372,14,23
50144,948748,62675,784743,36,44
40096,979288,135940,421510,14,46
132429,995320,81634,848639,38,43
141374,868885,17157,911571,44,36
299572,891321,883158,893190,0,29
873902,942525,2147,953318,47,3
180016,196519,357840,743939,19,0
82284,943678,18921,984810,48,43
484366,778363,500404,767016,13,14
118862,846091,14808,305510,14,36
704226,959192,1082,981247,49,12
470588,696333,60486,511026,22,11
180483,467494,60432,800758,37,14
192375,984925,22259,293875,13,39
274599,363122,435040,690533,12,4
489876,874506,592116,677631,4,19
35596,954838,491682,598107,5,45
46857,611994,206778,611066,20,28
9377,976828,775051,871663,4,48
107944,539882,9936,330459,16,21
505961,704173,644817,688624,2,9
402730,451974,46675,568604,26,2
847689,995737,105097,970871,43,7
36680,293806,435287,689987,12,12
171914,360084,152459,350944,9,9
338603,814790,460500,924992,23,23
143882,754264,319666,912097,29,30
81447,879394,206693,651162,22,39
233125,877717,453030,956529,25,32
26010,742988,226204,842341,30,35
423077,880004,244638,282643,1,22
75640,778576,297653,878296,29,35
129560,655249,144675,791136,32,26
21503,640837,605778,641983,1,30
653242,920219,1125,999685,49,13
35155,689451,123052,544283,21,32
311429,862610,322195,847662,26,27
47967,685108,105524,608499,25,31
47958,773031,508296,945979,21,36
15833,364184,36104,993259,47,17
394673,802228,552906,817312,13,20
358030,798460,191170,674965,24,22
734730,954731,65436,456313,19,11
629753,946452,579423,605218,1,15
319886,885600,22805,992500,48,28
28824,979127,79938,911073,41,47
423745,464843,171763,408262,11,2
18955,673731,451587,773545,16,32
239389,944879,26039,101884,3,35
101696,970697,137062,626012,24,43
36085,906783,357665,913466,27,43
279043,691989,474039,896601,21,20
510114,916165,43372,996445,47,20
144809,481030,237195,942333,35,16
283247,820989,247321,419066,8,26
20622,935181,96585,657702,28,45
238926,634617,22136,986851,48,19
151424,444062,425902,753059,16,14
189520,648236,179094,452486,13,22
697886,912398,76044,393527,15,10
92599,972307,402766,938721,26,43
92250,531159,49841,674299,31,21
392335,637011,133109,760418,31,12
432493,515694,348853,493377,7,4
113905,640741,98609,689368,29,26
771729,852007,634753,815238,9,4
437966,884301,275858,943217,33,22
253838,850183,84570,991629,45,29
50038,938228,222070,770556,27,44
166740,656643,314532,472817,7,24
28271,449840,52972,706610,32,21
147190,903027,142968,481088,16,37
186519,235750,251435,820092,28,2
346742,566696,469717,957842,24,10
764365,951683,723457,852980,6,9
68166,111447,178438,958982,39,2
262786,939999,57281,782343,36,33
253049,296736,84250,970965,44,2
85252,978216,276780,932042,32,44
162047,942342,296483,336469,1,39
853403,860354,171743,744642,28,0
838678,901842,401649,841776,22,3
764594,827647,120681,484927,18,3
148821,823944,249766,734226,24,33
2875,130758,65543,317440,12,6
735073,992560,902681,938572,1,12
366351,718910,119891,683568,28,17
178080,868291,307660,845516,26,34
91874,545936,149196,381109,11,22
25730,914592,265688,295557,1,44
707423,791468,683974,955545,13,4
156709,980499,205498,744765,26,41
50522,919565,356405,997232,32,43
85800,959065,363460,609615,12,43
516922,543887,346429,956260,30,1
34637,978134,225104,776647,27,47
113045,266415,386543,909410,26,7
298262,446833,112235,956412,42,7
600745,887406,514396,736417,11,14
32397,778136,26596,927779,45,37
29690,724990,162214,529116,18,34
379645,554874,560042,910723,17,8
62924,903672,442851,585079,7,42
752558,939647,26326,965182,46,9
135210,746265,145698,576697,21,30
460357,511478,3724,935363,46,2
232064,794891,131983,940384,40,28
703155,944200,343321,565547,11,12
69399,975408,62383,768372,35,45
719007,724384,29005,884326,42,0
62978,633331,395877,696476,15,28
404223,549029,729186,750348,1,7
514214,726209,231409,921863,34,10
8088,996975,201546,278172,3,49
534090,794741,16485,181784,8,13
503217,547285,14025,877836,43,2
639788,748353,84193,933379,42,5
100809,982009,414167,987496,28,44
241926,280512,641051,688112,2,1
39341,981635,74995,971430,44,47
691331,925650,247793,738643,24,11
1390,976974,485686,508483,1,48
72190,612775,229160,238959,0,27
310373,989939,526274,613263,4,33
257705,995150,2091,807143,40,36
543097,732308,94816,986475,44,9
338770,908984,254331,856084,30,28
47,834571,62216,754259,34,41
49596,957428,56332,904153,42,45
48881,222012,30462,622742,29,8
223763,889978,296998,624261,16,33
486914,987456,717434,736781,0,25
105071,722099,400299,473620,3,30
570203,904575,576733,851462,13,16
35494,905967,465449,975048,25,43
345565,796986,958128,962074,0,22
442607,974405,493151,597247,5,26
265623,996862,614493,837777,11,36
4099,478816,180482,988068,40,23
33945,979971,590754,647268,2,47
214787,578962,79026,285335,10,18
227794,517667,28380,914329,44,14
584319,979371,82995,605631,26,19
253499,921143,96112,708070,30,33
415263,590932,548665,576442,1,8
447566,660470,377292,819392,22,10
711594,804154,180884,633035,22,4
724356,970658,313022,731851,20,12
587173,757336,498771,960698,23,8
542754,752987,47128,772153,36,10
326679,768679,224961,851525,31,22
106532,998903,155735,498964,17,44
190424,758586,69574,763813,34,28
289437,908274,92962,402511,15,30
143969,869754,80379,773244,34,36
317616,774347,44817,776423,36,22
12471,813384,91416,949381,42,40
124796,975206,47011,988210,47,42
77920,877792,187722,385328,9,39
461707,971253,296714,879080,29,25
111710,584067,333234,447300,5,23
661549,666513,50288,962643,45,0
414508,579836,171799,591780,20,8
215792,563165,150680,584102,21,17
430339,514198,127704,902746,38,4
232930,799365,247266,886762,31,28
29666,773735,275790,802759,26,37
267542,749844,394468,695496,15,24
123669,850031,56692,850786,39,36
249441,962378,362073,879579,25,35
31465,938988,64304,518991,22,45
690956,972469,352599,998225,32,14
267030,998947,514450,993222,23,36
240053,279759,712532,862260,7,1
289269,633977,19501,516585,24,17
54909,866439,253160,651510,19,40
80652,401219,299336,876380,28,16
33637,888588,352871,948484,29,42
348426,710437,350930,801191,22,18
515711,594153,411288,984547,28,3
140445,186844,117489,600466,24,2
232032,838442,308350,759241,22,30
47054,436414,26782,689583,33,19
126594,944802,797072,857169,3,40
233106,958845,21234,363443,17,36
834561,852571,249842,322203,3,0
903829,955986,258420,953839,34,2
110821,712456,43567,532807,24,30
229961,921567,90765,881948,39,34
380527,800417,205642,695209,24,20
73978,988367,885485,940240,2,45
231734,906405,92077,270286,8,33
548979,894879,540014,763580,11,17
548450,701487,221166,953596,36,7
522115,818705,29524,512323,24,14
2287,980206,389006,908804,25,48
86084,597084,95454,176544,4,25
96405,806484,228886,724159,24,35
768497,785056,171668,786226,30,0
182755,657414,778518,853187,3,23
265583,536315,788283,915089,6,13
675183,999202,355508,528842,8,16
1472,890380,279603,521017,12,44
205262,769755,167310,808279,32,28
65366,888708,160623,457444,14,41
467923,800280,402856,774201,18,16
450705,889106,274297,357146,4,21
7362,985543,203464,553917,17,48
389257,497119,263430,851271,29,5
453562,718709,154502,907712,37,13
548793,925027,3888,829358,41,18
173190,730484,644691,873070,11,27
56843,990782,54857,233437,8,46
75203,988989,105960,689929,29,45
232869,989581,45321,943486,44,37
79720,688555,483017,961555,23,30
257130,926049,158,948746,47,33
275121,870787,97294,141911,2,29
131471,764207,61715,627120,28,31
205362,990007,43274,714162,33,39
606403,974432,191546,904037,35,18
404559,461916,259275,905206,32,2
438434,733622,202387,762479,28,14
138689,852652,93049,905403,40,35
469711,822638,52729,801365,37,17
819581,956277,307461,536775,11,6
475732,964834,411003,576903,8,24
219163,246874,752195,844898,4,1
249700,393450,181530,927191,37,7
583677,715228,254773,942008,34,6
36232,577518,821515,956160,6,27
504082,969772,563090,762892,9,23
231097,777022,218392,783732,28,27
444947,664456,343092,891679,27,10
326192,920167,344673,993508,32,29
86436,255518,424088,589521,8,8
505012,825015,136216,753986,30,16
609611,835275,246939,764166,25,11
634,923127,230194,811002,29,46
458386,693765,240857,552755,15,11
39783,481921,412910,776333,18,22
86339,676960,66751,840500,38,29
717641,876219,395780,982415,29,7
104110,807812,524659,635645,5,35
113725,925813,792329,848184,2,40
518746,723629,31050,945588,45,10
191,810622,544369,913436,18,40
136705,974700,714132,886980,8,41
197547,443337,168198,327880,7,12
310045,500661,136825,637616,25,9
366294,747393,87250,848700,38,19
329029,883568,2583,996606,49,27
24802,703864,692839,794325,5,33
130650,953933,651581,777463,6,41
11948,667336,126020,531143,20,32
10132,973843,663121,874311,10,48
24257,383005,408527,819962,20,17
76056,262892,142806,471398,16,9
74515,906182,297914,965643,33,41
180518,945091,457848,486913,1,38
205686,951427,8603,972370,48,37
613098,663616,109221,692827,29,2
606795,849341,344696,713334,18,12
244309,892196,102583,870715,38,32
71504,955976,382318,644170,13,44
251256,383024,397841,738117,17,6
228485,898610,306668,756733,22,33
156193,907243,396124,861663,23,37
379540,937153,264324,458660,9,27
9260,999557,58818,646035,29,49
136440,907632,10204,732230,36,38
374791,785157,132944,890199,37,20
15279,832924,570917,667417,4,40
9402,989510,104881,325665,11,49
329816,459872,83580,934079,42,6
527610,597663,71076,842223,38,3
35854,616275,476656,511736,1,29
413118,569537,100914,384213,14,7
384031,818472,65972,927829,43,21
310198,407617,159018,990362,41,4
40526,794750,63159,918909,42,37
20038,856487,414995,492760,3,41
221138,922850,621033,958895,16,35
271546,945409,90729,292751,10,33
32207,987949,224273,380970,7,47
402046,470251,209540,854345,32,3
344481,675592,374570,632049,12,16
717337,920131,362199,495908,6,10
102668,894163,76521,185877,5,39
8313,899932,141273,266519,6,44
605095,955777,159303,174656,0,17
809258,956300,169538,345144,8,7
281729,965799,37803,996817,47,34
541317,957251,305181,602147,14,20
429820,779873,99020,800928,35,17
712511,908865,350624,802183,22,9
133052,181097,75161,821139,37,2
567919,615355,65827,981264,45,2
406863,496993,56791,923738,43,4
210192,922662,120156,970367,42,35
213685,489680,174617,978285,40,13
70822,921311,33983,349208,15,42
297120,629142,837333,873539,1,16
353750,799920,264638,331455,3,22
157417,273840,33931,329118,14,5
25871,59243,533279,984419,22,1
193793,558222,358916,514396,7,18
236784,992303,369651,376394,0,37
757667,859770,107857,734726,31,5
186164,871214,324625,372822,2,34
480155,505602,545675,935731,19,1
2881,983129,211758,512249,15,49
104952,903937,129224,840235,35,39
297026,806346,192994,458661,13,25
338189,963077,223125,424824,10,31
647722,889508,410376,421561,0,12
368887,642629,122017,991339,43,13
338405,670939,118005,746208,31,16
33769,849161,375503,673702,14,40
574552,713622,297,980268,48,6
69648,975718,43545,547542,25,45
514619,761680,7116,961881,47,12
323016,875127,48214,942783,44,27
388991,616536,1851,963057,48,11
726576,964640,24052,847998,41,11
359719,614582,122354,616305,24,12
268454,582501,27618,827762,40,15
183435,749906,2647,165930,8,28
22275,849764,1847,57702,2,41
19194,957736,112352,623084,25,46
141804,927916,498262,837622,16,39
6142,998825,19492,923926,45,49
27791,757966,5553,958536,47,36
109466,700576,15958,991088,48,29
1658,884068,74783,168287,4,44
230325,582484,867122,924400,2,17
556818,922659,117785,672167,27,18
399339,831425,436633,627947,9,21
508310,650683,707660,754080,2,7
473992,789961,576907,660646,4,15
326002,922804,174637,258593,4,29
93833,992394,330784,643848,15,44
432840,498424,346739,864641,25,3
223402,809494,128083,542290,20,29
500696,923121,71852,899497,41,21
960716,996764,67573,839043,38,1
744334,909442,280805,804112,26,8
171403,405213,5864,998863,49,11
187589,520633,125147,910880,39,16
522634,525086,476894,593269,5,0
281316,695120,386877,946588,27,20
97097,413567,96253,780200,34,15
415926,791561,217567,550262,16,18
628013,694330,188197,735250,27,3
362710,721674,193274,820134,31,17
3350,324049,70868,830956,38,16
243403,795781,119168,896650,38,27
719,586476,182430,472922,14,29
285473,580988,186768,789386,30,14
262550,616377,241078,893748,32,17
57091,744828,372084,859616,24,34
307292,694106,194412,914990,36,19
583387,596417,155343,821063,33,0
152506,215456,37372,967557,46,3
4449,998400,243310,648555,20,49
749792,857813,6711,524158,25,5
177091,750427,573249,960776,19,28
43594,918951,362597,401064,1,43
157295,914070,14995,886336,43,37
458208,683511,86896,899703,40,11
839968,903410,47140,874767,41,3
431612,806851,480880,825602,17,18
485936,928064,17408,983902,48,22
86611,728627,281297,302280,1,32
28071,967445,574308,946935,18,46
26416,957004,334402,776154,22,46
53546,79687,165723,637208,23,1
60017,834918,531562,928029,19,38
187982,623560,234228,971246,36,21
561381,711020,89601,224008,6,7
62880,970768,99804,590365,24,45
465708,714726,86431,604692,25,12
131914,986076,87584,491321,20,42
315894,432621,654807,723522,3,5
190868,509181,76500,704543,31,15
197312,638152,143561,838271,34,22
52967,666683,7653,879024,43,30
259572,504718,101615,786379,34,12
125709,478747,204784,720164,25,17
50847,924919,57955,633333,28,43
96724,443074,735998,769934,1,17
28,743389,34232,818801,39,37
181829,928292,47484,795536,37,37
93474,982676,118423,999325,44,44
41858,936319,36115,815739,38,44
366232,641184,288718,876398,29,13
164013,301652,629049,724349,4,6
39328,970653,9175,867887,42,46
280554,984838,270028,731087,23,35
242839,818581,142505,256262,5,28
450,995859,116284,862356,37,49
137087,375312,450306,771874,16,11
41549,975060,440016,992146,27,46
416857,792013,423074,939495,25,18
293483,491352,458324,494381,1,9
781410,991420,32264,902816,43,10
45866,113528,424134,551506,6,3
3309,159237,278799,928763,32,7
201218,443759,621224,814004,9,12
181909,998404,56604,971887,45,40
379635,973587,368314,591099,11,29
320184,492800,34968,307799,13,8
212509,605100,24698,500052,23,19
198961,888213,37673,730070,34,34
214653,731480,336887,474505,6,25
24212,36407,93045,455499,18,0
584006,981505,714894,955151,12,19
9766,816013,481577,812176,16,40
97975,934532,1910,952315,47,41
222768,328306,41991,995990,47,5
426646,974894,341212,803345,23,27
427682,982555,21641,708644,34,27
6319,996322,79129,515374,21,49
66050,909169,1195,998423,49,42
54117,951575,54745,811484,37,44
207117,858521,57099,839370,39,32
7050,799782,44230,852846,40,39
19680,756871,1941,980728,48,36
412884,920574,276290,757826,24,25
619790,677611,6693,860966,42,2
786678,832640,142194,360785,10,2
524526,714042,39363,615727,28,9
11667,847623,301520,845253,27,41
85821,532667,260075,868184,30,22
511074,879595,531867,905749,18,18
421093,453634,271903,842897,28,1
23450,929964,759358,823899,3,45
124697,749999,236136,646826,20,31
72634,749653,508168,813484,15,33
10460,619437,46406,268095,11,30
97346,978878,90080,381397,14,44
187119,218330,205655,391858,9,1
412483,985466,31194,893205,43,28
139774,960444,577320,921561,17,41
51447,134852,90276,326552,11,4
85892,358610,72176,999840,46,13
333915,997757,30212,969488,46,33
15638,490677,43124,998620,47,23
46229,997568,61402,485611,21,47
49411,963784,217188,740073,26,45
62421,480109,173551,371963,9,20
771062,892513,673056,867997,9,6
133866,550153,484427,937297,22,20
35613,863262,347114,682937,16,41
214783,709441,16030,82411,3,24
8688,380336,650200,819561,8,18
250120,940450,538065,653899,5,34
30593,524736,5511,987230,49,24
10847,998469,677054,934660,12,49
120552,690381,264015,765226,25,28
750986,835713,359466,736883,18,4
7399,963792,381644,560173,8,47
34450,961632,266338,831373,28,46
149057,468297,20688,34783,0,15
378326,852120,15519,996593,49,23
118247,385232,441753,922168,24,13
140,958236,255966,849477,29,47
371991,806106,191459,628539,21,21
618068,884509,41251,819912,38,13
71675,763238,160686,417041,12,34
98486,924520,127176,968455,42,41
35808,939905,24644,844685,41,45
23086,855754,28246,998654,48,41
9252,261046,372292,957023,29,12
33483,362581,127873,591528,23,16
564527,914334,27555,942139,45,17
299759,379059,587470,935415,17,3
370436,982922,201487,876081,33,30
335458,769495,404649,872982,23,21
410998,843103,61934,977260,45,21
2201,669291,76937,955037,43,33
134339,504954,901528,916320,0,18
206053,844716,200725,851731,32,31
572425,817913,104543,938791,41,12
39994,980423,188947,886686,34,47
104602,756871,137319,881372,37,32
618259,865439,13339,229996,10,12
88675,199048,307882,496447,9,5
31439,958400,38787,961007,46,46
386433,890817,260264,281270,1,25
78586,325690,164452,910157,37,12
88455,787368,322434,333153,0,34
508019,964857,647885,929753,14,22
604566,957630,14421,539519,26,17
158413,189577,1678,994648,49,1
202912,920989,242136,643656,20,35
23480,992967,483308,639858,7,48
774735,920995,147839,666964,25,7
284653,795039,13542,992179,48,25
259954,728456,182629,921591,36,23
290122,846297,483593,569452,4,27
359317,765919,44146,880774,41,20
688977,991173,1059,993451,49,15
1843,982892,572729,629209,2,49
81435,939359,185005,718235,26,42
28658,637603,8596,946457,46,30
493864,654624,184818,975277,39,8
164,754143,17854,968904,47,37
159933,851875,275234,622489,17,34
508283,785872,696739,901686,10,13
20129,442154,30184,960605,46,21
753482,856399,77187,869978,39,5
285890,805305,254397,433734,8,25
790775,878576,68183,737187,33,4
283407,850649,118642,872853,37,28
142457,692125,218979,849341,31,27
256053,433451,468893,648971,9,8
74281,993921,87740,120771,1,45
69946,146605,530364,799701,13,3
252363,291746,65716,274203,10,1
645436,797521,569478,903901,16,7
162305,968328,34289,986437,47,40
287652,354445,645207,861063,10,3
8584,999106,21434,980107,47,49
476209,683401,809496,871187,3,10
877400,883978,80547,91073,0,0
453495,878880,617063,647708,1,21
731557,946520,642987,666541,1,10
612310,867481,15286,928657,45,12
298519,830360,100239,797971,34,26
15464,974692,652587,899129,12,47
495233,528464,4312,966715,48,1
21816,998886,1658,673972,33,48
123976,838307,640859,807548,8,35
473153,564646,43150,740964,34,4
40733,983337,100301,710947,30,47
138068,958346,141817,914952,38,41
77684,543428,324277,986464,33,23
326227,715987,204771,483667,13,19
17979,284874,372305,994551,31,13
22253,476368,320252,434706,5,22
472896,790245,55299,979663,46,15
100314,960137,534475,990065,22,42
21117,386928,197947,762688,28,18
358050,744089,28597,982667,47,19
203538,779705,20872,917356,44,28
75024,401913,222509,271869,2,16
78827,854200,13502,638695,31,38
300630,517449,525455,668988,7,10
217721,933742,1581,754002,37,35
440248,969086,24582,563504,26,26
176,999839,543019,719029,8,49
204081,675383,1881,180145,8,23
63126,960244,359406,995581,31,44
374124,975045,3408,552387,27,30
39102,974215,196644,996837,40,46
125237,793351,141805,774312,31,33
143256,906307,250297,602123,17,38
336871,652829,515430,830837,15,15
372760,619589,304575,866116,28,12
62566,453060,423668,810699,19,19
403208,910905,439194,682570,12,25
341455,821613,366049,769157,20,24
50428,999432,476625,758370,14,47
104012,235689,147552,419843,13,6
209012,896321,458445,682365,11,34
26266,988304,281466,604627,16,48
505128,769994,540246,966905,21,13
108916,596464,350137,709379,17,24
262908,923790,170488,950849,39,33
2124,853371,9789,980150,48,42
327087,394842,157218,650113,24,3
46642,912835,100773,806229,35,43
654990,769841,142332,800411,32,5
4823,971205,93448,779288,34,48
181776,254688,49416,206253,7,3
544614,860393,140445,697892,27,15
55159,959194,394050,723242,16,45
3461,997616,358508,979757,31,49
113455,627188,18392,862826,42,25
359614,864647,83878,997221,45,25
82616,253658,553292,973292,21,8
184221,600763,6982,978539,48,20
3933,254527,23907,994481,48,12
502890,698731,180808,867351,34,9
390539,407141,107624,981680,43,0
605771,615932,360891,763225,20,0
214581,777016,36414,954650,45,28
474608,611212,5471,66179,3,6
626781,913177,183883,619624,21,14
347941,784935,193174,898796,35,21
180759,828205,281188,922892,32,32
64167,620806,483859,966943,24,27
552498,942567,589909,610765,1,19
68189,433685,220758,604331,19,18
547308,936689,91050,979632,44,19
87752,979305,31345,729107,34,44
518111,983023,271542,886703,30,23
21060,973463,198741,976101,38,47
371482,836227,140852,576617,21,23
781310,855353,665175,749266,4,3
58256,684258,498025,801361,15,31
57922,993681,481054,760663,13,46
161587,448092,230808,951265,36,14
102722,899760,409968,555009,7,39
154558,247216,258958,977013,35,4
149092,211002,21265,998869,48,3
139246,576731,542505,853156,15,21
622959,946963,143031,986230,42,16
94150,431183,435927,736995,15,16
52231,529808,800600,820543,0,23
438437,716755,55066,839182,39,13
328915,996129,224127,622331,19,33
48062,987400,1331,147048,7,46
124608,847303,110765,161808,2,36
207915,739734,438362,498635,3,26
783977,858906,106759,962436,42,3
23911,864291,133073,560595,21,42
45474,650616,277189,290549,0,30
35530,970319,48345,996398,47,46
240476,865743,124034,859826,36,31
3271,993420,311774,838094,26,49
87032,948213,710762,989386,13,43
692083,821053,483714,802218,15,6
490937,971268,22079,968300,47,24
461564,618831,544433,911505,18,7
54433,587160,100937,340169,11,26
104112,871637,813641,953145,6,38
4108,512575,99185,876403,38,25
47765,273620,322309,438152,5,11
12251,850444,51793,694595,32,41
413998,967120,29348,378176,17,27
748898,904864,216309,519807,15,7
223196,751782,174746,933874,37,26
139707,436511,809839,911343,5,14
299236,806495,98095,929794,41,25
23000,989909,422332,893266,23,48
422139,954038,170450,557001,19,26
103244,842987,211005,962607,37,36
427487,933659,106392,911439,40,25
309625,711137,266925,934088,33,20
44685,455070,480199,614490,6,20
1562,988562,20361,579732,27,49
209952,553135,113211,943065,41,17
46646,988604,90832,961080,43,47
433366,905122,2107,940289,46,23
200142,837847,492252,686445,9,31
51861,943463,298271,440234,7,44
883373,932554,38885,988713,47,2
40378,880129,634780,995336,18,41
37096,920621,53823,986929,46,44
43019,124678,239582,788834,27,4
9257,998115,774,989286,49,49
257558,997611,34252,640210,30,37
528068,940637,587312,817653,11,20
353687,870258,211912,320262,5,25
749218,886079,13956,629456,30,6
715639,914463,76407,891252,40,9
126796,930619,292606,890027,29,40
428901,509798,245618,662367,20,4
358516,645112,8837,715472,35,14
133010,518278,471304,550270,3,19
20892,951812,259732,291519,1,46
9357,405513,152397,776714,31,19
418819,788297,741224,811611,3,18
841664,911990,159067,634971,23,3
717819,913491,323147,670626,17,9
256362,416097,214461,285820,3,7
590604,607002,170166,759607,29,0
319304,896169,14386,949971,46,28
248120,668955,267609,932324,33,21
140979,833213,123204,933614,40,34
70023,863654,11003,904807,44,39
879680,999126,42448,287813,12,5
16593,734834,105514,934877,41,35
166460,511596,404532,624397,10,17
43622,959943,95137,836793,37,45
573046,770909,505419,713652,10,9
611583,747534,388921,982578,29,6
93505,611955,143170,203400,3,25
245427,413923,704635,962400,12,8
114925,564466,69698,810099,37,22
180883,480531,233166,817764,29,14
199980,702763,192503,420576,11,25
16809,950634,236821,421790,9,46
748827,799260,664154,986447,16,2
81665,955075,185835,400021,10,43
721094,958853,31798,801507,38,11
35421,401382,158265,954130,39,18
79281,950867,499611,923933,21,43
391258,426959,9402,963012,47,1
71415,778176,282614,592960,15,35
75211,618344,110099,755191,32,27
8503,964454,34138,991421,47,47
4421,854088,95417,994613,44,42
424918,985434,16878,974531,47,28
255268,893811,375737,984315,30,31
216259,605263,470574,980670,25,19
6222,990162,22371,943567,46,49
50391,165268,46505,826082,38,5
482304,665105,62186,500310,21,9
65414,502439,621148,766614,7,21
420723,967204,648525,930293,14,27
28063,247674,940747,949773,0,10
8759,953686,659737,776283,5,47
613203,646605,240636,727067,24,1
167919,980811,188737,789054,30,40
29132,646810,294338,380865,4,30
3981,994419,281935,477197,9,49
72811,591237,78398,553376,23,25
19536,976385,26089,868693,42,47
113810,926554,56309,470247,20,40
47507,872800,283281,383014,4,41
317921,736311,146318,947995,40,20
131983,863186,206054,223266,0,36
123291,923926,35876,809621,38,40
396657,697348,99621,157542,2,15
78721,602345,246523,652920,20,26
27718,978791,114364,321239,10,47
137619,560782,239568,980654,37,21
760387,921756,18615,506246,24,8
100140,941931,404800,892812,24,42
18748,933679,2418,949664,47,45
6958,917241,148712,911542,38,45
515821,744906,17917,944779,46,11
80246,460362,494195,732017,11,19
733304,885105,530879,747873,10,7
67510,994253,250342,900712,32,46
176559,674175,379173,960921,29,24
80524,232754,19834,978561,47,7
69581,981587,183311,910495,36,45
227814,428000,257744,857712,29,10
174864,953608,115799,826268,35,38
354533,914065,10808,838954,41,27
74079,991767,6249,989669,49,45
9374,267525,380517,805361,21,12
106024,765222,728404,850683,6,32
162985,860383,536034,720459,9,34
107124,143249,127489,814134,34,1
128752,680427,905261,963013,2,27
499220,623794,568288,785651,10,6
179218,975698,1294,867017,43,39
650829,893642,77525,940015,43,12
137798,473462,166394,313743,7,16
679869,833264,3648,972390,48,7
31880,955794,965,965152,48,46
279788,394756,141418,616666,23,5
260329,981689,311330,572293,13,36
354453,858177,706555,903914,9,25
129424,862718,349455,797187,22,36
683225,888856,127555,880483,37,10
5601,758119,367012,911936,27,37
255101,958157,6478,684542,33,35
612305,706968,55858,576726,26,4
5787,987812,277967,545631,13,49
644063,835244,454304,994017,26,9
104635,124427,72323,630250,27,0
659434,675221,285960,611947,16,0
164625,779938,14546,761640,37,30
126303,429449,188124,969050,39,15
96329,920613,411650,728704,15,41
206372,961764,311187,767129,22,37
97209,997348,25571,999048,48,45
421988,529789,489600,590696,5,5
173771,879388,160722,372865,10,35
273064,471265,7702,987483,48,9
305103,920485,310807,454752,7,30
29702,975936,353207,694822,17,47
166619,892267,40438,374319,16,36
173842,382639,579058,740086,8,10
33119,124749,177346,520320,17,4
700827,960483,29315,752686,36,12
247079,257020,4728,787745,39,0
302430,722525,663773,936173,13,21
83147,818647,166465,994111,41,36
74747,584729,1464,939433,46,25
69798,569737,179695,201754,1,24
92882,619407,4039,919055,45,26
677021,978855,35697,194254,7,15
3319,956917,442413,511812,3,47
116176,716377,362776,706178,17,30
122560,475150,208941,932159,36,17
420715,933595,365873,728282,18,25
426756,659035,145691,766590,31,11
84657,295877,330582,613807,14,10
190723,957101,128015,292474,8,38
28886,267222,482884,494348,0,11
33592,179985,571504,680913,5,7
774625,792806,117989,374011,12,0
481064,891012,229833,477492,12,20
565497,949145,325656,883434,27,19
57703,708320,203754,672128,23,32
927017,989758,188879,881351,34,3
19816,971522,375616,850326,23,47
269116,642703,378211,961000,29,18
418274,837498,712426,872954,8,20
409349,978949,571671,928392,17,28
941389,993761,47077,676118,31,2
55053,932756,34594,915396,44,43
7026,998257,264559,363999,4,49
25091,302155,202677,599066,19,13
594333,781939,103135,690811,29,9
564407,976370,43931,951955,45,20
2938,781944,59788,993193,46,38
228118,784389,275076,861063,29,27
491916,869211,24425,990721,48,18
699386,824043,480,998639,49,6
526521,973850,86869,805786,35,22
34038,896111,373018,511306,6,43
79911,984747,265329,641433,18,45
470775,818794,5969,703494,34,17
406366,526904,24968,660129,31,6
594387,730831,5284,930832,46,6
34005,396916,509243,703212,9,18
638277,714155,526999,955065,21,3
201465,658816,99896,961563,43,22
423352,788844,10805,918887,45,18
609290,625731,200823,930225,36,0
519205,938465,180217,967864,39,20
73351,590707,52997,937539,44,25
348073,979193,44314,852482,40,31
279120,873140,426877,571244,7,29
121851,797905,4204,990350,49,33
193994,987341,6811,988339,49,39
30560,993678,25288,945182,45,48
44586,969818,83949,983087,44,46
104597,632651,21280,857602,41,26
300848,891033,137179,726167,29,29
198658,852788,47984,920733,43,32
10426,778427,579007,665761,4,38
202082,991706,695822,909706,10,39
25635,982422,579338,613435,1,47
165259,967055,33525,788950,37,40
27724,962186,379549,845365,23,46
319330,710691,395227,610002,10,19
107513,567785,565956,899960,16,23
852929,891576,143032,218041,3,1
824086,847225,303003,734459,21,1
177896,940807,116748,874043,37,38
31703,779383,147010,352274,10,37
74599,850595,67441,939232,43,38
27734,708472,196318,850823,32,34
22101,779582,732044,839390,5,37
229376,837467,87659,876164,39,30
642213,656276,117783,831838,35,0
338973,541118,366213,747125,19,10
379641,998096,774782,952708,8,30
229380,986621,858539,956540,4,37
222634,376146,93443,997931,45,7
130003,777302,637253,861172,11,32
238312,469400,143464,865830,36,11
716031,761570,822315,870107,2,2
267894,917072,18627,757368,36,32
273918,804478,18717,892638,43,26
312411,874244,356174,437429,4,28
110538,750838,107983,925782,40,32
2985,988609,9937,877716,43,49
788093,930690,335166,959892,31,7
681345,745119,336126,946237,30,3
279411,815937,175924,945889,38,26
18674,806596,152588,799862,32,39
7583,999192,180244,790850,30,49
177703,977445,157223,475297,15,39
131134,569323,66208,651838,29,21
31245,943985,445824,839962,19,45
39677,706455,423025,961916,26,33
72027,274789,563971,752385,9,10
131685,849331,67252,333013,13,35
670434,825842,308474,918552,30,7
540941,984741,127946,942082,40,22
107429,389696,247833,408902,8,14
284272,314564,160530,962183,40,1
798971,949183,113128,898636,39,7
28074,879243,552595,787046,11,42
117433,813647,150976,992835,42,34
361088,484480,561071,732793,8,6
361413,861083,254186,384939,6,24
802263,970267,122506,956562,41,8
612050,692352,234761,671076,21,4
165672,583221,9125,626267,30,20
86971,714982,18531,967080,47,31
141740,456788,553293,627196,3,15
126978,789847,611808,653007,2,33
491561,685034,847204,909859,3,9
13818,868695,534895,748799,10,42
476173,883732,227410,865758,31,20
174742,185604,447762,632102,9,0
82687,877608,567542,967552,20,39
105508,585759,743073,929790,9,24
219949,397269,776711,818153,2,8
37385,695548,460142,528836,3,32
101643,920541,63168,576834,25,40
149383,682419,608137,690374,4,26
312342,338076,355924,866499,25,1
22961,567714,237634,677863,22,27
513310,695993,254816,960118,35,9
706333,769770,558817,857615,14,3
909912,990596,4988,968040,48,4
75518,850389,149350,509517,18,38
447958,868218,7567,117551,5,21
157747,890442,54147,978992,46,36
729963,863726,676840,970179,14,6
499309,829270,171405,390186,10,16
145412,595745,527004,885374,17,22
8495,920491,272098,944388,33,45
143702,831671,405295,962547,27,34
808889,928197,1502,997965,49,5
324458,797279,872799,953769,4,23
73675,910682,146060,863670,35,41
648207,706456,86636,548658,23,2
443472,913074,442011,807532,18,23
20268,581345,490068,695395,10,28
564091,615022,183117,690294,25,2
460428,766943,150926,748956,29,15
672301,885603,428932,936960,25,10
288521,920079,443266,997984,27,31
741511,947451,92163,807268,35,10
332113,961472,161195,597419,21,31
101756,598640,186281,969929,39,24
320255,401742,398587,798533,19,4
114434,425386,109055,848684,36,15
360747,736638,298849,836490,26,18
9317,978066,95205,752472,32,48
674245,948463,66237,516042,22,13
927963,957271,724507,962214,11,1
304006,407681,126227,873281,37,5
557317,744519,116003,757643,32,9
483897,743984,668853,748471,3,13
191848,824206,30503,825366,39,31
203523,978613,142120,188325,2,38
70941,822699,85918,909089,41,37
75788,997991,527016,886989,17,46
76300,364630,149601,981428,41,14
152346,928345,126412,341903,10,38
55521,964682,442870,869252,21,45
57009,738998,90289,850463,38,34
65172,711412,192138,641562,22,32
226197,948956,371482,925837,27,36
132658,163228,265943,821814,27,1
136503,902747,437717,888483,22,38
122272,794413,373834,786330,20,33
528514,907793,489887,740237,12,18
280224,633722,342152,934453,29,17
519238,968070,183203,580480,19,22
498742,588321,273466,846072,28,4
22327,682927,212288,712789,25,33
72027,980480,814748,994303,8,45
466982,665074,247611,979268,36,9
791943,835030,19894,987217,48,2
166657,604169,41293,443168,20,21
9654,796248,440612,829538,19,39
77739,201018,371876,856349,24,6
178588,915254,594042,614686,1,36
486156,911322,371862,987578,30,21
376334,823870,81839,875797,39,22
527521,897337,323967,367865,2,18
184094,903919,201502,323199,6,35
392987,763683,601578,738053,6,18
880583,995343,468965,748953,13,5
638865,964777,643470,823493,9,16
434296,796439,105244,773601,33,18
421008,787635,483825,893399,20,18
3011,999240,127661,699671,28,49
397731,622147,749998,993305,12,11
272025,919938,45591,145349,4,32
29824,948252,97774,700429,30,45
298957,570302,203651,315890,5,13
398288,932574,111980,914951,40,26
36061,866391,373419,996250,31,41
283921,372677,12595,907115,44,4
117492,866906,480902,507447,1,37
89173,986543,263703,676218,20,44
196815,993159,343206,814861,23,39
58281,997108,367202,769275,20,46
120698,987863,12844,996538,49,43
1679,759551,790424,989564,9,37
367303,749010,130416,989458,42,19
376799,707074,418284,914960,24,16
352927,861614,681887,998628,15,25
279111,294058,252895,762708,25,0
98372,321529,81924,829145,37,11
94014,998281,80425,632312,27,45
134233,738851,105605,965232,42,30
50238,611795,440274,572243,6,28
672335,844483,295943,600316,15,8
1491,946748,161703,889918,36,47
574323,610584,64961,981247,45,1
211442,623460,219949,338667,5,20
732795,808800,149267,181106,1,3
355627,891476,402319,824043,21,26
40950,137573,526667,586243,2,4
748388,861520,15042,987102,48,5
79523,837855,504021,930988,21,37
151469,931117,445589,878774,21,38
279165,994540,75002,971415,44,35
360982,507946,72743,904763,41,7
174027,507542,5336,920093,45,16
100498,927263,60207,923425,43,41
491942,596041,169466,295148,6,5
328223,805300,53952,965932,45,23
827035,868413,29243,846711,40,2
548344,792921,82723,885793,40,12
377991,758477,430265,583726,7,19
84474,467988,76558,982044,45,19
343227,926344,181537,858918,33,29
219856,943487,38866,668643,31,36
27340,842415,61346,765920,35,40
553041,693071,409907,799034,19,7
411225,521224,295195,452015,7,5
140174,733037,13918,869024,42,29
58596,610191,448937,788555,16,27
14275,313856,100847,557720,22,14
281120,768615,55952,773730,35,24
19735,467394,359826,880355,26,22
615616,776464,146371,919875,38,8
394206,859196,258091,658512,20,23
171124,623405,12508,954648,47,22
692720,846243,388822,483022,4,7
54822,520315,471470,698043,11,23
26683,641106,38261,649708,30,30
119447,968043,764682,774262,0,42
157530,569108,173634,817869,32,20
90020,768025,69484,425298,17,33
38410,157696,416225,961453,27,5
803404,873235,7602,997759,49,3
112780,862717,4445,997572,49,37
92001,525087,650938,935874,14,21
136945,847702,74615,635559,28,35
539882,575912,153628,875418,36,1
192859,898402,292831,731089,21,35
90380,920969,767721,868784,5,41
644372,735117,807001,889327,4,4
97892,321533,45237,990392,47,11
228273,936134,97745,966135,43,35
103915,813991,248850,884218,31,35
427895,988840,77699,156548,3,28
299431,878042,44166,332838,14,28
382367,829093,329111,376272,2,22
100374,965113,19135,947522,46,43
383889,759184,3475,890309,44,18
115436,561594,336804,587573,12,22
589597,873118,6848,988300,49,14
321954,956605,242772,642416,19,31
214198,794088,31149,557677,26,28
586921,717886,183560,693326,25,6
76463,917733,120719,830373,35,42
127506,812335,39213,504173,23,34
133337,829997,352400,759287,20,34
2649,966574,10845,997405,49,48
27711,913803,586816,780295,9,44
18390,996893,154736,399720,12,48
8143,938872,22306,883916,43,46
91908,222662,217820,979062,38,6
246404,470199,573794,931738,17,11
84715,986345,38549,183610,7,45
58134,889761,49259,956179,45,41
163744,838892,74427,827514,37,33
21033,679775,94909,924773,41,32
304261,949294,295776,818934,26,32
77853,998075,559189,610731,2,46
757472,874583,134032,964464,41,5
32193,557644,465093,793456,16,26
316931,809287,717002,768049,2,24
381078,740952,702347,995082,14,17
271379,548512,10780,590337,28,13
381602,735062,242974,390606,7,17
571556,666158,165435,768382,30,4
187365,880753,100102,937859,41,34
318312,942357,607856,966554,17,31
435272,564508,97263,772051,33,6
36040,646931,78065,891107,40,30
456409,661803,36681,927670,44,10
25846,675624,244503,556900,15,32
28043,627554,84992,587878,25,29
298822,855999,151015,824168,33,27
641437,642380,406710,586342,8,0
267720,945235,129916,786644,32,33
244146,749659,303477,812388,25,25
2548,980585,63098,774979,35,48
703874,956074,145349,810253,33,12
81140,997720,167066,366116,9,45
374185,978229,364125,885871,26,30
218605,997544,207593,996990,39,38
263824,847032,218438,668090,22,29
457438,725984,35376,944587,45,13
271021,925068,17032,996978,48,32
159236,992894,4322,990438,49,41
48485,898369,538492,822144,14,42
119292,906167,291560,645804,17,39
208370,380338,75543,744880,33,8
14014,952565,76874,994555,45,46
82104,851235,361220,852204,24,38
103455,114674,127309,952329,41,0
264405,437184,118205,135924,0,8
483920,986146,13239,630304,30,25
136003,987873,238593,985385,37,42
335606,780540,233338,832521,29,22
108323,761278,56842,986775,46,32
692156,870542,74491,692952,30,8
131689,825958,79133,675950,29,34
463911,555458,3053,999935,49,4
97687,886670,24737,988997,48,39
11918,509284,220793,954820,36,24
633424,889169,8349,176840,8,12
786956,821822,686954,988482,15,1
272582,844306,23666,696763,33,28
49682,722377,508296,650499,7,33
321804,967749,492846,642150,7,32
475819,982069,9194,879326,43,25
127648,426728,893459,974306,4,14
565719,954245,279577,597343,15,19
127529,762126,169614,869129,34,31
284354,622189,94110,933948,41,16
739017,904085,126452,573140,22,8
549504,980447,131477,898064,38,21
577405,854916,311209,964424,32,13
565929,849087,7109,980785,48,14
411116,519763,231886,651817,20,5
466248,778125,12448,848946,41,15
511594,631038,66164,994676,46,5
793592,893760,251447,954840,35,5
420221,971181,70219,578902,25,27
169841,723492,487007,633803,7,27
507541,511996,39008,996060,47,0
762321,982940,173447,879111,35,11
128440,924217,570728,827062,12,39
12532,971149,876510,879833,0,47
188184,927826,350293,939070,29,36
164119,496474,35929,966539,46,16
372138,910544,521232,540476,0,26
207507,772714,613338,875663,13,28
83619,906552,546941,940437,19,41
95336,431213,312175,409451,4,16
54506,979451,42145,773711,36,46
43429,848512,556966,697644,7,40
318523,574124,577801,968998,19,12
456425,915721,26942,919150,44,22
535607,874272,22794,972694,47,16
133612,832712,427867,928863,25,34
20289,804439,294370,592388,14,39
265646,705000,159694,661842,25,21
468476,669528,10142,991482,49,10
504141,583227,13551,796461,39,3
1017,925679,402811,885433,24,46
300662,752623,294836,872029,28,22
726610,757099,210861,485405,13,1
121883,701477,301365,900916,29,28
24201,612018,147747,454487,15,29
5586,901471,23540,971377,47,44
392254,967570,92997,882845,39,28
11930,278785,141959,848140,35,13
65546,808201,254506,963566,35,37
169262,800669,103020,188732,4,31
92369,602917,152023,946803,39,25
35187,942767,556052,804219,12,45
203258,680454,270170,578278,15,23
197804,360991,776171,997475,11,8
525067,649212,168492,974278,40,6
133512,915088,6030,951004,47,39
1081,935563,157590,927287,38,46
179818,527074,209066,300060,4,17
41661,760953,52870,959640,45,35
63036,717375,2158,982536,49,32
427697,579389,93949,805108,35,7
137959,800042,375895,852938,23,33
286429,632321,72755,930844,42,17
744162,862403,632547,812443,8,5
958417,998173,679666,858657,8,1
661992,900813,644006,839264,9,11
280203,730830,9685,998538,49,22
414013,451548,462177,816616,17,1
11093,679710,142631,396431,12,33
51532,749962,12653,907070,44,34
6882,972926,5333,596561,29,48
214110,964831,485071,654494,8,37
6831,943672,260871,971744,35,46
325590,566815,173660,956909,39,12
753105,875534,565074,971516,20,6
249093,425143,177657,936281,37,8
815139,918513,482057,702082,11,5
526476,918599,72355,672660,30,19
486081,695134,248094,518215,13,10
118771,806593,356928,682498,16,34
120367,746255,137949,999990,43,31
121274,215952,248926,272310,1,4
387260,863918,692702,719854,1,23
15015,753683,71843,236562,8,36
174903,981238,253632,828060,28,40
194860,553234,118390,393979,13,17
117488,927642,675845,916298,12,40
74272,619998,56423,962269,45,27
441523,485023,274694,537424,13,2
103058,955457,691900,727098,1,42
318294,632570,288477,901984,30,15
170144,942345,311979,576764,13,38
289666,322352,74028,107546,1,1
30060,982124,660510,749995,4,47
143032,886329,575978,895058,15,37
175213,386823,752184,990860,11,10
246995,760770,794937,840922,2,25
637922,964166,322503,911000,29,16
91821,825902,3712,740277,36,36
881717,901009,572610,788948,10,0
281559,983057,786344,786805,0,35
397586,611835,396402,504839,5,10
28170,146535,417328,791484,18,5
86162,917901,90846,913520,41,41
614959,975789,45103,912267,43,18
68686,931699,36539,144300,5,43
541147,701216,119300,856897,36,8
583437,969668,360537,957178,29,19
288241,819409,694868,747385,2,26
772728,831886,709185,741369,1,2
709443,895427,75404,990053,45,9
8325,975682,208508,313225,5,48
207249,643164,215970,697840,24,21
87195,851329,64792,825568,38,38
198219,824651,29850,968713,46,31
305168,376928,563487,670189,5,3
321023,959896,98033,760872,33,31
240242,983192,41079,692667,32,37
89292,402291,18113,338386,16,15
695033,807596,348595,831874,24,5
26992,894907,59867,644062,29,43
181650,534643,8247,901925,44,17
495496,983704,141935,410573,13,24
182221,793228,539844,805684,13,30
3500,960077,113887,761636,32,47
419508,876143,178236,938924,38,22
645376,803841,463266,872989,20,7
619303,856273,41825,462692,21,11
86774,887960,231786,393134,8,40
476520,544947,56549,959199,45,3
262860,993501,541955,668290,6,36
141848,262774,59530,978989,45,6
304088,673345,458632,744922,14,18
19506,874147,48473,423069,18,42
162578,842800,187646,586964,19,34
294520,384725,278732,744151,23,4
165406,974272,513990,991311,23,40
14172,890466,395442,457168,3,43
329697,866843,740966,865625,6,26
89673,521442,258379,619407,18,21
913390,981108,604825,922397,15,3
897568,959201,476801,807833,16,3
82658,942534,363086,916514,27,42
234170,993143,302866,892925,29,37
923913,961573,279999,874245,29,1
240278,658940,694685,999640,15,20
509116,683071,263287,596157,16,8
494287,997133,57022,997856,47,25
38760,803690,386005,975390,29,38
96038,551796,4839,930469,46,22
656334,720190,23497,545821,26,3
38253,199712,159587,862319,35,8
229783,990910,191746,876185,34,38
923580,971975,101218,118432,0,2
15657,851138,132725,945886,40,41
41572,946722,781618,901642,6,45
646585,881134,273529,939177,33,11
41445,828165,143415,991917,42,39
226822,793715,343634,798131,22,28
270708,724778,127733,258215,6,22
284808,807697,2477,964400,48,26
34755,739108,341968,889678,27,35
2746,943202,113200,925196,40,47
21019,508121,214348,229121,0,24
321864,686917,637684,909950,13,18
131230,658317,318757,570530,12,26
392446,705693,31960,198894,8,15
738669,806475,198993,203413,0,3
213908,950817,532542,908358,18,36
264144,923056,38733,994089,47,32
724507,776223,171194,531519,18,2
313042,920644,266903,833473,28,30
205332,951027,126444,904693,38,37
198323,722333,383201,962036,28,26
393213,815585,244862,321905,3,21
307708,541029,8431,32561,1,11
12682,955138,4864,986601,49,47
8345,666268,453844,555811,5,32
142642,952821,247218,525140,13,40
4414,993575,54768,750368,34,49
20282,994985,333872,380123,2,48
285616,824499,96105,280351,9,26
306608,796309,548323,654329,5,24
76068,924070,400240,755640,17,42
2358,835767,303875,767302,23,41
766047,954343,420174,670974,12,9
139903,996296,273552,837696,28,42
253119,995976,494125,870508,18,37
109780,698706,44896,573514,26,29
28709,74462,391758,693524,15,2
51503,440522,80340,905151,41,19
43589,947815,30058,497845,23,45
115681,924391,55795,399903,17,40
27690,893310,115317,416412,15,43
742587,944477,394160,748636,17,10
561705,964845,126407,191891,3,20
4399,546605,39172,986251,47,27
205729,255480,336310,401593,3,2
228404,737882,162934,885478,36,25
18165,943469,223174,910329,34,46
822,887218,49155,954458,45,44
194599,470607,287734,517003,11,13
115324,801179,495112,794319,14,34
349785,925259,224473,991705,38,28
393081,875250,87889,968425,44,24
263527,654437,77843,797265,35,19
259229,940817,762980,966378,10,34
68008,167433,32076,770422,36,4
222870,968788,41750,558461,25,37
326877,718930,252799,903668,32,19
1022,996926,67763,921799,42,49
84510,987459,115747,990370,43,45
595781,632246,568610,937975,18,1
71849,337630,16435,992902,48,13
144233,908769,278923,923756,32,38
86767,915719,251895,395781,7,41
58513,921727,135338,192747,2,43
295782,477537,204385,842028,31,9
73592,694089,14094,913052,44,31
537879,974345,336053,903722,28,21
83953,699668,646192,864684,10,30
433990,529032,469262,577175,5,4
291331,790119,131514,783052,32,24
168398,980192,189536,729293,26,40
11314,998400,421937,569919,7,49
212232,590371,127733,896732,38,18
148316,617212,81580,832990,37,23
9841,541570,408480,909377,25,26
257630,384403,567006,682381,5,6
1427,948540,52008,974874,46,47
387846,785366,836672,946402,5,19
218410,749942,513164,875822,18,26
34384,466756,116374,972219,42,21
76579,852529,5097,985479,49,38
52976,983276,62852,450441,19,46
16527,995775,606644,991699,19,48
494568,675350,33520,203461,8,9
134226,260343,135451,462958,16,6
407012,751588,850995,930314,3,17
327197,975584,287253,880428,29,32
180478,510142,700417,992120,14,16
495345,997669,84732,834037,37,25
1809,877106,73119,945517,43,43
15206,425125,346640,921810,28,20
566704,842082,417801,952641,26,13
69918,286986,206029,885311,33,10
110821,884432,858312,967418,5,38
487143,905665,181270,598516,20,20
644732,879433,293900,892162,29,11
37417,859750,301818,505449,10,41
243987,516724,1444,950908,47,13
95376,236174,94477,340180,12,7
177018,382311,731,800220,39,10
105960,949820,406270,728542,16,42
116848,861245,85234,491479,20,37
689711,998067,211048,871983,33,15
120731,924651,3342,977067,48,40
4139,946092,705359,903783,9,47
96086,790554,245403,424351,8,34
463167,600401,176253,639339,23,6
95540,377085,1650,958163,47,14
399464,609407,45202,999908,47,10
491670,737385,588445,653240,3,12
135594,259166,55529,845099,39,6
134705,468746,307343,828655,26,16
157833,870134,944474,973625,1,35
632511,735398,46463,908275,43,5
474471,774440,71953,998908,46,14
778761,834705,449154,862355,20,2
234568,787988,193274,600711,20,27
561584,564297,303686,930891,31,0
92298,819819,520871,614379,4,36
280877,863409,85833,957613,43,29
561426,630088,26532,768860,37,3
69608,939301,344912,790997,22,43
305248,973461,39481,108257,3,33
42104,970404,100742,922215,41,46
525884,885523,12865,998178,49,17
340195,802388,15181,982475,48,23
270106,475766,25797,991796,48,10
55103,756615,10675,993105,49,35
167316,341046,54104,963203,45,8
22266,953092,456941,587633,6,46
689943,904657,320069,659290,16,10
79100,860599,16636,757559,37,39
210167,561373,29445,968925,46,17
78195,590584,299065,703088,20,25
178513,955639,308902,975819,33,38
475893,891111,137887,516303,18,20
16197,773409,409661,458130,2,37
333746,876785,144879,686385,27,27
110381,486234,25252,982968,47,18
1440,162354,260894,828380,28,8
528476,674830,181493,679970,24,7
27153,918274,518216,915310,19,44
67242,936650,481762,861124,18,43
431753,915235,112495,670201,27,24
847886,856869,316353,975871,32,0
5712,920145,542790,856563,15,45
12141,662371,188518,795669,30,32
363496,993479,25459,271835,12,31
33889,857961,172602,624682,22,41
49010,259150,246688,711391,23,10
641637,838928,203625,295627,4,9
131107,934703,97471,771630,33,40
816,2587,1691,997650,49,0
227616,965146,645858,904509,12,36
179322,642455,117385,983414,43,23
145765,900617,139902,948053,40,37
821700,838564,127024,348254,11,0
26420,732662,141964,857485,35,35
386169,989165,1166,975272,48,30
524855,950992,709464,751444,2,21
10761,90050,376145,608509,11,3
24736,899449,68359,869771,40,43
481278,801371,4692,980419,48,16
185173,338144,53115,945632,44,7
643009,647021,30608,71657,2,0
5,860955,160830,460352,14,43
165977,801087,725414,956155,11,31
245222,940111,224941,324677,4,34
323289,923765,33062,800194,38,30
194055,420429,226807,325924,4,11
1422,968390,470119,738891,13,48
326390,641004,586312,844193,12,15
100018,837455,54212,905322,42,36
8551,562364,118274,992434,43,27
556565,751084,18532,759214,37,9
410005,537709,24754,748703,36,6
42445,562629,70478,743659,33,26
205983,612904,196362,925914,36,20
654992,700877,27670,314730,14,2
51637,566595,9022,582894,28,25
74882,339410,277817,882911,30,13
93989,967550,206621,669964,23,43
282727,538568,108278,963541,42,12
78927,859225,69557,133119,3,39
275903,536932,336944,423391,4,13
4803,646736,18710,913662,44,32
333308,855397,32246,926033,44,26
819647,991987,3756,990411,49,8
72431,374436,123851,607945,24,15
363030,938302,228758,655351,21,28
227123,272188,894250,980726,4,2
80752,810597,417409,724873,15,36
25795,900867,209617,530295,16,43
318026,999296,162732,915077,37,34
227236,981436,691886,829953,6,37
154437,497911,108741,365945,12,17
181478,984111,179756,906300,36,40
231932,949712,118525,890511,38,35
551349,934079,529862,986832,22,19
214108,966158,237632,961953,36,37
357320,691029,277101,938041,33,16
125970,785216,104645,664017,27,32
234668,442941,374977,792132,20,10
154794,852828,63375,964961,45,34
44,990415,90418,807167,35,49
358069,836931,338744,826688,24,23
338241,560230,62633,480599,20,11
145182,798041,60421,967846,45,32
168598,373430,568178,943603,18,10
253548,888310,96755,693489,29,31
169249,977596,88025,534772,22,40
287749,850345,306572,635247,16,28
615652,974954,101070,657697,27,17
329361,781640,162906,682764,25,22
2396,997374,680734,973425,14,49
402822,703316,30854,935317,45,15
385139,479950,716095,784653,3,4
502157,830076,100342,977981,43,16
281330,867702,60013,632503,28,29
145976,861647,238654,385273,7,35
29202,859109,43326,980390,46,41
5888,983754,23388,804780,39,48
642362,933752,356689,362180,0,14
136223,959627,97219,842949,37,41
448335,936298,396159,870064,23,24
86578,537098,141120,974856,41,22
30205,993335,245726,978561,36,48
157027,702840,649404,926371,13,27
5325,977939,88825,949365,43,48
2738,812226,3104,995773,49,40
25412,664045,413248,858243,22,31
166380,566250,439126,441171,0,19
534312,742201,22322,783451,38,10
52576,159190,24888,721137,34,5
4757,985103,189442,955188,38,49
78757,464201,56555,843528,39,19
264552,852911,28933,636522,30,29
276524,773581,45603,785945,37,24
110009,730043,58916,971144,45,31
101351,306243,104280,938293,41,10
131360,939289,318334,636070,15,40
146307,993249,338717,598546,12,42
206116,691946,48141,614125,28,24
33628,595600,632021,995765,18,28
215733,433756,369357,796882,21,10
311733,996880,117314,825241,35,34
251182,680427,228908,774738,27,21
225054,788290,36973,601289,28,28
485061,829228,16206,401355,19,17
107676,729692,735380,876862,7,31
128011,602195,14645,542497,26,23
2371,597848,495892,993592,24,29
688795,969890,91765,713184,31,14
295467,887944,108690,659768,27,29
66506,850207,807957,866954,2,39
104910,768969,53340,237330,9,33
150145,969058,121212,816143,34,40
36191,316903,184940,317731,6,14
77902,599701,292601,930136,31,26
504181,671256,54627,940668,44,8
339110,420668,532850,833582,15,4
61794,730847,93220,808255,35,33
19527,107384,37640,794658,37,4
135489,255394,96557,302645,10,5
301965,839437,30196,987248,47,26
19934,778755,744684,965813,11,37
338594,990792,196853,829054,31,32
120773,895049,67439,913942,42,38
187317,953897,618027,952900,16,38
623031,965540,290514,454157,8,17
369993,407669,805146,819187,0,1
23479,909758,150919,988317,41,44
14228,597738,34127,738957,35,29
660787,902377,187235,521944,16,12
23130,987757,18769,976771,47,48
61939,951598,60723,133619,3,44
19084,292956,294565,441953,7,13
11492,801533,968762,981405,0,39
264015,590202,82915,892950,40,16
153813,750902,102292,860960,37,29
16575,964575,281667,416762,6,47
20428,972258,467888,870812,20,47
85016,871441,30825,964331,46,39
189880,720515,127060,578481,22,26
625424,881456,320183,406441,4,12
759438,786044,327557,585426,12,1
150922,828202,678380,687836,0,33
203848,763018,1294,308291,15,27
284843,808586,202371,689025,24,26
328748,976589,358118,748838,19,32
24408,823325,682752,843552,8,39
6151,778169,20255,925655,45,38
629035,821479,241233,400569,7,9
308248,536527,96885,950536,42,11
44872,958257,75976,485144,20,45
51034,805893,396363,779206,19,37
433967,753800,210295,651465,22,15
111639,991504,107889,490315,19,43
461854,806203,846545,978679,6,17
15967,994369,8575,983543,48,48
269703,867397,1798,998257,49,29
487577,902705,354279,683225,16,20
249687,346089,95321,875766,39,4
265359,956155,398600,850702,22,34
927869,972612,29055,378135,17,2
185896,764837,83679,919301,41,28
241570,751063,129659,581372,22,25
13505,14764,454137,885680,21,0
648916,916745,987528,989272,0,13
532585,744848,223838,862888,31,10
691600,961846,226213,270162,2,13
375660,935863,523415,756166,11,28
297986,887743,20806,910178,44,29
148716,706130,44481,441616,19,27
235395,964570,33188,739498,35,36
182504,298877,202071,234347,1,5
93410,919186,94547,978671,44,41
518956,787554,146211,811912,33,13
453961,640263,214837,222085,0,9
353938,574604,91137,987121,44,11
12669,955639,558302,793376,11,47
19508,992059,200783,604480,20,48
170376,493794,332242,849229,25,16
633132,934078,8351,654373,32,15
653151,914511,635171,660945,1,13
323099,982752,528537,888359,17,32
369523,907300,410,987267,49,26
16065,997999,49070,848932,39,49
15319,950444,409855,478381,3,46
95879,765848,21910,839969,40,33
196058,289467,297120,955733,32,4
518438,810819,674072,697697,1,14
198977,786560,64980,255752,9,29
35134,171994,383179,940892,27,6
680785,992559,82522,855985,38,15
26892,637680,158830,665964,25,30
234126,973639,15723,879380,43,36
192224,589778,269201,393109,6,19
942132,959524,450563,801602,17,0
161863,916593,460922,746113,14,37
334640,869468,441506,592591,7,26
115355,559129,562940,737874,8,22
5696,992440,99525,498186,19,49
377705,786348,277381,743849,23,20
391205,692795,492422,999788,25,15
57361,946713,4572,999526,49,44
97573,730683,210041,312776,5,31
46040,274487,177951,345192,8,11
39753,993547,29227,776055,37,47
213740,757799,274429,982024,35,27
209319,974953,352893,654657,15,38
436906,626190,148281,619668,23,9
610130,805624,371633,750278,18,9
92285,951474,16122,943140,46,42
116135,878542,107322,578910,23,38
541852,705709,14562,879614,43,8
54069,846470,71495,834619,38,39
143565,684658,384394,993644,30,27
80153,137190,51182,716097,33,2
556482,659053,5492,94265,4,5
332783,760275,164407,169794,0,21
241662,699541,115027,551115,21,22
11391,693927,74262,935903,43,34
572531,971844,582827,961601,18,19
5430,911575,631594,854216,11,45
65836,956699,521394,882847,18,44
31098,899289,225645,905158,33,43
64906,905774,867708,983828,5,42
85566,900074,149972,793699,32,40
509467,887514,566194,799546,11,18
655745,831366,2315,963561,48,8
140066,861608,518411,597744,3,36
186119,971168,39308,589503,27,39
369381,982747,119849,742177,31,30
310125,797924,185890,961974,38,24
22312,227106,125754,974074,42,10
459923,570534,61246,861755,40,5
269820,798444,45080,889816,42,26
300925,999864,106681,784337,33,34
67010,948496,246017,742087,24,44
126550,732413,30740,87242,2,30
22733,38906,65012,549260,24,0
89782,947833,176745,876662,34,42
42803,965506,168675,915553,37,46
6438,999083,422151,939371,25,49
19691,810072,184086,819508,31,39
138237,430608,155033,464453,15,14
547274,714615,131983,987118,42,8
25357,964353,203486,533311,16,46
758317,810482,509500,957676,22,2
451316,596260,6596,998245,49,7
387395,565512,367121,465277,4,8
97364,741373,268179,282453,0,32
208845,976059,61455,946851,44,38
642653,878153,167176,729786,28,11
17621,976533,263214,938252,33,47
348982,825398,75191,721954,32,23
97468,413282,2049,976698,48,15
294049,580487,509510,696955,9,14
26106,650145,1254,984919,49,31
258691,971416,17064,979608,48,35
16569,683635,46099,419176,18,33
279667,461615,517741,826462,15,9
724972,951044,342770,872102,26,11
78988,945266,26816,816570,39,43
556303,994110,777043,913617,6,21
216634,335910,206337,940396,36,5
82516,849504,298282,859792,28,38
39631,581306,5524,114259,5,27
231751,376404,252863,713479,23,7
94406,761379,95523,780968,34,33
704702,946254,524332,663199,6,12
438342,968331,323369,878606,27,26
577100,851245,614612,954899,17,13
203280,726525,695404,909568,10,26
371929,958696,50839,877321,41,29
91407,217614,383035,827739,22,6
246702,854057,196557,881658,34,30
98224,418222,484866,900060,20,15
47616,937845,514914,717012,10,44
80703,615435,171805,876979,35,26
128654,442379,400369,585791,9,15
206019,686645,517280,751451,11,24
384719,909889,911576,942710,1,26
657946,928692,99258,951611,42,13
418265,510595,95624,691074,29,4
53358,862847,5517,932362,46,40
374421,849342,176237,800775,31,23
256189,381257,111849,994790,44,6
191102,659406,23135,844624,41,23
212299,886466,260312,931380,33,33
114900,379062,95967,921709,41,13
138986,565101,92394,623248,26,21
480718,611641,379540,438079,2,6
106614,822464,486215,860248,18,35
81269,207072,703802,828144,6,6
109100,352365,98792,631141,26,12
220114,847706,546937,596850,2,31
34674,696331,104421,929539,41,33
306379,918278,34049,940632,45,30
150494,988434,104403,837039,36,41
144539,745513,771575,895090,6,30
287463,908642,67279,813708,37,31
380768,800460,18290,878770,43,20
473080,765693,159509,921351,38,14
207412,396171,121027,950664,41,9
758466,759255,80664,896401,40,0
125074,152767,113260,981803,43,1
93091,119686,475076,812299,16,1
625542,793720,39504,726844,34,8
146623,772098,65763,886690,41,31
183317,930469,197493,773306,28,37
128641,801909,138702,569938,21,33
142889,798450,413242,606595,9,32
268325,615457,116047,893154,38,17
98732,981560,315479,547523,11,44
560043,788963,328940,383622,2,11
317906,489244,9962,649294,31,8
134705,283936,532918,888160,17,7
5746,994219,11442,838722,41,49
29875,509037,501396,948416,22,23
124591,453160,398385,942719,27,16
15943,984033,339642,576569,11,48
209505,780914,370723,622344,12,28
42868,973195,246465,255500,0,46
417607,567984,101956,120594,0,7
288635,705890,751583,777534,1,20
513994,804038,154801,225530,3,14
626260,759344,124058,523373,19,6
70546,901167,921867,935458,0,41
328427,845639,105120,761420,32,25
159205,635681,604880,811958,10,23
13588,768405,410615,690350,13,37
113764,650267,31660,955157,46,26
237108,728371,119532,411897,14,24
218499,627664,161970,380432,10,20
199451,669005,94334,888618,39,23
13689,440368,482,980522,49,21
721556,732887,748987,783940,1,0
224362,848314,471160,846229,18,31
207612,887871,244069,809271,28,34
337825,499327,56509,123115,3,8
752486,889178,51599,74990,1,6
565979,658971,528727,818466,14,4
9283,995814,57780,182987,6,49
396287,795966,176419,524477,17,19
133933,936360,823761,830681,0,40
280970,378227,412311,923367,25,4
169611,785653,418438,710700,14,30
15540,987646,457930,589545,6,48
644370,940684,680106,931257,12,14
143541,377836,253430,902031,32,11
182553,569836,123325,812371,34,19
207742,513359,168806,871961,35,15
206165,740416,326480,674223,17,26
512837,670171,431284,880891,22,7
251736,935194,172013,439458,13,34
186783,391822,5824,942710,46,10
209987,803555,170632,271981,5,29
141428,707027,91314,932846,42,28
493869,552050,772691,890529,5,2
411012,919267,12157,999733,49,25
57724,824816,827330,832021,0,38
386986,863923,249710,955546,35,23
914483,926565,343177,799030,22,0
86223,851447,50049,572740,26,38
613148,679617,957248,998854,2,3
649306,690941,333411,766317,21,2
603239,759847,228486,902298,33,7
48884,878796,5305,791103,39,41
183276,635514,47994,953416,45,22
282504,961105,170598,765374,29,33
357922,754838,194421,937649,37,19
141927,775777,626657,890152,13,31
45503,809256,3724,961636,47,38
583305,954975,388644,705300,15,18
64654,660296,445801,788565,17,29
39711,953945,181637,528585,17,45
92458,603297,412440,795097,19,25
37922,896369,495462,766108,13,42
103285,321629,333474,946701,30,10
26078,810119,100349,602832,25,39
640580,908801,105116,417847,15,13
64694,942138,83264,994205,45,43
10437,311662,586971,938463,17,15
658301,932725,332178,809147,23,13
80818,968641,258994,846731,29,44
555470,834964,734936,978622,12,13
123360,410943,365368,770731,20,14
17223,939637,220416,825474,30,46
361117,426515,361193,960646,29,3
258385,744551,557890,773686,10,24
650562,946575,247084,627228,19,14
143340,803319,93775,754335,33,32
34450,797316,105117,944041,41,38
134011,516296,79498,897008,40,19
82107,493458,429340,956541,26,20
71594,970075,12976,796565,39,44
50235,211172,199193,848695,32,8
502183,798215,111815,790614,33,14
517572,755713,498232,784801,14,11
673674,778711,384030,949551,28,5
442227,493809,43986,880196,41,2
20027,899083,63587,809496,37,43
375090,736335,938774,967479,1,18
87027,720809,507060,986903,23,31
33551,998915,595050,910622,15,48
1673,995116,402611,435891,1,49
177799,973654,455151,829213,18,39
58331,947199,212813,325751,5,44
69102,965282,567651,625891,2,44
216944,900577,6011,982381,48,34
56583,980013,276965,361714,4,46
348896,612218,173207,439524,13,13
16496,966884,24416,561181,26,47
26473,464889,82721,534871,22,21
96380,263202,70568,883551,40,8
235242,546706,43427,517392,23,15
153093,242349,77917,991628,45,4
30931,351305,1416,999050,49,16
581439,867287,53183,922924,43,14
451823,861532,257559,845832,29,20
142747,971854,94059,358900,13,41
152579,832325,544665,764873,11,33
177936,774864,934394,999550,3,29
170262,998073,924751,949452,1,41
74522,918612,96315,271293,8,42
112710,706189,61136,859415,39,29
143182,370829,385228,525299,7,11
152596,960821,43145,279254,11,40
96917,995958,217116,740539,26,44
124181,618451,21472,877084,42,24
22085,771348,372372,622291,12,37
340808,790705,780437,997284,10,22
659298,962020,153818,908771,37,15
255077,923335,7729,274716,13,33
196040,353966,181437,754047,28,7
268831,741063,34295,799214,38,23
109968,638487,371982,684306,15,26
13628,549144,141869,881463,36,26
381248,725224,10957,977806,48,17
515753,888161,83620,939270,42,18
45108,996666,408634,725180,15,47
600268,969790,363756,842241,23,18
182476,961090,166227,576259,20,38
21624,484008,412224,547090,6,23
21934,943155,720628,834742,5,46
321038,645469,635331,960631,16,16
126211,750461,342412,481043,6,31
98161,915083,95478,968159,43,40
251316,314199,758115,828315,3,3
42155,726041,131310,435296,15,34
113680,852809,225293,746216,26,36
28103,990859,101375,926685,41,48
5012,604759,306822,483330,8,29
405426,864498,520741,990215,23,22
208064,836633,5132,969502,48,31
474303,953128,523569,680354,7,23
256048,637327,729932,789818,2,19
57624,980038,486982,708596,11,46
710837,872322,294582,661825,18,8
158340,311018,23810,953919,46,7
46577,875872,446314,684703,11,41
64,997518,493374,850889,17,49
629808,874457,110921,994908,44,12
59841,937223,350202,548713,9,43
665518,978841,238871,774850,26,15
200056,673583,397822,781004,19,23
879059,985038,87305,981880,44,5
189547,385406,177893,593464,20,9
141060,624360,157023,239491,4,24
51122,663004,99367,830233,36,30
466052,627004,233228,784400,27,8
17139,868669,140176,950878,40,42
39599,998122,497887,940387,22,47
118546,923821,31,556077,27,40
194433,718583,281178,888124,30,26
16627,668685,56779,270219,10,32
46881,778094,162377,763606,30,36
567428,777972,156614,812958,32,10
215700,657834,133986,778336,32,22
196,991438,60353,789144,36,49
312133,740713,551486,936600,19,21
266200,355343,143229,307148,8,4
709582,933565,42091,913925,43,11
193078,739321,477194,912704,21,27
39742,939127,532088,548380,0,44
544639,735978,409732,673948,13,9
37494,984956,198341,994574,39,47
535353,597828,342731,726289,19,3
466857,494987,22820,946300,46,1
30268,196515,338450,730832,19,8
113465,623779,689291,906345,10,25
593503,639463,377595,569065,9,2
477710,804207,756147,828349,3,16
90424,743675,11262,492924,24,32
99614,692496,61870,783043,36,29
84827,961543,233274,382574,7,43
2366,974913,284195,843143,27,48
102167,836981,48882,701403,32,36
44821,648629,320813,969386,32,30
2470,974249,256634,895394,31,48
150,108261,241392,577949,16,5
213528,929648,679957,927852,12,35
9569,980328,79342,896278,40,48
372628,998445,303272,829962,26,31
161661,953197,197145,784150,29,39
177039,797051,84759,849807,38,31
216519,812241,132419,948877,40,29
238252,807129,225983,374809,7,28
421258,770919,144064,756339,30,17
139302,424314,427862,646392,10,14
269994,846024,717933,748209,1,28
114437,993084,12954,625250,30,43
70728,195711,2431,709076,35,6
255053,765054,599752,948960,17,25
351407,776689,497329,736612,11,21
379597,504802,305698,681687,18,6
51128,960405,112775,113170,0,45
342225,822322,6172,985904,48,24
298928,762047,258393,812949,27,23
54012,902031,118441,753978,31,42
858599,939413,12824,864174,42,4
855340,911717,329476,934006,30,2
803958,980090,1427,956126,47,8
77855,887019,89620,916293,41,40
151136,626942,175188,746657,28,23
199084,635577,37984,985596,47,21
116363,592846,23459,876647,42,23
39071,931017,226088,688944,23,44
737189,809072,32643,928163,44,3
56127,944907,16765,980643,48,44
412905,838740,66623,965816,44,21
531263,557522,86611,967621,44,1
72669,220632,125280,677432,27,7
102894,883503,158538,853577,34,39
483409,532863,78953,626598,27,2
565273,746781,3499,996165,49,9
38578,881673,771234,836134,3,42
196730,336460,147849,894263,37,6
540689,684804,487780,753941,13,7
369649,394710,251320,545178,14,1
345474,395004,219771,927840,35,2
914173,933616,236157,998547,38,0
4953,998994,534803,989030,22,49
13795,830425,638419,739782,5,40
336918,676700,297793,403172,5,16
124196,791914,76691,959282,44,33
55426,850883,90375,994716,45,39
33101,679735,140277,848139,35,32
44076,580755,569778,835889,13,26
657225,951149,104446,894717,39,14
49629,998974,62719,384053,16,47
67741,967323,204562,526375,16,44
5826,732152,294433,445295,7,36
97442,507550,35638,932053,44,20
179542,728115,1205,965264,48,27
839809,913353,8545,422458,20,3
60694,931169,31735,129004,4,43
492233,899659,23032,952345,46,20
386361,976482,305759,994464,34,29
81797,932856,13002,532872,25,42
318143,689880,552836,984248,21,18
230762,783248,379846,418842,1,27
88087,899296,108709,913085,40,40
2365,324541,398880,779931,19,16
162587,208619,147274,543658,19,2
290674,579068,434647,994174,27,14
24913,980532,19461,984681,48,47
204581,874337,103540,878411,38,33
244625,650356,49112,823821,38,20
43526,655617,331746,442117,5,30
960027,989990,170211,875879,35,1
61915,914197,145512,799706,32,42
356769,960876,149,999965,49,30
4195,997904,188183,668707,24,49
4137,10960,425127,731757,15,0
35227,619344,494263,830830,16,29
194608,315166,41120,873115,41,6
828079,914437,11466,962748,47,4
244513,977819,87504,577238,24,36
507534,905285,454036,792163,16,19
723807,945254,253350,631791,18,11
288685,538772,338078,679236,17,12
77597,646458,402318,883553,24,28
116591,439154,62483,947983,44,16
96720,438164,446971,795833,17,17
816964,836140,775775,906426,6,0
263167,948654,850192,995000,7,34
389558,764962,324164,950562,31,18
164742,647794,166511,985680,40,24
72830,178345,330623,776270,22,5
22732,995006,512145,880741,18,48
393886,555807,260374,540798,14,8
77631,984960,39347,824604,39,45
456599,571821,150423,461732,15,5
108081,993532,115921,978979,43,44
79984,947325,782377,788894,0,43
63149,948184,357429,861190,25,44
142494,770186,966778,989586,1,31
11554,996431,235765,912831,33,49
544817,640692,64581,192731,6,4
3263,906810,72365,891160,40,45
106017,947758,154134,754753,30,42
334832,913371,241158,942163,35,28
103254,584464,281952,808511,26,24
10784,934693,77111,740939,33,46
74568,857439,307952,914425,30,39
228453,267979,461675,879579,20,1
172369,859168,124575,559224,21,34
408005,606528,176433,947432,38,9
2822,921028,197675,893052,34,45
122566,899752,555439,784632,11,38
144937,847598,197780,986801,39,35
322580,793531,870,505389,25,23
339639,954827,516636,706880,9,30
314584,890390,733279,734824,0,28
547716,657725,19315,923521,45,5
492187,781445,62435,403048,17,14
261231,970660,853526,895364,2,35
99929,943893,36083,939617,45,42
280411,590044,32213,921608,44,15
2313,986702,305182,770988,23,49
546529,614906,24657,844612,40,3
182018,795043,87429,792425,35,30
874641,875254,11245,710309,34,0
624406,677345,663154,921569,12,2
324270,911719,568562,840006,13,29
390660,642953,652228,759863,5,12
357528,776314,302469,817065,25,20
35136,980704,34237,520620,24,47
384215,799757,2758,995437,49,20
455301,483387,292973,965803,33,1
311,443652,58092,914588,42,22
27109,403400,15858,995887,49,18
19829,857365,659143,847701,9,41
199216,976205,31499,999602,48,38
673250,982882,472759,606696,6,15
401472,983774,71338,505193,21,29
550858,790220,112057,799415,34,11
24737,877993,186935,270703,4,42
816288,954812,168412,825492,32,6
69952,853143,12913,104960,4,39
579392,829544,273436,890062,30,12
479018,986801,115071,640367,26,25
36283,714037,18,960610,48,33
59911,859280,115854,605673,24,39
312713,915252,495843,864836,18,30
188562,727570,455505,930386,23,26
322974,750590,32225,992511,48,21
27670,720184,341622,412781,3,34
481815,849158,30493,841516,40,18
40868,590481,217581,397472,8,27
18796,686494,139060,980615,42,33
256914,361210,312079,668763,17,5
618828,763277,780858,978524,9,7
612853,864040,679062,975097,14,12
192314,529529,202706,634568,21,16
557851,977089,557624,645962,4,20
570864,760610,697965,980899,14,9
327022,821288,135111,964675,41,24
136738,588728,747103,834445,4,22
85274,716483,223008,292250,3,31
29314,964867,238341,676527,21,46
38035,900803,28892,983205,47,43
43749,663298,92375,914914,41,30
432685,529149,242158,566245,16,4
27978,288241,252860,533779,14,13
248203,965023,40047,992838,47,35
373581,645875,197717,923872,36,13
10864,999034,52800,944755,44,49
22390,695401,386611,678074,14,33
300205,651588,358916,829671,23,17
106707,951220,19752,882752,43,42
335354,964852,4986,500780,24,31
724128,887461,831473,961256,6,8
280345,619269,130303,854215,36,16
784619,827460,8410,991674,49,2
116060,619587,249876,794249,27,25
258963,889441,94346,384628,14,31
206280,972234,492603,632911,7,38
85739,883447,49890,847051,39,39
224618,880815,635108,898638,13,32
44517,983650,502819,753939,12,46
136974,895751,55252,737234,34,37
474863,932531,183732,522039,16,22
823573,838652,186230,270267,4,0
730726,911134,34565,698467,33,9
68594,919399,141711,993017,42,42
280964,778658,475872,720256,12,24
96453,641617,22131,943319,46,27
172159,882096,670191,965400,14,35
309012,930397,218014,540142,16,31
127772,461171,184403,184917,0,16
221869,877163,12912,858636,42,32
429167,787675,267285,587992,16,17
29970,943351,217142,838304,31,45
490023,961940,611792,965712,17,23
167906,878628,70992,512016,22,35
148272,802910,91590,141419,2,32
194076,626091,549147,899536,17,21
83432,789131,412050,603925,9,35
34081,921407,793426,956567,8,44
726577,912009,467096,706529,11,9
49423,980990,698454,909395,10,46
6913,726454,53063,981927,46,35
76056,786763,51939,739674,34,35
340480,573221,919031,995625,3,11
892823,973675,171059,385534,10,4
198908,428518,143398,359512,10,11
13972,996463,227482,237745,0,49
398098,724717,537819,658271,6,16
145128,727805,11145,963790,47,29
179059,381795,270444,807536,26,10
191230,891031,324783,962774,31,34
60397,865479,163507,962504,39,40
737036,884391,279328,516625,11,7
459886,625343,845533,992009,7,8
254697,334154,110718,847009,36,3
957978,974112,2600,976299,48,0
924377,964254,198094,939380,37,1
392896,936848,74045,915658,42,27
13801,964479,493694,773624,13,47
414289,815387,637639,680401,2,20
299344,947182,162406,533692,18,32
122082,812730,40658,976178,46,34
647,999363,69095,872741,40,49
145285,461820,56754,490213,21,15
2970,888074,246787,671280,21,44
26838,990031,418367,710506,14,48
121980,393936,287144,967288,34,13
33646,885277,26150,218016,9,42
301281,635016,325090,564277,11,16
147917,940686,164788,989192,41,39
17465,355522,97063,795678,34,16
86945,739570,364683,608170,12,32
271553,666024,373760,778058,20,19
260740,772257,281671,993797,35,25
17655,982485,183496,793549,30,48
261182,506646,396033,842055,22,12
441953,736390,338909,816461,23,14
242219,846360,93065,491170,19,30
312524,996486,30236,758371,36,34
283748,830609,19288,228044,10,27
265046,936907,1998,572813,28,33
361782,751418,225552,653624,21,19
450702,538405,24003,645728,31,4
498483,776627,811774,998133,9,13
311151,332480,331384,462642,6,1
166707,548588,438820,928717,24,19
646428,965591,153383,441650,14,15
61530,858306,335447,460059,6,39
489034,844854,601544,914160,15,17
79652,796989,225302,620034,19,35
523896,538869,673934,962481,14,0
86522,873795,443509,667333,11,39
119403,540766,690628,935313,12,21
17126,945353,184205,978689,39,46
181214,558059,168091,857142,34,18
18424,891442,35494,884535,42,43
54201,830946,270246,877706,30,38
81823,841361,28216,508959,24,37
693579,757284,78767,323915,12,3
347961,840249,17091,944230,46,24
95654,819558,550081,663140,5,36
41972,964932,357366,892386,26,46
196209,328923,308506,838228,26,6
675236,926684,139451,854361,35,12
120763,634137,212130,898066,34,25
535507,683314,126852,807928,34,7
770537,952170,233755,836951,30,9
181849,826412,74039,634198,28,32
321436,367037,212429,982412,38,2
367774,955771,373118,508027,6,29
5433,944728,205069,836337,31,46
359044,990082,185109,889285,35,31
608221,998238,634926,925801,14,19
287822,394497,515702,895897,19,5
228237,661652,131493,931135,39,21
136621,761242,29211,875223,42,31
525204,610256,78619,886872,40,4
191659,959118,366748,546909,9,38
766071,991925,471242,696905,11,11
175350,949919,609588,677312,3,38
765775,928474,613223,819146,10,8
1015,658516,488411,660499,8,32
448182,985655,91655,388612,14,26
687311,962769,56628,948307,44,13
22696,984142,81881,606374,26,48
119229,856866,1057,997148,49,36
97723,404131,138828,983605,42,15
82683,440093,97290,472374,18,17
320304,802703,321950,827892,25,24
444483,635605,42280,882469,42,9
1445,991981,12477,981477,48,49
555470,681468,53283,922268,43,6
22169,877323,17424,486115,23,42
464363,652734,181019,664569,24,9
364463,946891,18169,647888,31,29
82641,967515,239699,911545,33,44
516537,534947,350478,490988,7,0
246618,406636,485820,989481,25,8
166104,633114,2390,897247,44,23
52373,931239,490521,841059,17,43
694297,986954,382159,890196,25,14
209703,917008,609821,705565,4,35
51523,930460,106204,278037,8,43
402863,515906,124354,554746,21,5
144787,725149,17678,942357,46,29
127466,994433,4355,703790,34,43
236097,619967,52818,929311,43,19
486286,500316,115571,998145,44,0
678919,899525,194092,978638,39,11
47655,780075,11318,529872,25,36
509964,858694,42097,152444,5,17
732293,774791,284293,449734,8,2
486296,930812,93287,537083,22,22
479944,999902,469101,767262,14,25
457739,823420,237955,979755,37,18
568952,874319,22459,230167,10,15
247164,964555,171371,700163,26,35
138047,641679,82813,761568,33,25
153312,956445,9169,136184,6,40
59259,206954,44907,862031,40,7
421849,651710,357976,635048,13,11
213392,507721,348542,390493,2,14
250123,987449,140395,538186,19,36
179968,633355,149938,469704,15,22
411922,702875,149615,676185,26,14
129503,977049,20842,850269,41,42
510447,899073,95275,278681,9,19
9434,998908,69054,441551,18,49
7369,982883,38340,960032,46,48
556222,857353,647498,760907,5,15
77810,312637,257998,800582,27,11
330089,535443,8120,820143,40,10
244811,594835,8954,888723,43,17
109192,450723,312809,976075,33,17
590827,687822,218159,711354,24,4
411612,633222,53407,956564,45,11
6679,444824,144777,317767,8,21
135873,233648,899781,911132,0,4
90830,156469,74752,694933,31,3
60349,895196,267442,688399,21,41
724541,859421,320035,327658,0,6
335046,590410,155632,811933,32,12
296865,832438,196511,978745,39,26
119193,833363,441842,679684,11,35
461261,588065,432054,859666,21,6
184573,976717,4606,441279,21,39
182151,197157,35081,312707,13,0
5826,996146,506611,842455,16,49
94366,552743,319351,474487,7,22
260363,989317,9528,928220,45,36
553623,797870,424333,698581,13,12
428158,488017,484720,613373,6,2
289694,958293,78035,621355,27,33
95614,988333,76442,521143,22,44
533954,794912,572271,909650,16,13
525934,841966,408396,976960,28,15
535806,903825,764977,853387,4,18
82599,860418,37477,857212,40,38
267751,774697,423988,858698,21,25
515398,964433,192286,743875,27,22
443075,823442,15050,998740,49,19
43162,196930,130150,891809,38,7
7391,645745,611209,788646,8,31
147276,948250,380304,584269,10,40
209653,771414,161061,898218,36,28
220428,442701,321240,925108,30,11
84579,320157,872079,999085,6,11
33318,529847,262555,936790,33,24
391721,944793,111766,912468,40,27
174637,789858,539243,876134,16,30
653291,958770,299135,687831,19,15
103729,485269,64118,991071,46,19
85798,305632,92277,294676,10,10
144827,990702,80333,857128,38,42
176190,883593,520651,877124,17,35
65508,963203,131824,985793,42,44
621467,869609,685633,731387,2,12
127214,584427,445985,848845,20,22
56642,467229,547340,905116,17,20
626820,638485,85009,613516,26,0
424635,794108,235457,340542,5,18
69060,584706,103104,438610,16,25
34559,939177,130102,782757,32,45
113322,306626,801826,906850,5,9
72149,815803,80441,748703,33,37
776545,888186,66155,118942,2,5
637,950559,328423,962780,31,47
160035,977152,236613,869031,31,40
697663,743873,90629,811976,36,2
446562,695547,92369,869688,38,12
6800,918411,295908,379883,4,45
345756,666509,196124,547798,17,16
6321,897306,23437,823838,40,44
41205,949872,55891,972251,45,45
147860,999348,55336,789950,36,42
8805,953303,22976,595389,28,47
150028,550797,699179,847346,7,20
176238,988230,141919,327951,9,40
572707,987967,962643,966605,0,20
1475,972144,144282,988398,42,48
412010,605881,290420,690083,19,9
539303,913272,39589,687100,32,18
80680,162268,9784,945242,46,4
9095,988224,24288,920839,44,48
5890,999258,122845,781193,32,49
264280,962642,150448,755521,30,34
305562,996304,724532,751647,1,34
190064,478713,3599,847415,42,14
103512,958779,209474,606356,19,42
697850,808656,566588,579440,0,5
376323,828760,84027,271020,9,22
247124,817280,802838,849815,2,28
21510,900107,276348,676816,20,43
250350,929663,748429,777362,1,33
934447,960389,98003,928695,41,1
209178,816905,91582,982587,44,30
92975,707304,435290,852898,20,30
220493,981858,615312,868553,12,38
442529,946814,248104,881211,31,25
91648,587195,28092,725890,34,24
14868,983782,959768,971612,0,48
32313,866282,191677,710010,25,41
14718,959163,218779,924320,35,47
17908,984002,202241,961561,37,48
149110,271570,324956,899238,28,6
364144,976287,35570,990256,47,30
84741,886440,294276,317103,1,40
3560,898408,363132,983068,30,44
162902,566107,55300,896475,42,20
126920,254153,32633,984606,47,6
549982,732028,101346,896146,39,9
681405,923053,508619,824610,15,12
21670,82025,354241,515410,8,3
603033,928742,112701,868783,37,16
562790,626736,224539,937742,35,3
52064,919787,45768,876951,41,43
9956,834994,9309,428577,20,41
87981,896495,96382,978911,44,40
5399,997139,340930,544352,10,49
477456,539686,2037,869163,43,3
577726,865973,417441,561065,7,14
161386,852739,962,999468,49,34
121476,679217,226849,970211,37,27
525624,985770,487917,736417,12,23
31991,933552,46121,927958,44,45
410456,799788,282545,451605,8,19
454301,710239,358958,916149,27,12
31350,749749,252593,981432,36,35
239988,481961,401959,862027,23,12
234765,923583,339509,472338,6,34
125594,147071,190670,980448,39,1
431341,923974,52815,443573,19,24
657917,706299,607082,749587,7,2
271435,749122,132137,828268,34,23
224158,850074,612663,620240,0,31
507998,836255,91147,734117,32,16
205893,578928,58171,980809,46,18
912367,978523,317422,989835,33,3
40648,999874,155979,517422,18,47
240294,999797,203290,343953,7,37
11423,952014,206017,587128,19,47
13382,978192,510206,674200,8,48
286103,722809,188079,886190,34,21
45300,314725,560344,931015,18,13
126200,994475,135428,862405,36,43
104737,961971,106924,156044,2,42
101326,683881,49614,415965,18,29
287521,319896,2722,111241,5,1
175239,606434,148645,953673,40,21
129432,964504,272596,844370,28,41
598702,897294,467713,839223,18,14
20618,370084,94706,893385,39,17
37376,896157,127641,790872,33,42
112436,712407,166948,641936,23,29
27202,757828,240438,913511,33,36
103807,774143,848606,985633,6,33
24749,994079,694702,888946,9,48
688824,899880,112199,679961,28,10
88942,912714,442545,935553,24,41
86820,444816,191786,390328,9,17
631775,993400,332593,946938,30,18
131936,994121,233680,469300,11,43
26580,515742,121175,990808,43,24
246261,848352,118276,362680,12,30
24112,990521,912133,989008,3,48
211442,969741,573888,917653,17,37
43313,795674,349313,976418,31,37
282415,388878,245146,907905,33,5
192668,660196,138994,192793,2,23
29809,854656,146599,401228,12,41
22839,921261,65545,767687,35,44
49396,633627,564264,783420,10,29
298562,600504,220730,444037,11,15
300105,781530,170533,603520,21,24
296528,537890,26134,947927,46,12
53375,956786,24811,955086,46,45
310817,974670,57178,965944,45,33
281920,801562,191216,341904,7,25
332807,742500,385310,770608,19,20
215899,955513,621737,810352,9,36
219292,843293,153600,786037,31,31
146099,955705,325871,814170,24,40
664635,731207,89682,285519,9,3
60432,968057,451404,722974,13,45
608946,741954,11476,154986,7,6
173406,768755,285564,665594,19,29
583505,785740,591541,645500,2,10
58557,208568,212938,362350,7,7
320783,972101,312549,992827,34,32
103174,836179,589030,997855,20,36
32404,934577,38666,336844,14,45
28284,490362,249507,844784,29,23
685931,965397,511426,930542,20,13
37910,961252,386,994474,49,46
213200,982259,21374,577999,27,38
483083,798051,45628,998558,47,15
181372,386892,794284,892382,4,10
383630,561768,444627,547187,5,8
210987,785980,603976,793152,9,28
657098,966170,113648,990909,43,15
138361,556663,270597,979357,35,20
67672,880560,62191,483811,21,40
92954,969911,260399,891992,31,43
542543,764966,441121,919117,23,11
398740,977372,301804,779539,23,28
180309,823425,463423,757320,14,32
