552659,907861,22465,981933,47,17
245741,857353,7338,879335,43,30
136737,750374,15784,867904,42,30
146801,999410,43070,276810,11,42
492660,917348,11381,568350,27,21
151684,963371,196051,734413,26,40
54153,935106,17799,989200,48,44
686031,976593,260665,508508,12,14
54674,606688,445685,695591,12,27
819594,950403,373443,486141,5,6
594794,838129,4698,983157,48,12
74589,402570,66286,878497,40,16
226926,432701,531805,574497,2,10
811595,954628,125641,752788,31,7
257609,532305,318058,987315,33,13
268006,970709,352559,572118,10,35
397485,977317,543011,703477,8,28
590177,654968,35300,991440,47,3
379520,630846,822373,999101,8,12
148923,863573,237857,366840,6,35
460663,771454,70366,963921,44,15
216358,497791,112474,746787,31,14
24135,952414,248206,923167,33,46
737409,885713,18059,474325,22,7
69984,530959,188852,882092,34,23
255412,697665,93133,899440,40,22
14857,989905,314632,544316,11,48
113174,305757,187050,832954,32,9
172705,706253,407259,959737,27,26
45434,548483,119842,980362,43,25
624695,939319,307983,989135,34,15
567644,638912,363588,586088,11,3
322698,404355,226389,737693,25,4
9201,733474,10045,980307,48,36
352727,653292,165786,416821,12,15
295237,783794,113212,745923,31,24
391449,400553,370526,656599,14,0
688803,786136,192341,591798,19,4
172876,997159,48915,733052,34,41
224408,694301,871330,984506,5,23
284651,913227,239831,417870,8,31
142378,959049,91928,899463,40,40
169485,879671,82685,353866,13,35
262104,489522,412068,517421,5,11
381822,687145,137670,942897,40,15
157912,297790,249110,574087,16,6
214798,953046,327788,536511,10,36
263112,343509,359753,920276,28,4
113398,440663,55481,971116,45,16
22508,939786,219616,873019,32,45
205831,465999,132001,994523,43,13
113245,902955,69849,805760,36,39
123409,486124,177692,875557,34,18
73001,921221,131730,980933,42,42
258,998089,712592,925144,10,49
48078,997889,15923,352576,16,47
139976,965793,35937,897348,43,41
23422,926334,68785,985594,45,45
12174,810323,55620,135955,4,39
276904,784405,569629,695688,6,25
67557,739285,299180,862104,28,33
4054,979671,354806,836553,24,48
444529,901572,429689,995791,28,22
355827,356270,724985,853486,6,0
142294,187748,2339,284969,14,2
160460,714724,140498,767384,31,27
274032,355968,222713,935701,35,4
293384,567387,168459,264049,4,13
288233,980030,297692,749433,22,34
277860,802040,194337,888803,34,26
145394,268677,18518,982833,48,6
303098,513886,50938,839753,39,10
150731,806139,605784,994905,19,32
166992,829513,487623,791337,15,33
398120,470190,48761,774523,36,3
587327,617919,42323,980431,46,1
555405,912738,954906,968402,0,17
428631,486895,316812,848236,26,2
245992,867562,56160,977840,46,31
270370,968007,14472,299205,14,34
107342,943432,460711,517332,2,41
1897,991782,345288,933746,29,49
262216,416624,137866,634414,24,7
190053,938135,186326,710111,26,37
375806,376072,126335,996561,43,0
573552,861270,362700,547587,9,14
654056,803377,383230,541311,7,7
785859,793004,259738,801102,27,0
445185,536651,220207,419271,9,4
792790,848398,85116,183487,4,2
390439,996348,270401,994565,36,30
142771,600668,204962,691748,24,22
891108,914057,920,999920,49,1
237635,951105,100758,860249,37,35
804849,992257,22305,710252,34,9
51213,849703,313460,386470,3,39
195419,613816,251647,840825,29,20
351,988196,29931,709824,33,49
32071,774964,462202,652175,9,37
243791,505520,11894,550704,26,13
10152,981897,295241,658586,18,48
200238,352064,523302,783297,12,7
80989,990622,75568,995844,46,45
604820,817108,65784,839318,38,10
321696,790931,491608,984391,24,23
773201,828774,397918,959852,28,2
32589,981815,706954,714900,0,47
651858,844488,292054,510318,10,9
55200,932634,803906,999648,9,43
84591,975633,405521,980949,28,44
114150,574213,294285,695230,20,23
588773,991673,523922,628714,5,20
513094,737481,485486,820627,16,11
15658,981208,97979,706031,30,48
806155,942417,162791,943123,39,6
416534,526024,588940,861156,13,5
328038,544345,384647,591119,10,10
72606,900683,367309,802522,21,41
502569,860426,253000,660661,20,17
571822,976543,232486,757305,26,20
270134,979426,10511,890950,44,35
102832,494610,35090,503462,23,19
48364,847856,309975,981576,33,39
667792,871671,453075,900255,22,10
386899,416121,300922,883363,29,1
164651,729668,100158,750395,32,28
22862,974652,361,997040,49,47
31594,747384,362319,434113,3,35
168000,946121,261687,620836,17,38
40288,296667,459661,685883,11,12
115596,998829,307414,953132,32,44
473277,561575,176265,778390,30,4
290179,565720,227653,972574,37,13
5457,905664,14982,994661,48,45
85515,312452,231391,840237,30,11
38957,952619,197947,340282,7,45
218317,951863,275137,378238,5,36
417563,604108,117619,573484,22,9
100720,737047,278347,871895,29,31
205732,944004,34612,210199,8,36
309252,564299,69322,388031,15,12
97776,814086,61019,882762,41,35
87845,843286,26071,569852,27,37
688654,733053,717349,773620,2,2
71493,338857,215435,539903,16,13
21708,708692,117766,625349,25,34
171541,820473,221603,466507,12,32
183075,878027,87109,269375,9,34
14441,922142,273362,963756,34,45
254384,812880,6956,862402,42,27
706702,861670,81473,930065,42,7
428811,819791,572584,921810,17,19
246267,928764,176838,568052,19,34
31390,278726,307476,967513,33,12
50295,843919,165680,911821,37,39
127911,700419,417946,887248,23,28
13231,959091,33888,910630,43,47
736409,878043,683137,906948,11,7
31825,351136,268347,831741,28,15
384606,757921,394847,476027,4,18
142322,756922,493248,776387,14,30
5981,528501,18509,612583,29,26
53164,944275,17408,557381,26,44
102031,750723,190448,779656,29,32
86836,940394,125362,924117,39,42
8684,986908,153277,793334,32,48
294959,798044,87107,857336,38,25
4144,588378,173943,909097,36,29
426490,671264,348160,935175,29,12
161164,806211,164330,776043,30,32
13141,976913,51759,977714,46,48
131936,382045,580218,828662,12,12
45490,883645,299865,861336,28,41
649063,699055,404302,537241,6,2
668,947140,536291,597725,3,47
87359,439015,582304,863052,14,17
378606,548880,69733,906333,41,8
223308,957731,126897,814171,34,36
548471,672471,705672,856823,7,6
117257,868830,86997,990517,45,37
238038,964522,198948,618154,20,36
916369,951188,542829,691042,7,1
400796,942637,120689,736486,30,27
528750,676858,240361,423370,9,7
518584,869162,189217,390918,10,17
256944,834675,98343,974682,43,28
577803,722778,180489,764151,29,7
117592,842630,44905,72056,1,36
396409,900305,112565,850326,36,25
73106,885333,638288,732361,4,40
88295,972942,67067,154328,4,44
160697,304708,486561,537498,2,7
4266,956495,100238,934283,41,47
342313,785083,228733,841339,30,22
89485,796556,215401,848730,31,35
143435,978235,638420,961141,16,41
433115,647682,198111,876607,33,10
894782,992798,19145,796984,38,4
349444,683814,674280,983681,15,16
595186,690021,292458,412051,5,4
670951,902783,563415,716522,7,11
11233,713158,768413,883681,5,35
658649,792314,174646,860856,34,6
115239,372647,24585,655732,31,12
467841,917457,169064,995055,41,22
44472,633536,180127,720861,27,29
69436,974579,130611,989543,42,45
447838,864169,297695,947251,32,20
28613,869004,82424,218195,6,42
29721,956946,412238,500256,4,46
10771,990409,17962,889857,43,48
564937,784632,505044,570439,3,10
127012,989203,256861,735370,23,43
240405,900955,304867,746002,22,33
32177,150527,619172,860905,12,5
643449,983052,242126,506618,13,16
95877,934011,319998,933894,30,41
41058,722607,110661,910282,39,34
409242,817722,48404,486604,21,20
253663,953013,419269,732779,15,34
364455,939005,503925,595238,4,28
690908,901461,667490,835548,8,10
128123,617488,452973,586094,6,24
496263,868042,435151,588299,7,18
567372,987984,10791,601963,29,21
104116,766373,668309,683687,0,33
502440,749706,45251,980161,46,12
219695,788075,353923,668576,15,28
172067,969974,77031,866226,39,39
245232,409407,44010,371610,16,8
236177,444870,111367,801358,34,10
215176,371126,498620,531056,1,7
24690,965969,354334,593041,11,47
294096,908635,833841,850491,0,30
401824,980309,299477,995721,34,28
66604,510615,324726,976034,32,22
504272,984641,649038,956143,15,24
9258,935034,126201,449259,16,46
164829,958652,11053,660316,32,39
44775,596886,136492,361902,11,27
408493,796947,415654,914074,24,19
70454,842786,71422,520962,22,38
327394,829326,5910,702752,34,25
97130,894776,221267,617275,19,39
949736,986537,89927,986131,44,1
105258,680995,83914,682796,29,28
48430,966149,616868,852386,11,45
46422,925687,502430,837497,16,43
195307,444243,589435,805513,10,12
757576,772686,437229,783745,17,0
835564,985571,36848,815090,38,7
220639,360816,57779,959170,45,7
381030,758203,264461,992160,36,18
261571,998249,506524,952187,22,36
367037,685386,295368,558646,13,15
297309,747553,420446,702834,14,22
495996,703801,282029,689010,20,10
72823,914608,207938,662618,22,42
835431,954514,16733,394775,18,5
196800,551480,338786,997618,32,17
855546,927664,1185,999650,49,3
218664,999201,325353,693705,18,39
422092,672196,262754,954893,34,12
51636,805714,229564,656659,21,37
74703,773987,213596,550786,16,34
26442,490921,223919,988596,38,23
92206,972149,443014,526238,4,43
587939,880747,1987,978240,48,14
58216,813523,579911,643666,3,37
105433,835680,300192,852810,27,36
736165,973904,682993,942028,12,11
61855,927442,330864,978668,32,43
28131,959239,173478,697976,26,46
89627,220106,47483,945688,44,6
160010,972706,91570,450128,17,40
488519,579249,85621,417186,16,4
88091,530062,42544,832094,39,22
69969,98353,434432,795657,18,1
415909,866804,253817,922468,33,22
82332,558696,578927,592197,0,23
46951,743574,180989,922605,37,34
7837,942480,76454,989206,45,46
13315,929928,399458,512349,5,45
403391,718876,456997,739185,14,15
3303,877364,138958,968102,41,43
36411,949872,346480,985061,31,45
20407,767463,26496,908970,44,37
465656,907033,531383,624010,4,22
442526,755350,585865,936505,17,15
575517,688973,2283,772603,38,5
272931,999924,44105,331109,14,36
552606,688295,505133,670986,8,6
561326,939871,131788,586480,22,18
89347,956223,223032,857212,31,43
274005,864162,596642,951578,17,29
501544,670626,448564,846017,19,8
482566,608036,113608,507466,19,6
209521,740702,452266,656072,10,26
455866,718035,155649,273427,5,13
736747,937063,76430,584257,25,10
675810,679816,166146,912869,37,0
103761,298386,648824,996282,17,9
610343,815896,202432,546914,17,10
76840,730037,272986,842741,28,32
536473,811595,19273,971072,47,13
27469,691744,133968,910231,38,33
674873,688591,574781,912134,16,0
213663,656750,456159,995173,26,22
91243,782693,170533,292711,6,34
150230,610662,66252,805676,36,23
345278,888449,461323,872268,20,27
441691,824044,588516,912347,16,19
225279,339349,431964,906647,23,5
262896,598092,312102,985858,33,16
792133,848095,716084,723113,0,2
113719,730860,236406,457119,11,30
139099,356430,70065,258062,9,10
52809,999791,292472,556650,13,47
98195,676586,76647,305413,11,28
117875,664816,236193,719163,24,27
806518,871330,120010,997332,43,3
504132,760817,735363,928940,9,12
44692,967513,541737,620180,3,46
53486,95428,280418,453134,8,2
457633,997950,436979,718851,14,27
215158,967612,704847,803227,4,37
766907,815142,601778,986061,19,2
532055,623157,82179,831523,37,4
337986,975728,518470,809391,14,31
656092,960393,785909,895044,5,15
511166,718255,431020,537664,5,10
681,954050,73929,631450,27,47
208135,953283,140464,474972,16,37
405480,924058,317756,980418,33,25
355194,908854,223622,441807,10,27
11987,970110,69812,769406,34,47
201934,417273,742663,996349,12,10
2333,401217,116320,843154,36,19
51373,303754,246687,646074,19,12
240264,311273,363706,571838,10,3
120565,892302,558582,974489,20,38
428241,888883,825856,955145,6,23
12900,930916,462535,651145,9,45
280309,987187,409314,947113,26,35
18800,999603,377291,661515,14,49
7071,975345,343741,399615,2,48
220520,371409,89732,468713,18,7
187748,996928,60269,910346,42,40
79503,612290,83754,729896,32,26
16704,965132,171753,617564,22,47
143495,518405,101031,802477,35,18
218565,854210,225253,993164,38,31
78748,641865,444380,501059,2,28
327108,611440,708075,853374,7,14
24252,221139,467122,747873,14,9
413143,593476,162696,384112,11,9
158466,835606,704018,967700,13,33
212467,851421,406472,978597,28,31
38279,310199,479951,862200,19,13
139830,265387,9735,930735,46,6
854813,856047,169711,668024,24,0
445591,795490,545271,920843,18,17
101378,539030,161608,635012,23,21
341579,367058,3728,797859,39,1
381125,558450,690534,818559,6,8
11837,964768,43707,710268,33,47
587185,975541,377092,826770,22,19
149633,928539,435638,986066,27,38
1687,999087,397502,409065,0,49
13903,69177,55087,383772,16,2
75290,283245,76261,802316,36,10
69583,899798,11655,659501,32,41
316,641619,243257,327792,4,32
176544,503626,28568,864262,41,16
12344,920794,230095,549009,15,45
29451,971011,15069,916551,45,47
337876,825549,157513,179464,1,24
7183,994057,412705,940714,26,49
652616,900928,223168,262321,1,12
320420,322323,325205,969312,32,0
199131,434148,352183,551447,9,11
83936,250541,245712,731580,24,8
94054,447465,590064,825223,11,17
440887,701878,100434,754792,32,13
25294,813327,1341,971024,48,39
2539,991006,59860,537222,23,49
105712,121420,512641,589781,3,0
1150,999648,347344,983088,31,49
179498,797580,21535,994528,48,30
941047,998772,473863,751397,13,2
65748,812192,485995,789885,15,37
32972,968679,65905,963512,44,46
506318,626084,235373,810084,28,5
103225,475872,470872,839096,18,18
690277,724272,15649,715180,34,1
24153,934787,214583,470798,12,45
323368,972654,77856,822595,37,32
102018,980185,145743,588559,22,43
6183,994234,236080,951252,35,49
538644,943856,579517,988967,20,20
62453,740007,228376,929711,35,33
343808,796083,83542,987022,45,22
247593,724945,286846,914884,31,23
410093,435324,611899,749459,6,1
25760,186811,292202,330371,1,8
6643,950859,278319,624485,17,47
56596,950977,429703,476430,2,44
76737,991941,191222,262503,3,45
659089,770661,163093,959420,39,5
5377,999918,78732,987057,45,49
143780,310740,639094,862542,11,8
261528,774047,5389,942500,46,25
485375,986309,205238,578131,18,25
530141,942481,127831,983714,42,20
216846,740607,67035,948811,44,26
572480,980059,669649,802331,6,20
354302,910476,36181,871979,41,27
491312,685413,160709,634358,23,9
11348,905043,270090,707352,21,44
38106,632564,54647,919791,43,29
66017,794635,134761,814147,33,36
435469,772876,611764,986925,18,16
310281,991853,417106,630062,10,34
72065,881251,601544,937773,16,40
39499,775656,180315,194125,0,36
217723,825626,370988,770416,19,30
96847,470786,887106,957457,3,18
147012,411214,639534,818864,8,13
44725,797945,241631,636530,19,37
60940,301688,136346,252205,5,12
20312,994030,175363,994103,40,48
214763,863890,561707,607878,2,32
21670,945386,107979,485656,18,46
276188,899595,150406,866011,35,31
189930,872627,36193,930458,44,34
499649,965041,588974,925444,16,23
307768,606156,96723,687655,29,14
600111,650324,396603,750685,17,2
164035,636384,106949,811336,35,23
6053,962557,321593,693419,18,47
157725,764815,500444,992495,24,30
411675,818217,9716,875701,43,20
818016,882620,77233,624687,27,3
334994,769071,203659,463407,12,21
18584,962656,336022,357687,1,47
887980,915807,13066,870146,42,1
220963,843401,93157,917189,41,31
139720,702305,11239,985420,48,28
32303,901425,176057,883865,35,43
54928,814494,449385,599762,7,37
77795,315365,749287,757365,0,11
8291,339799,616032,874736,12,16
31423,819641,20189,839370,40,39
166811,914206,316736,691112,18,37
206244,291876,362392,430296,3,4
482,999896,375,652517,32,49
506991,876560,852528,858936,0,18
332726,938885,205475,366714,8,30
193987,926277,197383,951887,37,36
408230,889053,277845,819924,27,24
127865,224876,77439,334249,12,4
687387,731296,38114,954859,45,2
688220,950662,242829,680405,21,13
300352,537350,213927,953392,36,11
128878,813569,237369,718249,24,34
226363,734123,6651,899607,44,25
103647,710711,361419,775686,20,30
963427,992278,128625,567670,21,1
72740,191524,760,985904,49,5
527265,774977,17530,969957,47,12
509345,705839,380213,392691,0,9
112048,599421,523172,951262,21,24
162906,980847,19187,774542,37,40
81985,730655,507560,741189,11,32
6175,992349,231684,562831,16,49
319859,985688,50805,914876,43,33
227185,992550,594572,640021,2,38
740486,811946,648945,950887,15,3
373665,769417,23902,94803,3,19
471143,482265,12522,984927,48,0
272863,881020,32836,983578,47,30
3900,758933,61484,780053,35,37
179769,689018,122797,379944,12,25
126866,899091,14624,306854,14,38
3346,999425,798808,843365,2,49
113859,490059,231085,746788,25,18
483160,820708,237819,572551,16,16
156875,689993,1909,998202,49,26
79068,684782,341251,365117,1,30
352262,496371,21858,984680,48,7
354088,919447,216534,400686,9,28
836593,926887,370797,494344,6,4
72984,506393,5180,913972,45,21
133893,949505,92186,227217,6,40
95001,866542,746145,746551,0,38
61158,992435,41244,785225,37,46
37940,129505,305824,594647,14,4
440785,763678,551550,931973,19,16
620924,625255,243420,836112,29,0
285142,504733,72751,225200,7,10
147910,988558,215329,749266,26,42
356631,995452,22180,989301,48,31
44154,330900,107456,983708,43,14
298801,304872,108647,949439,42,0
90156,895865,91324,957862,43,40
269390,886330,312586,640533,16,30
298931,990755,588187,933955,17,34
822407,953002,315350,923250,30,6
232981,811212,125980,873221,37,28
142541,866823,307975,805342,24,36
568164,989025,164449,990402,41,21
128245,958390,171071,356682,9,41
17163,546908,64305,999989,46,26
193241,962919,36792,969082,46,38
511357,939747,261931,774996,25,21
327408,947843,282918,409855,6,31
61026,358840,269129,497403,11,14
932275,976433,280791,433070,7,2
100487,796441,74412,997716,46,34
104747,414509,338147,731320,19,15
123551,198963,85149,589614,25,3
45151,931800,326025,405227,3,44
81252,705049,3061,988122,49,31
201038,734043,311171,923646,30,26
801185,927690,54937,623617,28,6
243071,908303,382161,419498,1,33
394038,601424,804553,829523,1,10
230052,855772,178727,632254,22,31
127256,587549,316949,590015,13,23
4764,956486,281804,442023,8,47
129894,707162,18907,854791,41,28
46145,999322,339722,960152,31,47
59119,649443,465068,959290,24,29
67742,673039,180,999914,49,30
310067,689946,64151,718338,32,18
790552,791320,142834,514484,18,0
409184,906175,450842,817651,18,24
66744,262843,37751,990932,47,9
292150,403324,352541,704545,17,5
550726,582130,34741,338594,15,1
553906,934689,592124,878512,14,19
298762,900679,239746,896265,32,30
12676,274424,154741,937405,39,13
49748,897276,5868,928722,46,42
236820,945979,302716,848605,27,35
212645,450293,298767,734618,21,11
38141,999372,190425,905354,35,48
833517,974657,584090,941544,17,7
48066,642575,273957,970402,34,29
486042,644114,895356,973572,3,7
651140,778727,114781,515239,20,6
108108,752574,103763,749412,32,32
301136,317876,39794,822748,39,0
802860,875973,131477,541562,20,3
111730,483413,194382,501128,15,18
157724,811896,220214,288327,3,32
546184,879972,136279,867613,36,16
303759,618284,336018,998173,33,15
117280,844803,192083,661286,23,36
95863,882850,130728,682651,27,39
660647,724538,89110,613328,26,3
342731,577356,5216,880426,43,11
198687,697552,64819,975020,45,24
46962,727158,6301,662119,32,34
652284,907101,357222,703991,17,12
663,999982,175883,596184,21,49
9082,940755,161140,812483,32,46
300603,607278,8946,970810,48,15
42395,794398,121014,707288,29,37
48547,180663,193234,900831,35,6
151112,587541,329748,607521,13,21
100730,996031,113584,940566,41,44
337432,889530,7204,987340,49,27
422040,635359,4149,972309,48,10
119161,973204,357971,864975,25,42
708042,812625,304505,544473,11,5
444337,824904,188679,817232,31,19
122199,940387,74292,741170,33,40
90204,314467,40145,863849,41,11
124694,965063,181712,982374,40,42
331024,810724,85334,229543,7,23
796373,927670,451700,573496,6,6
151899,796509,77870,999208,46,32
211944,535631,185010,769825,29,16
44660,942881,561151,951846,19,44
223240,944252,238066,544384,15,36
22943,923740,927086,966183,1,45
66401,817497,20470,947276,46,37
122671,425980,553395,992460,21,15
117344,473926,155287,755313,30,17
9783,717765,213335,233888,1,35
82599,688341,159790,368781,10,30
36797,953551,152709,719602,28,45
21317,629922,36669,589034,27,30
135413,635406,164459,903735,36,24
479764,606818,417966,765496,17,6
100380,297551,91905,976294,44,9
407965,718086,143609,740317,29,15
359543,636711,122761,857583,36,13
109627,902099,243749,840238,29,39
25438,989245,196858,881791,34,48
50975,128819,60957,903599,42,3
519181,981250,85956,989846,45,23
512735,679823,3392,919766,45,8
444961,793610,465848,803708,16,17
6339,819578,100666,534863,21,40
489633,657883,360963,475126,5,8
58120,945407,335876,685745,17,44
361044,957429,461534,577030,5,29
109721,773997,205743,461424,12,33
5241,996463,426009,544157,5,49
96954,812427,30870,323361,14,35
415320,690719,488464,743032,12,13
609572,865589,47986,794156,37,12
4363,609363,9696,358731,17,30
641881,761255,313942,795567,24,5
495942,781695,613431,638454,1,14
395553,584309,500877,984642,24,9
462816,987638,494462,515986,1,26
268587,815203,46251,856068,40,27
263580,890232,241128,245051,0,31
210819,887196,92487,900497,40,33
126906,593523,104972,909387,40,23
150789,791161,123508,147753,1,32
92512,419890,789131,894775,5,16
197199,925548,80811,502849,21,36
96197,977504,12189,868591,42,44
490570,942318,233037,266472,1,22
224735,310830,43362,998212,47,4
284136,729342,325195,435505,5,22
213871,926773,810224,894108,4,35
118106,786992,252724,389118,6,33
618193,858686,47552,826808,38,12
65970,996567,446938,835245,19,46
187203,478051,634229,843558,10,14
146410,974443,56276,88760,1,41
31502,846570,107811,286567,8,40
97028,615880,187741,793518,30,25
27283,882468,11577,909048,44,42
246174,968480,34925,979172,47,36
430060,728557,139301,890414,37,14
30720,878996,177965,903733,36,42
606852,673379,187781,326712,6,3
223277,634732,58880,577456,25,20
41726,986239,126499,418330,14,47
111526,559280,136709,263866,6,22
510238,686419,196173,268773,3,8
596996,994642,591535,740657,7,19
475200,917566,45830,495396,22,22
657038,985573,660775,739954,3,16
74009,852425,117912,906118,39,38
12310,983301,69543,323185,12,48
299627,404252,149558,307180,7,5
122311,160805,18464,966575,47,1
242888,471715,55726,958260,45,11
67855,819257,186758,978558,39,37
93672,401319,220412,422493,10,15
385814,880842,243048,807709,28,24
599922,870116,173660,988718,40,13
181758,943567,63369,915881,42,38
12661,995526,7619,963496,47,49
45041,154535,291443,731037,21,5
31939,899558,430617,538680,5,43
590635,878854,683382,974010,14,14
154309,906235,390183,401231,0,37
765804,889833,300993,857394,27,6
150689,319472,67780,721809,32,8
20517,838038,141856,634213,24,40
160594,172966,382294,801697,20,0
16817,97005,405455,949254,27,4
379719,994154,390738,924421,26,30
143493,714995,103669,915904,40,28
1234,994004,148666,467573,15,49
92466,943385,486663,673098,9,42
25855,406670,9140,986050,48,19
719180,802367,110467,982991,43,4
102044,441610,256671,973196,35,16
47908,890186,280551,654992,18,42
246827,876342,189150,969309,39,31
18737,905513,255978,866698,30,44
381367,472712,201624,880473,33,4
124829,968667,440866,477551,1,42
185136,887274,392541,954702,28,35
82060,987725,55385,868650,40,45
16808,969970,20835,861395,42,47
363760,921350,372243,822573,22,27
257735,380754,300559,772057,23,6
16275,63231,400195,848160,22,2
3435,994619,462614,804631,17,49
413819,655628,63369,705611,32,12
148130,926424,258106,591749,16,38
228842,964205,202183,828079,31,36
133394,568498,369830,584689,10,21
62639,851865,37198,474035,21,39
293077,885782,815826,951527,6,29
650935,743339,625881,771582,7,4
155349,854591,59773,607068,27,34
346880,563704,55487,925929,43,10
147943,913522,2747,313602,15,38
465061,890064,135673,933839,39,21
14599,850709,131877,445999,15,41
450699,697089,396246,667983,13,12
97820,995231,333400,914401,29,44
353605,421129,261893,647374,19,3
369989,430831,279568,883182,30,3
10881,438318,5216,994999,49,21
239280,460966,100545,677294,28,11
27372,335300,171317,958737,39,15
9572,542046,666473,999443,16,26
223601,949732,134490,918134,39,36
290501,631551,773254,840170,3,17
105799,758979,358859,808894,22,32
214745,254606,332053,997292,33,1
458059,950156,265782,588962,16,24
115999,939409,19712,959906,47,41
518264,993063,293256,541738,12,23
865894,978530,38896,843786,40,5
82488,583028,428583,460133,1,25
272392,974992,441215,586435,7,35
201609,844172,254810,359966,5,32
167694,345715,86843,759524,33,8
80336,116000,152033,919558,38,1
187351,764680,158135,686930,26,28
509240,893990,80919,622487,27,19
305366,807749,330592,958583,31,25
15222,472236,79236,470104,19,22
3247,995786,31994,550819,25,49
521328,731545,13679,957934,47,10
716391,777958,434960,790566,17,3
195565,830559,398665,791479,19,31
115739,948047,41192,967143,46,41
182813,630210,574797,903790,16,22
594274,701353,1531,415067,20,5
402116,901700,69221,661573,29,24
166282,606407,324105,954102,31,22
115270,365729,543,993882,49,12
552463,911801,122720,965956,42,17
100881,440152,31616,996275,48,16
126489,958690,140453,987516,42,41
18700,959826,399259,964658,28,47
1555,690819,238961,666590,21,34
267605,591843,831641,839658,0,16
12972,988584,696569,998327,15,48
707700,833240,201790,871567,33,6
111177,430228,27026,967762,47,15
244540,405472,485763,828029,17,8
287419,688860,181600,463331,14,20
67191,403804,453353,979864,26,16
154163,644291,636958,809401,8,24
244635,978492,511062,900539,19,36
286327,878169,11279,974260,48,29
189109,793647,216905,363094,7,30
519644,923429,211352,550298,16,20
3351,931301,59051,981400,46,46
269728,630228,70222,841502,38,18
26915,984200,228927,758478,26,47
71465,957815,220566,908567,34,44
131316,378467,816834,915060,4,12
54905,259428,3848,995728,49,10
153229,820054,27488,984141,47,33
117445,673557,186553,778428,29,27
314964,869078,475723,941986,23,27
566474,645810,69241,867156,39,3
630098,961143,576138,987322,20,16
124127,215704,723997,778647,2,4
621095,870066,195322,714673,25,12
387539,804813,458240,913113,22,20
822319,861211,274935,728101,22,1
241604,918753,100438,991260,44,33
36743,937083,299338,702712,20,45
318137,807749,55448,755515,35,24
90414,282820,302557,686266,19,9
136087,810185,6418,999949,49,33
183473,825056,242462,582276,16,32
113244,990784,939809,965050,1,43
93807,327648,3118,991318,49,11
182656,793468,312068,988707,33,30
560814,859034,722444,827232,5,14
67939,870547,157984,403663,12,40
119464,408717,283777,895638,30,14
409072,843043,135864,885440,37,21
352083,463814,105969,122165,0,5
285663,966758,173656,939951,38,34
215462,866486,353825,572090,10,32
151940,271853,26065,973416,47,5
29105,984324,25624,978742,47,47
130009,873780,307657,351753,2,37
53198,614253,6784,905187,44,28
2938,905817,328932,868542,26,45
361795,739207,500176,935664,21,18
97374,927618,369029,782590,20,41
14632,160611,429589,637904,10,7
95640,278126,601303,870870,13,9
475016,754736,36477,924721,44,13
284399,920391,27026,879074,42,31
109257,247143,12926,786435,38,6
161719,644712,21614,909158,44,24
475046,866396,225936,306477,4,19
389518,487844,285943,742179,22,4
236509,671495,180414,225214,2,21
10848,990276,261347,261976,0,48
249657,955743,734870,993378,12,35
99070,792747,854157,863961,0,34
4470,972531,454510,667101,10,48
70317,830561,384196,505727,6,38
201994,772099,16963,873797,42,28
191077,620431,36938,891945,42,21
88655,659835,118911,479374,18,28
76088,940078,204867,782967,28,43
17374,842639,18503,937258,45,41
616663,837811,97453,843923,37,11
395412,613391,277058,834175,27,10
51058,933279,322246,551368,11,44
77136,852793,92348,907324,40,38
155002,654152,40604,306777,13,24
428796,553821,419668,646881,11,6
248981,668716,71471,90835,0,20
165,999177,611978,809390,9,49
525750,904048,590345,882331,14,18
205604,589653,293183,939015,32,19
185510,634632,161871,761338,29,22
82353,986368,3672,835082,41,45
10568,989942,11230,961276,47,48
242513,737541,325114,419632,4,24
84670,226269,249386,682168,21,7
182742,896177,36856,979693,47,35
194932,787198,229690,302221,3,29
80865,409858,171153,372379,10,16
625049,791897,66842,870937,40,8
52710,852794,225253,768294,27,40
446,896866,649987,669316,0,44
582583,965508,141796,990459,42,19
11090,919617,42191,595881,27,45
541167,578311,164704,818935,32,1
519395,701646,133063,699324,28,9
312949,951973,472439,966402,24,31
79209,946089,545113,686915,7,43
64133,733287,188794,851554,33,33
354384,368739,54919,974830,45,0
145041,701469,142816,248751,5,27
1021,971753,516362,911990,19,48
77374,994770,83075,841668,37,45
86943,982596,277320,399180,6,44
179684,858974,119589,487612,18,33
280785,774112,426435,922741,24,24
898351,972355,134093,907119,38,3
84137,485416,741946,762955,1,20
427961,949286,27956,929712,45,26
360619,401295,538744,977876,21,2
135779,954735,320066,962479,32,40
305136,579612,361300,713205,17,13
110100,903420,116284,589562,23,39
41586,948121,695582,975334,13,45
307382,998399,792329,831490,1,34
75792,988545,250588,614622,18,45
614718,907895,344138,995794,32,14
779106,818182,596264,695571,4,1
160313,852046,126847,713984,29,34
149531,931795,323076,844414,26,39
204804,226805,2908,841249,41,1
75360,799763,224383,830002,30,36
6384,444257,759964,886106,6,21
717899,827462,15911,602403,29,5
569086,674516,494089,874945,19,5
6806,979871,419545,497391,3,48
156464,990351,24957,998984,48,41
348585,451721,274839,946650,33,5
263744,894487,311622,913282,30,31
203585,341225,110639,388851,13,6
9697,569595,149165,887267,36,27
288965,976749,242554,916860,33,34
7374,787416,279670,796055,25,39
462897,710532,35154,465296,21,12
76020,952882,18602,929388,45,43
196822,989061,69380,183824,5,39
140640,939728,161171,607920,22,39
482998,683240,26727,328347,15,10
222251,549888,197184,994800,39,16
70421,999004,60740,361519,15,46
102532,976530,159944,936655,38,43
732243,891881,70032,479176,20,7
23507,958115,384893,890310,25,46
400464,732750,118327,722609,30,16
7885,430459,464851,540381,3,21
161490,909157,111792,470256,17,37
304100,827553,397095,652650,12,26
7166,522925,174887,985006,40,25
83552,678389,368880,689334,16,29
522156,953796,689142,917350,11,21
816567,906942,18050,990105,48,4
698448,980054,560412,864131,15,14
336982,629883,88709,948304,42,14
490064,886591,106214,899664,39,19
537846,847648,133202,682792,27,15
101489,991794,306946,514970,10,44
291202,951954,252694,950984,34,33
22324,739374,499292,917114,20,35
118424,798152,574800,996457,21,33
303538,962522,130367,967530,41,32
671993,708565,453830,842842,19,1
889430,970745,20524,834436,40,4
308895,934794,444563,790669,17,31
15515,940484,390286,658944,13,46
409138,769620,269567,545581,13,18
594308,996902,641306,846651,10,20
5705,974258,278614,836758,27,48
348109,416993,295807,997160,35,3
225833,705251,361832,563886,10,23
303939,316085,562021,834010,13,0
135447,641975,385050,921052,26,25
29837,388707,509075,559823,2,17
485001,634296,648696,962599,15,7
713701,949793,281351,930485,32,11
410685,801501,414474,783010,18,19
329889,778178,51608,927460,43,22
45219,786066,362828,849359,24,37
64944,333415,66545,992317,46,13
589122,922279,221716,361506,6,16
314802,969472,289246,928077,31,32
73545,982973,174018,634740,23,45
177649,946891,188324,942317,37,38
178236,980564,61688,856559,39,40
509110,808238,418533,908267,24,14
471504,977246,25069,995339,48,25
398198,979811,742641,942125,9,29
12714,787640,169446,739564,28,38
262789,981773,275939,922504,32,35
17288,648516,30112,699521,33,31
430999,851100,56316,703896,32,21
160131,360332,139587,954884,40,10
122736,906766,76084,117571,2,39
122262,896024,805054,986799,9,38
197590,779744,101708,636661,26,29
14280,216614,68390,348969,14,10
330701,520165,70153,621414,27,9
213056,498303,10812,993083,49,14
545200,782286,14632,993908,48,11
304469,701748,409791,723755,15,19
74452,929086,84445,386004,15,42
38782,549801,246310,905171,32,25
268153,278693,407315,836692,21,0
90455,217733,560955,872673,15,6
41315,858547,22153,129291,5,40
12562,852715,41661,455180,20,42
99070,584856,309310,526985,10,24
340794,724519,13500,963114,47,19
118486,804506,158794,965764,40,34
157895,917205,503874,528582,1,37
571382,919609,214175,913395,34,17
497068,500890,310276,939313,31,0
675179,959118,80043,749342,33,14
27462,651754,487115,632874,7,31
267438,360627,295572,559827,13,4
484771,524690,84439,952355,43,1
15114,407837,309202,989509,34,19
419748,850652,91348,813601,36,21
194789,375108,94477,900474,40,9
21473,989568,91847,935946,42,48
521585,988002,249334,791614,27,23
1011,73786,278477,643614,18,3
812356,955112,194044,850650,32,7
536867,830008,356228,825603,23,14
451101,919615,369850,797077,21,23
46177,85627,20494,748692,36,1
54779,930924,515169,797362,14,43
128667,352962,183270,872861,34,11
397701,627427,332637,378169,2,11
361322,792185,237520,687877,22,21
90502,963424,8642,968719,48,43
279103,747329,94476,958305,43,23
55794,566207,506560,847139,17,25
364879,870197,804596,968169,8,25
2825,999964,99190,370253,13,49
234790,833390,421634,623130,10,29
155080,702155,35111,947152,45,27
300776,900771,288764,750327,23,29
73920,971977,348881,517693,8,44
447086,800309,226276,685541,22,17
264852,543191,224477,431830,10,13
666435,886670,94821,938546,42,11
22307,603413,13956,956393,47,29
338432,442137,70471,209057,6,5
576717,986877,8553,566008,27,20
674061,804028,569975,602660,1,6
143232,995491,31115,315973,14,42
47365,966383,355680,951045,29,45
64013,618092,195268,758536,28,27
439161,828932,256559,443829,9,19
49256,480346,5695,970630,48,21
54042,783468,266940,796206,26,36
740186,893230,764076,866986,5,7
88878,928592,830094,996224,8,41
160772,790140,232086,462056,11,31
158485,518969,304360,354146,2,18
420127,751739,52630,693079,32,16
133560,926402,63635,919480,42,39
511752,981545,517664,539023,1,23
460732,753296,16907,962811,47,14
60601,908602,542812,705933,8,42
68727,776222,436077,599420,8,35
343092,639568,309989,661897,17,14
416682,606285,124730,892884,38,9
87055,684812,372730,886606,25,29
65840,930969,595186,947621,17,43
9461,828661,406260,785406,18,40
78758,873976,543539,962519,20,39
547672,878306,171012,947360,38,16
8114,933221,361333,834326,23,46
394954,942009,547789,890235,17,27
793530,914945,768884,780389,0,6
170363,828545,134157,324548,9,32
464828,612433,52421,974629,46,7
578443,968371,100895,989808,44,19
373282,909376,53293,996850,47,26
289916,548613,12983,29472,0,12
95863,920285,252516,638197,19,41
287181,938355,259753,604901,17,32
44518,411605,135896,999549,43,18
407287,979336,7607,992801,49,28
331431,925186,829947,840298,0,29
300170,641317,516593,788805,13,17
399435,910179,179038,754116,28,25
174064,228686,483060,889859,20,2
508360,627283,97220,924535,41,5
574573,810886,294463,580781,14,11
72686,136703,145816,727591,29,3
438410,728090,639618,903604,13,14
157085,469731,76209,984091,45,15
127372,685843,191560,866515,33,27
485280,495130,99849,608442,25,0
192189,399724,64025,952006,44,10
638586,810667,608496,928102,15,8
64066,957635,357937,859438,25,44
50271,762502,212595,880239,33,35
7062,782339,89820,950500,43,38
3292,336838,478246,942504,23,16
304170,805443,52357,892136,41,25
71637,610125,117559,891374,38,26
436933,822423,66995,897763,41,19
213990,620834,10797,989624,48,20
42768,952513,179421,475680,14,45
563261,589560,176333,924475,37,1
62037,739711,121465,605121,24,33
657,996916,588063,988112,20,49
155565,940154,25995,959636,46,39
852756,966511,56964,131525,3,5
140947,650936,328492,817485,24,25
26430,582814,404242,929203,26,27
578984,601415,79341,652013,28,1
754,657255,128341,841768,35,32
474106,879700,195526,926124,36,20
30764,930697,64743,952828,44,44
630291,945564,3230,32646,1,15
181213,853047,577911,871937,14,33
484103,489762,857289,967784,5,0
432907,433824,127630,809995,34,0
289720,756739,98079,948840,42,23
21012,985394,362894,716195,17,48
154402,886867,821241,905718,4,36
285777,347467,32721,949355,45,3
121255,841098,9769,471590,23,35
483069,530209,798536,875955,3,2
97311,951992,326610,976798,32,42
22098,955640,348286,754298,20,46
387152,675716,301803,997009,34,14
14202,990067,658428,765795,5,48
145441,640144,181196,927403,37,24
3954,999035,354856,970775,30,49
480322,951949,4952,955394,47,23
61606,240588,92174,819401,36,8
2330,956508,212364,989272,38,47
845852,977377,246889,975421,36,6
156029,864514,119798,997402,43,35
138370,659655,170047,694621,26,26
536250,965800,220394,931696,35,21
127216,968118,14587,973652,47,42
211308,799373,386926,633696,12,29
63568,925746,31387,968596,46,43
110843,987714,653837,721479,3,43
443207,674037,400043,993345,29,11
36386,942653,120099,980171,43,45
34287,448063,33788,924834,44,20
12188,939473,8579,829354,41,46
231446,253301,146386,955623,40,1
45532,900008,349901,909067,27,42
20500,999851,331020,490034,7,48
14647,850689,335544,594700,12,41
313473,999852,377072,909531,26,34
477723,807644,176082,214514,1,16
208879,282274,311514,741934,21,3
78689,903203,390455,876138,24,41
187294,991111,66420,993428,46,40
71268,880317,230090,947816,35,40
14181,764622,135080,819232,34,37
116557,791351,398741,563488,8,33
163482,872939,125726,940063,40,35
32087,927330,402463,958239,27,44
215434,679867,117899,938751,41,23
372079,397422,161015,861780,35,1
183539,674429,718225,862034,7,24
558566,568300,99877,807004,35,0
624453,688562,273620,849553,28,3
184827,982102,148005,308429,8,39
89569,892277,171151,854270,34,40
834777,846348,124150,157409,1,0
208424,423138,198482,529600,16,10
62056,595684,215242,645180,21,26
343828,581804,537558,846203,15,11
413549,606705,163331,529383,18,9
409663,957805,3768,271068,13,27
29434,948776,71257,847893,38,45
40248,989415,396582,999616,30,47
245559,266349,262159,765330,25,1
928699,956110,895158,935967,2,1
318571,771026,345849,894351,27,22
38688,465598,345902,657751,15,21
169900,940717,79721,501511,21,38
94499,799345,92475,888581,39,35
13324,981868,60986,846569,39,48
86088,700440,644530,916130,13,30
174111,948106,749309,830074,4,38
409793,853210,599946,952542,17,22
320935,888907,679518,802692,6,28
107465,479849,244217,734283,24,18
38608,969467,557163,664339,5,46
258466,999428,198254,312886,5,37
109974,782982,1898,932161,46,33
119895,920262,51069,999888,47,40
133117,645389,85555,137650,2,25
66450,936734,89055,525830,21,43
169956,469537,25410,81414,2,14
270384,862037,156381,793441,31,29
733546,954959,566092,967569,20,11
312318,844116,121842,589391,23,26
112447,816413,423414,750022,16,35
180666,441669,286986,341634,2,13
711446,798378,108973,452375,17,4
12054,873561,2029,865727,43,43
216161,950300,98380,476320,18,36
244320,805922,353822,379762,1,28
619973,791496,5770,995929,49,8
879355,899965,73740,675841,30,1
250883,901705,96108,771313,33,32
472416,695014,911396,980166,3,11
423304,728812,130380,214179,4,15
239182,652419,430135,615712,9,20
9675,990558,36975,963014,46,49
38034,972837,30995,266129,11,46
68861,283649,227413,494265,13,10
82800,964014,29846,146217,5,44
82920,186107,80871,721351,32,5
720613,903069,554891,688921,6,9
76487,605850,218212,961364,37,26
1520,942430,217462,346677,6,47
665862,671398,266049,986965,36,0
545027,930176,452343,510734,2,19
386808,805788,135202,773208,31,20
91674,477888,306618,709012,20,19
28544,981182,287265,542593,12,47
145530,259763,250679,582378,16,5
20797,216860,627901,875956,12,9
651474,685392,434267,968569,26,1
192761,982081,530069,817905,14,39
823584,976032,66781,866221,39,7
223788,952521,317503,391059,3,36
204229,662620,13530,975041,48,22
96200,951929,227684,927024,34,42
20365,284013,56450,905493,42,13
358166,710893,20732,117383,4,17
5681,671273,148424,888412,36,33
41415,384274,122946,913965,39,17
390469,742989,270909,828542,27,17
61766,530767,66770,120515,2,23
247297,880362,790487,849841,2,31
440222,915004,322627,704316,19,23
189178,400819,433620,856703,21,10
177264,760713,721888,757132,1,29
33567,355691,388732,811637,21,16
102022,633504,89125,962424,43,26
279858,367175,229372,924369,34,4
451949,738315,59982,988570,46,14
15910,758037,694970,913292,10,37
30720,287498,489229,534992,2,12
109140,190838,298398,791012,24,4
59942,690724,442483,815670,18,31
131427,888094,141004,915824,38,37
26684,434934,158321,991313,41,20
102741,563622,851,354868,17,23
374524,845431,3006,980883,48,23
737921,778009,759285,783040,1,2
190397,745186,169078,949059,38,27
156327,989895,107865,259436,7,41
35319,935212,347807,507154,7,44
524371,531367,129877,432896,15,0
212459,254804,79047,584711,25,2
465504,971089,373746,650107,13,25
92834,992685,88961,877165,39,44
119382,909076,437445,458907,1,39
113070,767513,73955,622868,27,32
75110,844549,228105,815136,29,38
595044,868707,14364,159732,7,13
157581,925516,323304,955368,31,38
348844,496114,93413,924363,41,7
94475,969549,430654,979356,27,43
78219,813714,16922,674955,32,36
141611,901102,91838,738364,32,37
383031,602961,106403,951121,42,10
61489,183585,791866,867577,3,6
7944,816169,240784,530737,14,40
494153,727339,125276,827817,35,11
41519,602232,40821,811495,38,28
78154,640975,96986,720408,31,28
205634,790759,39371,861591,41,29
121624,694446,266671,883393,30,28
737719,934161,71474,681607,30,9
328938,393792,177661,810646,31,3
118564,957184,402697,615702,10,41
2008,976561,96526,871644,38,48
329887,448572,401878,845006,22,5
41217,253426,116706,737504,31,10
88145,941375,248567,340818,4,42
637144,860190,124181,477294,17,11
603682,647614,311793,961764,32,2
50109,849755,236118,851064,30,39
104762,646274,586554,655269,3,27
239439,526917,157210,572070,20,14
22545,846043,402353,694996,14,41
38215,940793,151587,821171,33,45
79079,947378,189561,873979,34,43
457068,587717,427437,884463,22,6
80143,459568,204402,226358,1,18
30821,720039,3293,957199,47,34
69001,844162,752435,823468,3,38
77572,588081,144260,930553,39,25
514697,958714,455991,927865,23,22
168434,865523,163640,870135,35,34
703791,951643,92745,980120,44,12
45387,111561,363930,697203,16,3
10864,93647,32094,861866,41,4
477422,715154,191947,869376,33,11
160367,814128,216830,705646,24,32
218631,990612,16252,970517,47,38
96395,886358,233506,467420,11,39
229604,674520,475507,493134,0,22
153639,783731,113676,982190,43,31
413738,976352,119456,121099,0,28
10514,892858,375402,410585,1,44
397866,810900,13574,928491,45,20
64758,765167,404668,779393,18,35
122910,974791,542010,591216,2,42
346519,881441,9350,793126,39,26
9286,917162,629385,726597,4,45
98618,213695,697728,879526,9,5
523390,960118,439679,458688,0,21
54008,980348,374111,940750,28,46
112895,937642,239626,705265,23,41
481297,507909,511295,996047,24,1
121387,558459,349036,515922,8,21
245900,915823,293281,764227,23,33
656908,793623,102190,941030,41,6
176507,557915,472817,489673,0,19
77577,971741,447765,900994,22,44
661935,805292,32630,541509,25,7
2103,998962,321440,883172,28,49
90310,967213,292491,785140,24,43
4114,947028,436735,649266,10,47
80475,952244,123550,168090,2,43
308843,329085,349851,989074,31,1
227260,270569,177236,946403,38,2
4420,552067,208164,726451,25,27
764744,913987,30363,906085,43,7
41637,953953,422088,842851,21,45
57697,899852,635039,905627,13,42
14680,445713,467582,757345,14,21
401667,661313,69879,943989,43,12
295580,720443,86611,966092,43,21
175203,854753,456566,989440,26,33
350792,737852,27999,892353,43,19
436199,717820,44336,382917,16,14
2870,985768,397822,650747,12,49
159929,823085,136680,996415,42,33
12757,799818,670865,932775,13,39
112936,838303,16749,863956,42,36
249674,745962,64404,841197,38,24
393702,583389,16561,981074,48,9
93341,852799,23629,152685,6,37
53230,469554,698501,745270,2,20
639728,868732,753701,834525,4,11
135123,708716,562563,985208,21,28
172216,773332,365911,676382,15,30
43670,906223,487584,746227,12,43
244818,936528,243015,874930,31,34
677120,928079,97819,893059,39,12
170622,879734,77646,806797,36,35
56556,864678,572828,970518,19,40
312583,337653,116420,354377,11,1
797951,872038,182441,233929,2,3
776419,917442,352530,928401,28,7
291943,339901,39684,917540,43,2
21834,983454,336708,765944,21,48
229153,953178,130036,640360,25,36
389751,946068,117251,898104,39,27
2373,218064,27932,787844,37,10
168801,974425,162314,395487,11,40
379116,980855,17177,721987,35,30
357277,739413,86462,998255,45,19
437191,550360,293347,373643,4,5
265448,800753,396020,413656,0,26
48473,263255,203036,729361,26,10
48772,463235,47323,991559,47,20
8069,975703,19290,583706,28,48
406530,495327,276377,751693,23,4
540067,917640,342973,875980,26,18
23075,781020,639133,890925,12,37
297679,385903,658987,961735,15,4
66705,605429,590959,867044,13,26
543724,709461,193291,352904,7,8
10524,742431,628937,972542,17,36
455895,505869,46244,540206,24,2
494267,664660,247927,989692,37,8
413671,862216,437360,951756,25,22
316950,977320,764015,965140,10,33
405928,882246,416165,654412,11,23
18321,848922,260756,629693,18,41
664965,721335,208247,956352,37,2
236860,867172,436694,857082,21,31
801975,898045,236066,470233,11,4
451277,540240,22348,924476,45,4
465202,604720,1983,42630,2,6
26563,999260,575167,992013,20,48
785215,853879,106171,766304,33,3
22173,368915,180355,998032,40,17
39763,550044,318571,658244,16,25
141842,328975,54438,781263,36,9
633718,994664,59936,807701,37,18
715498,882668,539866,809420,13,8
417876,657300,240710,739869,24,11
314965,855185,87738,735055,32,27
210723,858202,5758,156876,7,32
190416,715379,572001,989086,20,26
114500,308616,60649,811957,37,9
732188,761182,463881,659077,9,1
138351,777691,424951,929466,25,31
596921,763642,45436,841093,39,8
307321,589471,148582,942234,39,14
157401,682347,257068,387530,6,26
816006,862219,150971,963369,40,2
420018,942578,559387,709905,7,26
11654,969013,373935,968733,29,47
29004,788608,49571,569357,25,37
283934,360445,278362,383227,5,3
445893,569176,155066,414642,12,6
356019,981007,222487,499922,13,31
703405,750265,134725,803638,33,2
187509,694020,520086,609576,4,25
410859,944227,223275,949105,36,26
144060,912533,207212,913043,35,38
315306,577131,709101,996634,14,13
126789,530792,7058,998536,49,20
53667,821291,636632,778748,7,38
96595,232677,9452,954000,47,6
155621,757430,289225,918055,31,30
126785,994013,678402,985298,15,43
231529,696310,285742,648936,18,23
82907,521027,40098,676966,31,21
246895,851841,247876,755182,25,30
255488,655887,319017,712546,19,20
544647,936105,819423,928527,5,19
378138,961567,2032,993923,49,29
416434,730280,370194,861465,24,15
458381,934881,363437,550488,9,23
725755,933450,143465,863102,35,10
91520,626414,17505,863446,42,26
59133,905798,132256,802379,33,42
470240,696363,96635,269229,8,11
108526,986684,228067,402047,8,43
72523,770570,19943,895816,43,34
17045,997377,27924,849692,41,49
312835,951214,23243,924782,45,31
334915,362142,26329,578174,27,1
335848,990089,492434,971711,23,32
278124,629563,81356,645511,28,17
373586,968491,39876,970974,46,29
234597,477211,23843,940464,45,12
56731,989328,225898,864827,31,46
314220,738369,99287,594478,24,21
179018,810932,191001,822763,31,31
462970,880032,168221,263568,4,20
320255,979289,434073,957822,26,32
169685,365092,439970,772421,16,9
639952,864211,89576,293415,10,11
100778,752440,195787,961493,38,32
105050,378609,82376,705262,31,13
281678,707281,68294,155129,4,21
178627,884767,923357,935646,0,35
433749,484494,9923,897427,44,2
640425,667610,380076,481482,5,1
345804,365804,31670,999591,48,1
265325,801248,1504,824042,41,26
7189,977861,100870,822702,36,48
92646,448071,823720,934923,5,17
56912,778472,77350,992364,45,36
369592,990045,641732,667456,1,31
28385,793822,569436,803017,11,38
703381,898247,47060,879139,41,9
176807,685893,691672,765489,3,25
425245,437663,432539,519763,4,0
417150,575431,589930,881396,14,7
324690,818192,32498,843589,40,24
699488,923294,297114,917613,31,11
198967,916212,113929,561528,22,35
82792,859518,43856,822057,38,38
346287,689456,82179,992808,45,17
140048,335262,40490,673214,31,9
11645,996029,487752,519284,1,49
83424,441053,27433,952555,46,17
135005,200516,33605,999770,48,3
594329,975584,352759,374203,1,19
15555,614726,244111,331156,4,29
148909,728525,186705,918700,36,28
467784,943198,383701,836817,22,23
214040,936186,243803,953198,35,36
12253,935602,51812,180371,6,46
647107,739650,412890,451417,1,4
162883,947308,23051,740745,35,39
32285,951145,156354,366427,10,45
80154,210697,6030,628543,31,6
15446,250002,359747,884421,26,11
107772,365856,322345,844669,26,12
287046,423994,17820,875593,42,6
374576,770857,271019,796611,26,19
380,829962,190055,252122,3,41
547396,872815,242799,923518,34,16
656274,952937,20878,596820,28,14
91251,308371,392569,480668,4,10
325380,684547,228458,997158,38,17
734635,762887,886572,918948,1,1
40750,853501,346935,797223,22,40
444695,552039,432943,473272,2,5
352121,354571,826692,870206,2,0
221633,464520,207321,567437,18,12
272242,874571,86458,683888,29,30
37528,791357,100695,974449,43,37
132158,321391,73270,989720,45,9
70418,895701,135786,952388,40,41
716799,947103,530879,971813,22,11
51046,916446,157496,899404,37,43
250973,883431,221679,964708,37,31
367044,795606,66551,991135,46,21
487143,984683,17809,991849,48,24
294509,900528,469143,897107,21,30
14544,904430,80131,816536,36,44
124268,940746,59391,253739,9,40
113616,574438,238226,324123,4,23
555167,781485,306196,697957,19,11
30504,943161,4627,997706,49,45
403348,459225,199076,302738,5,2
474766,887063,250472,621972,18,20
678336,778458,74776,961441,44,5
95028,973168,271754,663132,19,43
120774,972603,153528,858036,35,42
49005,49020,171879,986242,40,0
284561,702135,535151,877213,17,20
190228,722373,48527,146806,4,26
91858,932700,800992,941599,7,42
527272,967688,120476,827243,35,22
84459,961286,371356,958472,29,43
157525,862909,138120,839770,35,35
49140,800328,592574,886056,14,37
555341,924341,38016,942689,45,18
3742,989247,400622,537617,6,49
551387,939393,653724,888899,11,19
17908,963537,16013,993827,48,47
17672,959323,26431,678677,32,47
532592,940146,34835,968536,46,20
38572,457655,56757,667166,30,20
34801,812980,227982,905619,33,38
547483,745238,162344,880285,35,9
147873,883727,223468,992568,38,36
76209,920097,633124,953126,16,42
5964,275029,246779,840726,29,13
243155,858367,410303,884007,23,30
234362,681469,12947,948815,46,22
785991,855083,450471,471810,1,3
410490,816148,530190,682164,7,20
12322,692769,304346,780006,23,34
124513,234151,229361,970822,37,5
169367,798632,143966,614880,23,31
108674,201410,65017,852091,39,4
7645,851269,493357,928458,21,42
219950,896776,10878,928331,45,33
171485,214858,21946,951549,46,2
635040,827735,850137,929448,3,9
616000,989585,39158,976251,46,18
309883,690204,314528,827243,25,19
635147,984257,585082,839661,12,17
153012,707328,364161,447129,4,27
19089,514150,155786,980952,41,24
284852,851131,508839,613354,5,28
190648,574790,5512,996151,49,19
137736,363756,350221,908766,27,11
10811,988990,80377,549315,23,48
160525,973951,62215,836931,38,40
87420,493482,620731,847089,11,20
385717,657898,140376,848756,35,13
72166,672625,123855,877274,37,30
63286,490068,78081,182593,5,21
360356,419114,55647,693780,31,2
129154,449239,76655,647418,28,16
142130,501278,156160,625170,23,17
144624,345879,266134,763569,24,10
780455,919382,8411,996305,49,6
129739,968057,81450,807626,36,41
703253,801361,227838,762015,26,4
82742,947833,439689,656126,10,43
465445,913542,206876,573461,18,22
144001,608960,808368,977142,8,23
600116,989636,414055,668044,12,19
323524,518038,410084,449463,1,9
84945,928947,107806,686829,28,42
454807,988629,742870,819311,3,26
203410,922061,200987,977199,38,35
445019,922571,704516,780388,3,23
34018,533208,8601,956627,47,24
270605,757479,239999,919051,33,24
11872,969545,284668,777736,24,47
6584,691542,351057,420147,3,34
200536,283351,30989,878073,42,4
415948,662142,282930,692120,20,12
112493,933529,392790,980049,29,41
194289,860377,217775,319609,5,33
91152,907066,186708,784116,29,40
338358,828259,447475,703384,12,24
623176,919815,50254,878112,41,14
109165,764671,31093,873705,42,32
263058,910568,4829,126480,6,32
124572,193643,290370,754619,23,3
293670,771870,4066,999445,49,23
18847,910783,11998,962907,47,44
34883,378866,129725,767300,31,17
303668,379110,145877,899519,37,3
438208,821307,341844,506870,8,19
303196,739473,261312,821357,28,21
7098,836924,111132,906589,39,41
110320,575779,61784,997805,46,23
227290,525216,58224,949880,44,14
465880,991097,231654,417816,9,26
6002,714557,257130,682076,21,35
24004,998003,17675,841860,41,48
17539,966838,74542,956518,44,47
480207,666740,525840,675097,7,9
384062,449989,266750,459450,9,3
188901,694605,8257,597268,29,25
185792,895217,10609,991464,49,35
77233,654354,155305,727325,28,28
270982,617948,459114,615673,7,17
120046,666217,677978,681550,0,27
628765,834952,21419,855073,41,10
170493,757182,150558,416688,13,29
52526,334403,435943,956499,26,14
101119,208481,201587,929713,36,5
660,700709,73753,554468,24,35
647962,747592,15575,597465,29,4
174179,702236,35054,998099,48,26
249395,918746,446062,672131,11,33
69411,593421,271089,618841,17,26
145804,999515,14714,845665,41,42
125850,738067,22264,930141,45,30
147163,947670,166148,905807,36,40
900856,943865,1691,996627,49,2
21944,994604,55616,938872,44,48
38815,883878,69199,977085,45,42
530768,973293,36579,780440,37,22
298212,735640,41502,921627,44,21
297865,908382,128418,922487,39,30
309739,902996,570933,853954,14,29
69507,248746,410704,957905,27,8
69403,232316,197849,792006,29,8
385735,664140,333094,599969,13,13
66771,604194,415329,651669,11,26
227310,962821,165620,736222,28,36
94234,827211,546840,743681,9,36
396222,749739,486412,917786,21,17
27742,962566,791045,968405,8,46
149524,880221,363977,521892,7,36
558754,981669,215798,987572,38,21
45336,878394,219847,766568,27,41
595142,860081,43983,743766,34,13
12052,986649,408003,934391,26,48
96548,943220,18719,505874,24,42
371344,872313,44797,890418,42,25
497324,915656,138873,716619,28,20
475937,921586,724792,921916,9,22
302912,486008,56879,985993,46,9
109745,964507,252664,265700,0,42
173044,508786,830991,877419,2,16
190797,738990,387515,514752,6,27
47,848112,444846,788245,17,42
94885,997387,587594,761793,8,45
563198,964403,86047,257711,8,20
4598,984984,377567,776130,19,49
741164,950662,497320,728961,11,10
476331,887424,72506,882922,40,20
758574,908336,4498,949883,47,7
819600,839762,316263,327872,0,1
358303,952418,62854,664526,30,29
2493,632786,100002,918480,40,31
608245,724052,847025,880286,1,5
10480,928294,568356,581676,0,45
4839,210295,108390,711860,30,10
348145,602354,300556,915802,30,12
41828,686725,22151,996243,48,32
462244,764525,182439,343821,8,15
55534,623140,196360,583925,19,28
120722,992780,441450,673705,11,43
498183,631517,158576,682854,26,6
90868,894365,937213,973603,1,40
71512,987268,213182,343222,6,45
37100,683968,157142,521578,18,32
199055,493852,459543,524257,3,14
26446,289564,737702,799955,3,13
827943,896006,631592,871821,12,3
503316,827383,91386,977567,44,16
438367,578625,256696,941115,34,7
499199,957184,694102,757241,3,22
120746,830612,33150,994968,48,35
69064,998899,531133,573126,2,46
72277,917065,381755,993472,30,42
43956,961150,557115,999640,22,45
28951,851577,317831,767500,22,41
392511,705288,390754,858861,23,15
178845,755204,172286,715141,27,28
409126,415937,49659,937495,44,0
531257,650476,53731,664690,30,5
254448,735283,40721,823323,39,24
593787,704616,614105,781246,8,5
10234,756134,266335,435332,8,37
98907,801570,782736,967906,9,35
704108,943325,811137,933877,6,11
525777,944943,49057,814451,38,20
812013,889857,379839,832540,22,3
559428,613437,25161,983614,47,2
457180,943953,163294,696672,26,24
330401,551835,32400,549946,25,11
106726,123496,276457,532083,12,0
197803,875115,730082,821781,4,33
490887,903111,99148,840915,37,20
174438,818056,451287,880504,21,32
19338,741301,534121,795551,13,36
5792,989554,97223,639498,27,49
7764,983781,18789,936634,45,48
681899,961069,177339,999585,41,13
52710,644767,534696,935030,20,29
237798,587265,125655,792887,33,17
413825,519382,623250,842085,10,5
5861,265449,349637,918378,28,12
4782,525569,294552,996023,35,26
16306,271294,455958,783015,16,12
719369,721811,100938,481466,19,0
557856,919170,97340,735880,31,18
192628,780058,29232,610297,29,29
273602,641828,290312,756969,23,18
400418,619515,91579,108389,0,10
47049,697111,655006,960640,15,32
621078,913768,214037,600746,19,14
581009,947871,63134,894093,41,18
136932,725796,68738,950790,44,29
216979,979925,262963,995458,36,38
627360,945191,35571,957792,46,15
417313,773032,234309,968081,36,17
53288,889715,22044,779882,37,41
90955,957792,37436,987942,47,43
573815,582946,7695,998913,49,0
15813,462151,485681,898748,20,22
353664,730267,24883,969067,47,18
94164,942272,168584,942191,38,42
154953,537188,161954,293220,6,19
6531,947800,240546,960784,36,47
120770,575201,91750,304026,10,22
51719,827025,18529,997090,48,38
148895,932901,756571,911256,7,39
6017,848980,734045,849535,5,42
160550,531057,33115,243004,10,18
413160,515072,29063,955632,46,5
32354,726343,20669,986193,48,34
665298,772386,6903,911416,45,5
301657,975607,27297,996803,48,33
162765,355324,216024,891617,33,9
89347,602450,523181,532492,0,25
475437,980115,556098,963538,20,25
5064,998410,6652,991877,49,49
128374,891799,266593,788540,26,38
267141,814461,22288,884910,43,27
262,979103,255327,893687,31,48
215597,969467,97149,944749,42,37
629484,889587,910848,934074,1,13
444083,897454,30049,915948,44,22
566257,670102,159815,673890,25,5
806,990042,39839,819716,38,49
668482,893117,552729,820217,13,11
732046,734963,247366,854303,30,0
567368,910955,5438,986091,49,17
14439,591174,50596,958114,45,28
240591,986588,18707,835106,40,37
311603,985694,422460,981738,27,33
160861,907654,62098,531379,23,37
14677,970217,157462,969542,40,47
6799,916309,286663,904703,30,45
85999,790570,46432,980628,46,35
63443,175545,269496,893591,31,5
561947,655511,175566,351268,8,4
29684,996097,276185,405750,6,48
260989,969749,227075,531872,15,35
171009,652502,53393,981315,46,24
53898,944804,230494,987934,37,44
167870,816289,155642,449918,14,32
203935,702354,643216,990796,17,24
129047,461760,319646,518394,9,16
544323,775217,414299,875307,23,11
531259,857992,74009,556139,24,16
318606,344001,153710,436765,14,1
331593,660022,13088,959604,47,16
261296,434020,73722,779817,35,8
250728,851023,15841,944997,46,30
147708,784480,106041,840981,36,31
218170,742279,262707,304642,2,26
9661,987149,3461,976994,48,48
63434,997643,216063,226901,0,46
345616,914235,45854,385271,16,28
928178,983204,36418,857955,41,2
62275,686348,145323,364865,10,31
727227,783382,359075,820533,23,2
192524,285995,206965,631102,21,4
480652,573575,667432,886917,10,4
601077,679087,247900,397988,7,3
138192,963146,139066,255923,5,41
17745,640618,536458,789940,12,31
396168,861886,9526,759744,37,23
70458,836575,488896,594539,5,38
194149,989953,103836,973464,43,39
26088,968195,95445,207898,5,47
334947,628047,474085,843311,18,14
26341,997427,105210,285134,8,48
333113,923715,350854,808459,22,29
235937,988720,226233,792809,28,37
409144,458671,677402,902519,11,2
1001,984031,14916,796791,39,49
383180,878470,10840,991894,49,24
485858,674924,189832,708696,25,9
560297,794632,165735,976651,40,11
531336,532572,481699,666737,9,0
227984,271238,229786,938584,35,2
65941,490546,256319,788800,26,21
121004,180567,114247,961314,42,2
866560,890255,67552,979932,45,1
38267,928752,753587,950154,9,44
44946,742426,590298,638741,2,34
315702,914764,353264,668411,15,29
8754,870847,514219,932402,20,43
77985,469183,81583,351027,13,19
212022,994080,751823,971553,10,39
25794,886311,393933,898681,25,43
12600,881886,152386,288140,6,43
440027,758997,25330,869562,42,15
2874,978172,450203,747333,14,48
285121,963460,54409,644387,29,33
160041,464854,54173,887581,41,15
28496,961659,10349,972433,48,46
471945,829508,471759,869641,19,17
154054,994772,611064,690712,3,42
24558,961893,68884,860227,39,46
97568,992750,370408,743976,18,44
10205,996562,258069,950835,34,49
317176,657673,61126,953395,44,17
38076,862348,102188,877430,38,41
228740,508700,306068,886049,28,13
86522,774481,255741,947812,34,34
525033,936997,201163,877715,33,20
643168,926990,418117,844304,21,14
24689,660100,413735,940994,26,31
173765,617090,216489,990866,38,22
458040,599938,187750,893613,35,7
106597,976505,111907,651572,26,43
61260,984604,174987,517257,17,46
277444,289629,227666,766264,26,0
97312,868995,430024,937437,25,38
556700,714888,644719,663550,0,7
175029,338604,284283,792259,25,8
91116,967560,104398,948111,42,43
233541,927180,185061,545475,18,34
650758,999977,766842,946418,8,17
152788,807125,136117,928677,39,32
48902,757727,172574,570054,19,35
142126,152256,16180,682445,33,0
69254,982635,206888,907878,35,45
119150,885478,123425,365839,12,38
169838,473366,547358,773667,11,15
278839,874418,609012,996557,19,29
564078,936338,139836,311204,8,18
69527,560197,420433,877420,22,24
444168,642151,204850,313378,5,9
18407,954992,1137,999784,49,46
271236,914256,44695,938315,44,32
67958,862477,937751,948022,0,39
111113,927889,141720,402233,13,40
490004,519970,271913,474541,10,1
297905,883864,259520,973363,35,29
616036,891228,72896,991333,45,13
410041,899568,333652,440336,5,24
344029,487887,119672,856473,36,7
492993,727437,37908,967348,46,11
107550,902640,116961,950495,41,39
378632,676190,413788,424384,0,14
14576,952972,84336,371435,14,46
799440,903474,665103,957781,14,5
337741,714796,145918,997448,42,18
563122,823475,11006,990227,48,13
34653,768100,11425,844310,41,36
605985,883585,551428,961529,20,13
189955,941226,143353,866267,36,37
11738,525639,305289,778871,23,25
913250,987389,14294,821032,40,3
475398,781534,121124,893812,38,15
196275,473292,70531,532485,23,13
1320,995914,92000,544397,22,49
175370,791674,75019,883238,40,30
482755,533148,243220,935228,34,2
325540,920636,164618,211751,2,29
87065,701229,245393,341226,4,30
135847,973606,820844,822813,0,41
822904,916621,161579,570917,20,4
179235,187959,32468,976733,47,0
625206,751793,219806,807229,29,6
8553,972604,278456,940720,33,48
190838,577579,265412,840134,28,19
194901,823536,285454,927315,32,31
37086,999965,808939,835818,1,48
31825,969169,489704,700984,10,46
118555,920812,28642,661331,31,40
369152,868978,708437,905355,9,24
96418,834974,37132,844847,40,36
667572,735522,78614,768643,34,3
221078,812056,246848,993121,37,29
48906,725455,24515,771554,37,33
110038,908706,313744,796608,24,39
211599,974816,87672,736495,32,38
20617,840876,142305,497181,17,41
130921,578973,612515,670682,2,22
88683,552837,365753,978210,30,23
357841,848654,1688,684730,34,24
6709,734455,401184,633591,11,36
351611,972491,83124,390141,15,31
153354,987643,204023,866095,33,41
222082,452156,123945,886265,38,11
690895,834982,83054,884096,40,7
380469,863911,854293,905645,2,24
169311,380421,269378,840331,28,10
126240,663579,714146,877517,8,26
251923,998342,11607,457068,22,37
11513,991675,31256,875739,42,49
288157,638057,21699,991009,48,17
221146,712203,354625,361665,0,24
218999,342908,237263,730475,24,6
463536,979310,17472,964942,47,25
411140,918351,401835,959555,27,25
775083,853867,13915,852608,41,3
171753,759889,59391,873172,40,29
377827,921417,295013,981363,34,27
311231,902340,274331,419076,7,29
118845,860003,199494,868977,33,37
6058,810304,729679,800515,3,40
216401,942627,633556,675595,2,36
596138,628430,531987,866267,16,1
219050,704150,357961,766639,20,24
109711,639970,523793,903222,18,26
226725,998610,407906,873663,23,38
13209,537183,413674,730092,15,26
475125,948713,19749,903342,44,23
674576,713817,331105,742615,20,1
26347,965987,131262,936026,40,46
33910,836303,66525,108735,2,40
90509,114558,353499,419176,3,1
609408,621119,678017,687153,0,0
132017,299042,438559,736514,14,8
75981,970692,37535,965886,46,44
421962,463145,222727,958278,36,2
394235,754136,255577,772552,25,17
352297,909801,55913,83053,1,27
146568,185108,230129,586239,17,1
20405,873759,207986,788701,29,42
37152,980281,102688,506912,20,47
256667,776105,29206,450130,21,25
64427,993534,135229,687986,27,46
375711,757687,145838,909133,38,19
452126,748073,650855,815198,8,14
264901,656141,154626,861252,35,19
82913,878058,206412,528681,16,39
415800,734675,226286,746078,25,15
137994,283617,77333,614641,26,7
833635,940443,386257,911042,26,5
198351,452368,27121,875354,42,12
24920,961208,242049,671696,21,46
146032,369567,547409,774426,11,11
7917,873976,231771,851033,30,43
458684,897920,386375,714832,16,21
63323,941714,431613,698517,13,43
312169,618617,190128,378227,9,15
256255,578219,145323,657007,25,16
65982,417071,110023,937077,41,17
493287,603545,598583,909781,15,5
557831,711040,628021,903343,13,7
129189,633629,631309,750910,5,25
189614,352055,304142,709346,20,8
201469,576482,2870,996107,49,18
70060,201281,33100,679366,32,6
4892,982620,42192,796504,37,48
31979,546252,260050,642530,19,25
315380,481791,56511,110453,2,8
549233,874371,15544,302070,14,16
189084,881266,169099,257148,4,34
707517,845028,95759,470878,18,6
76412,961684,41756,457729,20,44
338066,998528,3093,421989,20,33
519443,782579,439059,818989,18,13
221421,910559,26626,142441,5,34
763470,949242,408556,841724,21,9
236785,414936,535470,736190,10,8
735301,917880,415686,828188,20,9
238088,849042,50432,886806,41,30
86751,880566,187928,544005,17,39
656120,991788,53074,807155,37,16
5434,203938,100733,900019,39,9
48058,421494,479077,866967,19,18
499606,872364,16867,357074,17,18
345850,749622,398628,885337,24,20
80054,897296,0,982284,49,40
327334,883895,241222,987120,37,27
251654,895044,620130,884193,13,32
213419,661497,100439,270369,8,22
29302,961198,199319,814225,30,46
586041,613751,19700,183590,8,1
344550,815047,214676,529268,15,23
51359,966090,183030,963285,39,45
457276,772180,307865,724054,20,15
216933,433399,110859,241072,6,10
279527,822984,20496,982300,48,27
514164,607235,153162,808546,32,4
202397,807623,70049,950845,44,30
92796,876836,6626,999924,49,39
17961,996094,66088,570679,25,48
38419,628536,207938,973405,38,29
486867,644833,63455,952525,44,7
590328,793166,13668,484964,23,10
626076,832421,2116,922985,46,10
611999,891236,29274,539991,25,13
356298,364692,525465,683557,7,0
185238,485275,537419,900426,18,15
900834,958440,111441,306773,9,2
192355,686860,395404,864864,23,24
148039,793359,11259,889825,43,32
196497,982393,523769,705693,9,39
420750,781388,21982,589028,28,18
7470,946468,39509,799811,38,46
122093,710765,495618,929739,21,29
77134,914944,35548,934736,44,41
111749,416002,20054,769953,37,15
3913,702315,682385,846398,8,34
145578,942826,486558,621733,6,39
293550,690648,613386,825662,10,19
52305,500936,474845,790293,15,22
186795,847589,456621,975601,25,33
662951,833992,674523,859435,9,8
91334,465971,235390,898120,33,18
37728,988507,53245,984169,46,47
250173,727059,98184,671767,28,23
87743,975202,128407,618717,24,44
301219,723076,59113,422390,18,21
82633,630120,581456,944782,18,27
184900,862347,574319,911697,16,33
340487,596875,181130,984160,40,12
207531,752116,84577,790769,35,27
50466,975153,160389,893917,36,46
216114,995438,590138,751741,8,38
139617,763715,224777,638135,20,31
29902,848970,32939,548709,25,40
349323,762631,141061,930442,39,20
588338,844165,148248,983468,41,12
713099,934785,31358,972319,47,11
20003,926827,660024,717281,2,45
21932,789740,148742,409717,13,38
509381,671486,112103,582976,23,8
598871,932869,571536,806456,11,16
425372,797364,206991,464881,12,18
372117,593636,150888,515779,18,11
236288,236480,63806,899147,41,0
26299,977923,39945,830134,39,47
428832,940086,38236,495831,22,25
136281,882907,203601,842770,31,37
244886,549236,252397,888940,31,15
287227,419870,61954,821557,37,6
33923,769592,158153,886143,36,36
800935,862493,625071,894680,13,3
280209,456167,420753,599780,8,8
503514,637339,19567,822024,40,6
151558,740104,45803,827553,39,29
574533,697723,2319,868703,43,6
109613,640106,279848,380410,5,26
241768,907051,56499,408198,17,33
8791,926188,456693,976464,25,45
68535,956014,580244,896261,15,44
399794,706486,12547,999317,49,15
158606,976386,38138,949215,45,40
306235,370541,287373,381978,4,3
196981,379544,463574,645195,9,9
5198,981779,265215,714240,22,48
556375,919622,2591,967732,48,18
136532,150095,90869,869900,38,0
64738,699570,14829,704943,34,31
43678,590588,365685,424486,2,27
192995,900929,113581,722208,30,35
98422,933523,5439,992314,49,41
702735,963045,220858,718941,24,13
658935,979587,207364,549469,17,16
622001,664077,185552,981986,39,2
128263,368942,272768,822752,27,12
278256,335749,414443,731627,15,2
94616,408476,231809,686486,22,15
474225,732327,506685,983652,23,12
69270,852134,323267,568839,12,39
337673,956472,529285,666897,6,30
236568,571896,61966,990714,46,16
172706,533882,96539,646599,27,18
69222,857168,145114,922711,38,39
23620,958040,327818,582215,12,46
16241,940189,367773,560188,9,46
46030,901706,44962,516430,23,42
34562,407630,61589,470873,20,18
323639,821238,527174,912230,19,24
365158,883550,426,995949,49,25
593255,929563,23679,887257,43,16
141472,827303,109763,837345,36,34
1000,633173,88499,969382,44,31
224674,790598,195297,977285,39,28
60417,990019,821178,970785,7,46
118359,816742,146339,971771,41,34
482606,974601,152389,383508,11,24
590774,906321,118165,188087,3,15
1625,990192,345226,705526,18,49
213081,362955,289362,844511,27,7
168352,999071,78295,213163,6,41
233749,829480,246832,420238,8,29
152380,721059,205363,361522,7,28
140859,806895,134629,757160,31,33
10005,948815,25648,519845,24,46
148572,913025,12517,996007,49,38
239185,946955,563836,905232,17,35
98870,979565,147717,962876,40,44
327647,826567,14285,888009,43,24
793601,990795,63863,236049,8,9
2937,997600,506868,743235,11,49
623324,928917,619578,959365,16,15
361143,437953,343416,823991,24,3
136861,988872,536628,926414,19,42
2756,995701,609695,707320,4,49
33579,715986,91564,936792,42,34
82506,413290,4787,447623,22,16
394191,699542,356056,495445,6,15
465651,774893,28601,75662,2,15
396617,741033,243311,733275,24,17
644085,907941,297207,755647,22,13
152789,500675,438843,745786,15,17
652014,819646,182698,442050,12,8
65436,134785,117140,179577,3,3
57031,712335,10202,990585,49,32
14681,983083,625269,721770,4,48
294108,403005,407505,507809,5,5
565517,742259,142313,987197,42,8
184436,610522,197532,542966,17,21
167724,845761,502001,700765,9,33
324543,774666,340,852843,42,22
75349,958136,421566,685037,13,44
7556,866282,122616,753940,31,42
221929,364728,33702,792290,37,7
439,720972,9904,999193,49,36
128976,706753,408577,923418,25,28
318532,950737,38934,979871,47,31
23420,561669,347706,830301,24,26
372691,933518,30037,513099,24,28
373988,955327,311471,544853,11,29
601089,751615,435270,770476,16,7
195207,875673,359392,766273,20,34
248239,666086,598887,859798,13,20
178829,722339,447073,588666,7,27
216563,868605,72777,981800,45,32
105185,962203,268961,519987,12,42
186193,570070,118770,722138,30,19
68900,991288,42562,994020,47,46
220083,493159,144817,694292,27,13
15249,924803,106574,840995,36,45
313271,876049,211383,919409,35,28
34018,704853,50577,882821,41,33
71614,690914,643536,751559,5,30
6130,45924,478574,946039,23,1
189126,844104,203,698482,34,32
293948,430087,175718,367572,9,6
424648,567288,93972,493434,19,7
28574,929234,159896,491608,16,45
117117,995450,55558,949970,44,43
441413,618157,118003,981925,43,8
242728,791001,415211,842514,21,27
476409,937631,90157,879457,39,23
746100,918933,13552,945474,46,8
15476,780079,184614,798426,30,38
93792,920397,276228,903795,31,41
108624,995109,9618,879293,43,44
464466,986699,406457,851744,22,26
307195,775642,440171,950946,25,23
234314,878937,579407,748690,8,32
411301,582006,115882,125188,0,8
187304,350215,115457,894413,38,8
104601,969466,1462,740078,36,43
8460,662079,493087,997086,25,32
54722,812257,115822,949793,41,37
3780,934948,109143,962822,42,46
111119,999743,6032,987420,49,44
338484,771682,91332,900817,40,21
49280,568051,170479,316227,7,25
325794,569771,247478,977176,36,12
212572,969264,11056,976498,48,37
34330,899083,850413,850916,0,43
97094,938660,188102,936061,37,42
103570,915607,660624,865783,10,40
321167,581612,678728,809223,6,13
70954,835364,136613,835513,34,38
37797,920153,220656,929790,35,44
465564,904481,715909,871389,7,21
272456,778176,772962,985609,10,25
160493,201869,140829,502909,18,2
78846,856791,119003,957857,41,38
245867,973830,43889,915262,43,36
25236,773947,9867,765976,37,37
304650,987371,273177,880466,30,34
55077,935932,74327,992463,45,44
105360,676954,443254,521153,3,28
163108,912882,537575,956681,20,37
17811,794242,74606,991885,45,38
127378,926990,145931,766496,31,39
349171,848697,136246,643893,25,24
450382,474439,508648,765165,12,1
210342,907810,92063,992686,45,34
85707,804928,256816,949631,34,35
55133,339595,122982,941289,40,14
13059,404445,43078,963209,46,19
399071,851146,186456,870590,34,22
32704,970941,64787,937796,43,46
453890,975322,182722,758193,28,26
151108,716300,99597,350485,12,28
18759,973457,589497,646267,2,47
519348,596688,208832,866439,32,3
528778,963388,706703,731395,1,21
153983,831330,86350,736510,32,33
143067,669888,150985,819524,33,26
222973,393904,251489,819244,28,8
166210,824511,29900,973337,47,32
382451,873384,147323,989338,42,24
170834,991383,707902,804918,4,41
155798,868970,78988,934449,42,35
681809,898420,43315,409832,18,10
347589,770050,161532,576739,20,21
44348,927034,167752,487780,16,44
268324,669161,115337,817401,35,20
116571,553740,62836,486388,21,21
103285,557013,134685,567234,21,22
5210,881183,49737,418014,18,43
468782,823022,498431,852722,17,17
197975,539785,498208,533246,1,17
949116,955608,517678,696471,8,0
536387,826876,81413,600463,25,14
56334,873730,227997,543107,15,40
612543,764173,132869,307271,8,7
190493,717095,694717,982844,14,26
126031,901173,27410,911109,44,38
863629,987693,481136,996981,25,6
59700,581386,276521,905608,31,26
159254,827956,405713,473715,3,33
22836,987976,7289,992756,49,48
208867,914689,42941,960582,45,35
548219,934509,98090,913933,40,19
136233,441251,214350,872955,32,15
101435,537369,368275,562652,9,21
265028,548651,56329,610556,27,14
423350,944395,150772,966317,40,26
122980,191115,551826,846674,14,3
1294,983365,225183,957804,36,49
92998,964251,60250,851448,39,43
626566,720727,1114,999273,49,4
293618,967158,209797,599982,19,33
246554,330302,71275,958768,44,4
26225,663379,545775,649402,5,31
458414,465294,224967,801690,28,0
47349,955232,5213,954898,47,45
85297,144714,363292,980748,30,2
560712,762833,13770,610063,29,10
7281,959491,461723,931028,23,47
318861,715529,321236,720725,19,19
625440,685923,468177,634623,8,3
245667,790061,19323,974087,47,27
530384,930139,358978,785745,21,19
31461,994070,309222,900361,29,48
466217,934554,35752,559779,26,23
76528,792761,31079,620630,29,35
306076,755958,18979,252096,11,22
402597,659598,403095,532726,6,12
85061,538278,405275,682973,13,22
265997,407032,860319,943825,4,7
483541,849341,414760,653092,11,18
352292,970760,209846,904023,34,30
285077,505544,401327,434073,1,11
8862,961904,382115,893592,25,47
741913,833509,35500,968449,46,4
28072,484784,15317,958065,47,22
519421,774044,479405,973270,24,12
149643,668749,45482,958870,45,25
336276,535420,84108,925114,42,9
217935,934929,832790,874857,2,35
107788,834795,20529,944676,46,36
226040,672225,140423,299640,7,22
97052,763678,368899,987054,30,33
71245,113976,674221,927905,12,2
31253,990856,67241,259308,9,47
103387,995769,619407,902628,14,44
241891,399762,286112,952450,33,7
53307,864839,311269,921158,30,40
96631,306335,218948,861186,32,10
102386,919807,405351,419049,0,40
296112,664405,329027,440853,5,18
138691,476897,390818,950703,27,16
189981,798929,383682,762468,18,30
118454,983669,27650,832476,40,43
354745,944482,296265,868546,28,29
51181,697875,200818,936627,36,32
470746,824413,448735,642420,9,17
186056,516250,428197,521990,4,16
85231,131406,277178,493221,10,2
15097,970420,19827,451303,21,47
142920,272458,343627,776848,21,6
358194,850111,22067,665830,32,24
65120,733348,176648,223268,2,33
110014,674889,39046,989661,47,28
677938,853416,799724,886027,4,8
157956,933211,840835,864385,1,38
29424,495869,249066,829444,29,23
470653,862403,116776,867689,37,19
117748,709016,95731,763462,33,29
118617,267122,84410,700606,30,7
1959,998928,559607,721702,8,49
152433,786765,412752,954617,27,31
37277,857288,515972,737028,11,41
530288,940091,619019,681395,3,20
132275,897655,138034,633903,24,38
2743,822357,275219,737779,23,40
544655,777154,116808,916256,39,11
430340,798471,328657,523017,9,18
125551,645755,283111,670675,19,26
69605,927700,134714,345679,10,42
485585,946563,430958,717981,14,23
73601,485935,316617,568360,12,20
43797,190144,360839,492354,6,7
291471,385427,714807,798572,4,4
683777,994272,199528,507202,15,15
401328,495521,653210,662101,0,4
507508,637852,4061,920257,45,6
756881,759194,60689,264957,10,0
259761,408201,178571,644426,23,7
457575,850166,297543,895416,29,19
50552,729756,173823,325284,7,33
118477,404049,231473,354439,6,14
69370,818956,27697,300956,13,37
34764,219055,526250,843337,15,9
150548,627364,161959,635650,23,23
154968,962794,20712,600052,28,40
67873,245514,17666,913268,44,8
56432,878246,334738,845153,25,41
630923,776365,1800,996058,49,7
296846,658188,309520,913245,30,18
650003,885365,11825,891826,44,11
214178,608234,303440,964699,33,19
20412,784436,70400,433620,18,38
323849,910748,66122,984626,45,29
27349,47226,700320,935841,11,0
70329,968573,188203,433940,12,44
453820,708813,162907,621702,22,12
88168,689388,392054,644511,12,30
847866,948297,63857,922411,42,5
230249,393840,275375,730337,22,8
574089,844530,491326,690037,9,13
67476,972212,189291,583590,19,45
406536,859701,467,996474,49,22
209360,631797,66257,745246,33,21
316618,819680,243223,471771,11,25
1349,997323,126862,936862,40,49
13362,611118,103919,759927,32,29
251103,983351,331888,656634,16,36
234672,411294,597360,968625,18,8
262439,985871,55421,953075,44,36
615248,974806,76772,944325,43,17
304220,855875,259123,647012,19,27
3531,544876,16365,902201,44,27
1655,992111,585056,654062,3,49
117945,936284,21218,918500,44,40
678730,933163,107726,260956,7,12
176254,810866,105022,176980,3,31
114149,900783,98199,998629,45,39
6508,996389,155499,641710,24,49
472357,847200,58369,957298,44,18
16110,992814,503363,700246,9,48
647498,821070,315837,744603,21,8
96349,887838,62684,957356,44,39
133098,937378,809625,950046,7,40
54114,679200,710219,902365,9,31
220947,308246,188586,926332,36,4
129894,884991,612113,832508,11,37
79636,670256,41344,413627,18,29
4593,580226,156247,430237,13,28
23016,967341,281105,661424,19,47
464373,989738,365185,879600,25,26
774198,951010,3150,959126,47,8
53994,748632,4233,992673,49,34
270067,848125,636173,856151,10,28
454177,933545,78473,720467,32,23
7481,920425,39688,531580,24,45
694196,975746,241346,975323,36,14
614546,962192,25722,732699,35,17
408349,723469,390225,928335,26,15
27491,892662,65826,738264,33,43
642883,823775,308634,901586,29,9
942303,987928,27064,995342,48,2
133924,487825,158722,918022,37,17
160868,538386,659281,984633,16,18
284301,978635,359397,628483,13,34
76798,970811,233825,894350,33,44
25111,851404,243346,772762,26,41
264499,450154,230577,753221,26,9
1302,999954,51932,941143,44,49
246040,682763,53508,995190,47,21
710350,922481,587664,974389,19,10
589721,910066,110446,962243,42,16
12640,382853,294839,892548,29,18
130928,199954,34340,915208,44,3
115499,861554,30473,979516,47,37
295376,469959,33610,564786,26,8
86261,907865,257807,533179,13,41
288462,920537,323672,417090,4,31
31522,311451,36565,796729,38,13
552046,743357,13219,994842,49,9
403661,755711,151560,748385,29,17
171638,227152,88872,644911,27,2
534673,871468,490658,634999,7,16
198424,453042,107697,809317,35,12
697262,867246,346508,980495,31,8
99542,418073,94814,698847,30,15
387584,673804,529763,973516,22,14
542825,858501,107903,969983,43,15
79850,642459,377538,658840,14,28
31163,378389,419241,558754,6,17
170659,739508,350578,692364,17,28
619753,932502,7354,162656,7,15
225094,494920,275778,891765,30,13
193258,554034,61280,860977,39,18
99745,914312,4128,836259,41,40
9935,996755,2822,974457,48,49
45094,975804,100217,803612,35,46
105996,725951,311109,927011,30,30
440095,559459,7357,698128,34,5
227334,872601,67637,868689,40,32
262456,763436,342936,855068,25,25
19657,887394,6567,996707,49,43
42960,660163,52712,631192,28,30
71879,998323,424083,867068,22,46
555166,651662,297309,919104,31,4
656271,936487,106039,808705,35,14
223383,728116,264965,978532,35,25
412944,976064,422246,830725,20,28
135214,988840,5923,989546,49,42
782993,970820,252652,306854,2,9
530620,650003,243099,950239,35,5
701274,866637,222836,824856,30,8
611511,894741,37012,946643,45,14
17101,281332,11137,998812,49,13
117144,296091,36514,723008,34,8
139918,983588,6283,979793,48,42
169696,538549,89792,907105,40,18
88752,631662,55850,989458,46,27
393520,819183,76948,466119,19,21
136957,476282,672174,843795,8,16
178317,971598,403450,972794,28,39
224265,390134,17181,991303,48,8
300054,316999,20823,960066,46,0
177347,490660,945902,948368,0,15
160365,916004,262121,873360,30,37
6502,896844,81355,858096,38,44
155048,762932,822780,890702,3,30
230333,994888,353050,571829,10,38
760195,832993,303143,309962,0,3
232979,976969,618,995124,49,37
581440,904779,3791,998923,49,16
751115,824091,5182,943255,46,3
9840,742560,74027,326136,12,36
246672,798834,342435,541596,9,27
134582,787199,3449,416522,20,32
89995,705316,91856,542605,22,30
49123,986867,392408,423784,1,46
22487,972295,709401,859393,7,47
514953,937759,300966,987968,34,21
18079,904717,75487,546747,23,44
15939,953176,279118,963506,34,46
24649,572668,292778,845835,27,27
401589,967353,22668,957245,46,28
16394,721305,607316,835492,11,35
111634,709504,23391,873388,42,29
171341,987878,859,980075,48,40
421819,873749,564908,824845,12,22
15320,970441,83484,797734,35,47
609718,911813,28792,735585,35,15
40430,874247,38292,860084,41,41
366633,974047,112115,885684,38,30
776166,822460,265099,861678,29,2
11865,997450,54822,813625,37,49
300623,945177,685167,685389,0,32
557666,686933,89927,375472,14,6
347871,692917,265908,792978,26,17
31406,958840,159279,754936,29,46
526954,817230,34584,814388,38,14
96343,894662,294219,993413,34,39
35927,752358,477916,997622,25,35
73152,479747,580763,896639,15,20
19458,758736,475655,597204,6,36
35368,987143,10010,323835,15,47
185225,846365,16864,809131,39,33
135226,907543,195037,588512,19,38
31003,527972,302326,597234,14,24
161935,294622,626507,723496,4,6
144347,646838,113274,857956,37,25
253019,886359,176711,509340,16,31
631939,935111,115477,854164,36,15
163647,983979,76667,785192,35,41
334217,749491,115395,594077,23,20
427474,971518,670978,974136,15,27
126734,820158,590310,734336,7,34
14487,805427,523696,824511,15,39
9569,967966,155527,908203,37,47
205344,998278,49609,994510,47,39
320033,594307,328510,643503,15,13
723964,741812,360089,834936,23,0
133020,507600,828289,961687,6,18
55541,513125,160963,896950,36,22
365795,940274,259657,714460,22,28
385826,796755,41193,722744,34,20
310834,428570,119830,996656,43,5
442940,626459,117940,987224,43,9
117661,929423,289626,690550,20,40
465739,546494,511130,889626,18,4
545042,658626,33202,590306,27,5
75637,990797,54860,947362,44,45
304010,564688,195319,202913,0,13
397500,416137,33030,480813,22,0
60459,755927,511097,751318,12,34
587704,832184,268073,344263,3,12
29654,981374,242312,338188,4,47
476969,797835,127191,763296,31,16
144894,877349,142800,724211,29,36
179775,372612,829535,918230,4,9
217247,513997,178322,266782,4,14
113163,356613,126106,418226,14,12
5736,983290,559789,835489,13,48
192466,884148,404625,981943,28,34
121571,615177,796207,873733,3,24
2283,971914,146675,473632,16,48
10059,994788,114200,993074,43,49
292865,316997,571060,839015,13,1
110108,713788,92807,273971,9,30
669340,785771,17004,989768,48,5
634193,894397,268411,497086,11,13
7530,515852,502881,815685,15,25
430488,918692,173967,779129,30,24
363258,914554,560726,896241,16,27
722036,862013,563996,782151,10,6
98009,995238,269773,897433,31,44
480655,999606,733327,928942,9,25
339865,771898,92979,699647,30,21
432646,941754,74928,367555,14,25
230121,805240,2147,672073,33,28
24674,874419,6606,873757,43,42
30965,501989,310717,975575,33,23
60140,274216,11198,915922,45,10
53138,963513,552432,904089,17,45
64091,664170,697954,751218,2,30
4092,997186,32386,174003,7,49
184239,739150,817201,985842,8,27
260883,958988,166744,398664,11,34
