65968,518714,549819,966788,20,22
584280,977362,4036,937941,46,19
246901,590594,34652,547586,25,17
489640,890112,397645,812445,20,20
1923,999386,57274,993366,46,49
337534,541451,638064,767124,6,10
482919,953030,81241,611134,26,23
66752,882918,198560,607111,20,40
660314,701359,20660,91311,3,2
396082,440618,6818,702434,34,2
196967,524908,851641,963693,5,16
38389,601743,253070,736043,24,28
807309,898267,11271,938153,46,4
47122,154812,98,828754,41,5
746867,884404,738776,865979,6,6
25081,988861,114481,857445,37,48
222475,965303,3492,976634,48,37
215011,830182,29477,312962,14,30
354925,363895,143080,853318,35,0
60685,890503,224354,626429,20,41
52867,867484,2967,993279,49,40
170666,472145,403595,866336,23,15
164697,900961,2121,876331,43,36
321863,824038,26206,967296,47,25
248562,981349,109450,620100,25,36
404508,847282,10832,997722,49,22
13310,674609,289872,968164,33,33
42804,869016,373934,746275,18,41
9131,920562,85214,824623,36,45
746,999507,153994,361052,10,49
776672,803361,164714,696763,26,1
414339,811516,165449,677706,25,19
239992,984963,247861,997845,37,37
74067,806848,10333,257570,12,36
60409,945967,123607,341673,10,44
51612,852104,137984,916323,38,40
22147,881479,131660,994882,43,42
273088,691902,66529,982059,45,20
156465,764625,40985,806296,38,30
296066,766625,197925,639228,22,23
82294,822353,67376,111928,2,37
433537,568509,409491,928747,25,6
25742,132518,182444,889075,35,5
596463,937061,165518,936595,38,17
47044,994550,289010,887390,29,47
553806,974679,180181,621278,22,21
82038,553795,712108,964035,12,23
547644,906474,60457,86761,1,17
79270,909807,242120,825506,29,41
46486,937612,208855,739111,26,44
68088,943031,384012,668515,14,43
160402,684980,369668,834783,23,26
344939,655716,83745,875556,39,15
112758,585415,6554,924601,45,23
613169,725156,140777,876773,36,5
499534,859272,729530,911399,9,17
96902,613058,199288,995829,39,25
277400,956996,133480,886272,37,33
100839,531708,224283,918095,34,21
147767,840728,71464,769397,34,34
214858,851009,364745,610597,12,31
275672,818646,204467,911921,35,27
436431,683793,355769,883226,26,12
289193,855490,483794,625101,7,28
217949,974388,13783,781239,38,37
193112,672238,555115,981394,21,23
90007,865607,70712,573688,25,38
41125,987771,88792,722777,31,47
2122,951751,285619,938950,32,47
42795,993111,18053,994617,48,47
335047,622154,442358,953547,25,14
142310,709285,441448,868427,21,28
258001,945282,810544,987182,8,34
91164,633583,695701,816628,6,27
345739,534669,197488,817737,31,9
654238,991714,124529,900485,38,16
682976,930698,140311,808708,33,12
473940,817364,152828,542061,19,17
410285,883978,192471,976204,39,23
845973,853069,18467,520971,25,0
82,852564,84604,937120,42,42
422359,449423,364232,657245,14,1
507002,830062,490783,999819,25,16
14970,849071,95099,168124,3,41
117159,595893,59310,917302,42,23
196539,979796,258842,540465,14,39
50150,727781,402716,500472,4,33
28048,762522,294073,998288,35,36
41585,822041,66045,903774,41,39
347437,962704,93089,994840,45,30
615523,824457,443698,858361,20,10
151426,856061,641068,798643,7,35
188405,820130,201965,838356,31,31
363074,519912,730262,768458,1,7
53792,936034,732641,897286,8,44
387446,811790,174997,999706,41,21
495976,504216,515840,723119,10,0
80789,621225,23681,673053,32,27
197250,954232,142613,993055,42,37
607922,691999,232991,429440,9,4
424605,817653,2011,991550,49,19
51021,736961,490164,899198,20,34
855731,910133,90749,982049,44,2
51621,572925,111716,773328,33,26
280435,888324,729376,800113,3,30
51866,501864,108163,956103,42,22
480076,957807,7926,86466,3,23
466485,476069,813092,931500,5,0
345648,403576,231460,830711,29,2
230959,854879,270531,874961,30,31
501982,615286,6145,968301,48,5
16066,992342,328806,967827,31,48
407381,639402,94473,773518,33,11
124873,344749,105518,971381,43,10
212328,480162,737937,965602,11,13
438195,943110,220592,869849,32,25
16418,275926,126590,536340,20,12
48574,145830,262007,962997,35,4
234879,886793,23014,547682,26,32
174219,841002,87010,866731,38,33
58443,987306,475232,567498,4,46
14607,637590,278998,713967,21,31
225468,744708,31035,268448,11,25
99512,110485,101656,910142,40,0
257870,719151,142688,798932,32,23
249703,964415,66341,646876,29,35
98464,993112,355243,995492,32,44
95225,187824,337619,386843,2,4
73368,946915,151095,664939,25,43
40659,908522,35163,360012,16,43
36644,813730,411027,622804,10,38
209207,608522,381573,623542,12,19
39431,923067,25200,820133,39,44
195361,516441,47213,963454,45,16
176051,591734,1742,779576,38,20
743611,749725,78116,255988,8,0
72612,507438,724322,742809,0,21
54990,369929,89585,736352,32,15
544,991011,21108,885044,43,49
333725,615042,315415,972559,32,14
128313,501405,325238,978443,32,18
526443,589168,2388,914305,45,3
459182,931142,500868,773296,13,23
320223,575328,41817,980652,46,12
839740,928234,22416,921105,44,4
647822,839215,382734,620750,11,9
341013,555319,56533,772276,35,10
49574,976289,527488,794758,13,46
431360,987073,40464,978556,46,27
50918,737355,106302,736996,31,34
424844,719758,243902,915026,33,14
710774,993952,237958,625421,19,14
66283,188689,21382,501120,23,6
8965,999569,91924,514279,21,49
322999,402967,37542,855276,40,3
249050,988716,47306,502930,22,36
839253,857776,143292,864469,36,0
474578,980626,8807,991877,49,25
51677,252439,41760,834776,39,10
270536,991082,76130,846007,38,36
947321,970784,167782,593968,21,1
214606,919819,276963,385974,5,35
423822,909604,666823,921080,12,24
418061,890392,45353,932710,44,23
108368,941118,3531,513400,25,41
181241,921989,22191,932504,45,37
92532,383109,192808,503813,15,14
229210,766236,60946,306567,12,26
40951,802339,659714,858744,9,38
55877,912438,1849,314255,15,42
176970,600887,135037,908987,38,21
190545,925916,305792,801842,24,36
713093,883134,442843,765604,16,8
812,999878,28331,846518,40,49
483289,580555,75375,700372,31,4
345738,606688,165221,973105,40,13
119776,754968,15884,946856,46,31
141922,182819,155309,887786,36,2
15343,908638,32982,773934,37,44
535691,583887,131657,255283,6,2
114940,950585,3115,855853,42,41
11110,510559,241306,790221,27,24
254896,273645,177586,427915,12,0
173284,986180,440096,919979,23,40
205539,802447,144466,838661,34,29
30033,995849,160940,980936,40,48
134734,169554,422120,620698,9,1
547421,778379,192678,603426,20,11
3359,994001,622035,746079,6,49
597396,893320,286089,898472,30,14
401956,632814,870721,871461,0,11
110279,956364,556263,783425,11,42
65832,881830,258668,791546,26,40
200802,988534,15314,456307,22,39
6514,989037,395168,812011,20,49
151842,697106,185435,550536,18,27
708898,943418,318835,768889,22,11
378485,906583,34331,401648,18,26
474733,683685,96706,396635,14,10
630861,861588,50580,574210,26,11
228701,442382,235055,982832,37,10
315924,560842,682764,794905,5,12
28895,419995,87850,937508,42,19
469393,983071,311799,942162,31,25
151210,885973,40880,653435,30,36
279375,906132,193940,525045,16,31
145683,215492,371636,420829,2,3
3623,871892,500832,776890,13,43
527643,578863,306331,770118,23,2
194184,929525,684410,902928,10,36
444920,810757,191366,275169,4,18
81526,928595,317639,942288,31,42
337694,890948,128376,356259,11,27
169485,401879,248136,388696,7,11
238362,707288,206482,927365,36,23
557458,560403,281171,610642,16,0
328817,506652,428493,526808,4,8
236342,727081,170379,962179,39,24
627285,981290,2643,942750,47,17
345547,633513,326026,337785,0,14
191611,762836,91877,929000,41,28
5750,432807,684225,754368,3,21
162427,960639,221161,831843,30,39
34706,970758,265255,997085,36,46
431599,858454,292840,426654,6,21
315578,902856,10071,989561,48,29
140474,358775,27466,981294,47,10
128302,836818,475800,795038,15,35
219178,961544,168119,765491,29,37
919695,963432,47794,90614,2,2
113690,363830,198975,387902,9,12
201736,852808,655437,794529,6,32
457194,496397,9497,384398,18,1
546872,877341,134493,806852,33,16
202483,222872,32779,761507,36,1
707213,809399,228361,340379,5,5
244793,859736,3422,11712,0,30
40266,879344,460028,841505,19,41
187671,461101,80302,488181,20,13
532097,914836,136024,972451,41,19
376238,780896,38730,639391,30,20
295747,708568,91282,965294,43,20
233,831163,80582,781518,35,41
84339,993712,536045,851662,15,45
338070,589114,397863,967111,28,12
179335,949235,690633,727611,1,38
638398,867945,147280,255529,5,11
560604,887182,580840,612163,1,16
962861,977237,109107,968763,42,0
335660,676264,74191,773945,34,17
104337,504313,85440,681806,29,19
825338,894184,98568,948652,42,3
343794,727196,12685,991433,48,19
300305,578760,128238,984527,42,13
752686,957777,40426,221407,9,10
680445,827081,47931,698721,32,7
293900,327248,6843,972377,48,1
77690,869479,255637,850047,29,39
693449,816509,15583,798496,39,6
286295,556191,10258,175557,8,13
19459,985446,102786,800834,34,48
162546,722739,186086,580589,19,28
190681,930812,299937,987438,34,37
21496,776661,31603,977124,47,37
1675,999541,73873,871809,39,49
600280,911407,10143,597766,29,15
22872,950878,215940,869837,32,46
509733,737420,121194,624894,25,11
130675,274484,381221,923714,27,7
24305,949474,33424,991151,47,46
76351,892112,398990,853820,22,40
105028,224786,11345,506394,24,5
83426,247839,325718,952812,31,8
77040,969839,100507,569121,23,44
564177,739861,297777,512571,10,8
76721,810747,35327,268683,11,36
28332,705250,112371,226785,5,33
83763,895251,48199,988668,47,40
861598,962338,126892,491235,18,5
191825,268312,167818,503541,16,3
124746,582138,650650,854049,10,22
338313,957346,33360,968661,46,30
752228,850203,105542,568314,23,4
414287,608645,186485,653980,23,9
783106,994113,257946,698373,22,10
99308,236682,189773,940957,37,6
417412,960270,465919,952790,24,27
92893,580614,88937,743247,32,24
817857,983856,5757,966340,48,8
742385,834326,39599,881766,42,4
151799,924109,2743,495575,24,38
366444,637199,432278,824901,19,13
415742,744025,158749,573875,20,16
141963,736267,68248,962250,44,29
57661,967173,174080,541364,18,45
477003,881448,295699,916671,31,20
87683,437932,841662,985169,7,17
14416,969474,234328,933075,34,47
549233,756249,585057,955915,18,10
244727,288346,742429,900623,7,2
507282,599669,18767,273376,12,4
372651,863508,413501,904748,24,24
787528,953487,287511,604498,15,8
41947,945422,21680,996375,48,45
520100,780492,43519,497446,22,13
204365,564587,42456,217666,8,18
214986,928846,91196,954920,43,35
222425,638641,44555,356841,15,20
278696,985193,16461,48259,1,35
283931,316947,39204,499879,23,1
251922,581515,375637,518869,7,16
12397,980116,85048,372263,14,48
172091,473467,5232,997097,49,15
502033,683248,201165,749551,27,9
177500,727096,35878,871156,41,27
63010,838369,72361,764861,34,38
68516,800678,116795,233157,5,36
30080,886837,630061,926265,14,42
204995,791817,345926,707397,18,29
317019,798902,599677,633800,1,24
501456,527849,359459,603601,12,1
59664,989746,3354,989033,49,46
34968,990971,451266,936033,24,47
200593,433104,56420,368238,15,11
135530,815609,7126,975751,48,34
315047,812363,172527,360375,9,24
210848,835478,124758,855091,36,31
111760,703990,391541,621564,11,29
142982,842270,158618,537842,18,34
120672,853889,4634,369472,18,36
644983,786105,147433,404012,12,7
95924,992355,228048,963428,36,44
36205,857898,241613,252768,0,41
338185,866803,22858,997568,48,26
88644,924560,219720,658531,21,41
332832,361347,61262,929127,43,1
33015,640101,340202,928355,29,30
27634,878699,327681,881885,27,42
2169,996195,143434,615554,23,49
2597,993413,197531,917251,35,49
290143,593115,146546,993390,42,15
380848,963265,26433,597529,28,29
700664,709686,453296,913684,23,0
36619,756373,52162,962669,45,35
17144,263449,175881,822647,32,12
99312,274919,224612,656035,21,8
246101,318078,192203,828880,31,3
277214,882896,728,998753,49,30
207597,530860,132926,743540,30,16
156778,508746,4683,448912,22,17
134686,987436,62933,257207,9,42
284446,637690,47441,919309,43,17
510307,563604,101823,806083,35,2
23780,664626,149180,718816,28,32
1456,995713,93389,986062,44,49
62512,459727,516690,885957,18,19
10496,990732,468,583879,29,49
5968,892688,90588,981136,44,44
82017,973223,306463,385812,3,44
180613,998146,687715,789661,5,40
269019,825691,64708,945988,44,27
661568,671772,484901,752969,13,0
359127,941991,79454,833573,37,29
503456,957915,21927,113410,4,22
23060,773028,5280,829171,41,37
388030,572661,35785,886358,42,9
277404,402493,73203,928588,42,6
108768,654390,130991,930687,39,27
382928,686585,676096,891199,10,15
253415,935055,62738,996670,46,34
37205,233507,121827,959778,41,9
42723,872140,46631,786394,36,41
361963,475964,572682,922892,17,5
410825,805547,778212,800462,1,19
58060,452609,77361,367785,14,19
671322,695576,385841,737495,17,1
144527,928605,438955,970627,26,39
98651,592100,94837,332146,11,24
138961,414736,302795,357559,2,13
226461,229545,604625,967909,18,0
11142,998368,181018,939181,37,49
168928,590964,341092,960357,30,21
11806,677266,334377,539686,10,33
684859,772660,542088,565353,1,4
19005,945856,16269,983894,48,46
328562,848039,577256,698187,6,25
65127,937415,28289,605943,28,43
109632,633113,252534,818050,28,26
78082,858780,1723,849510,42,39
308676,932602,386217,852711,23,31
546227,806323,7137,992088,49,13
5153,749496,277415,692717,20,37
205118,908595,69383,969041,44,35
566113,631341,160651,937054,38,3
349281,650336,213186,914156,35,15
579190,835816,10458,861542,42,12
110745,374201,58722,666427,30,13
213328,987313,815661,967979,7,38
5789,605953,533427,885377,17,30
455824,963829,366847,953670,29,25
52007,704151,16486,984074,48,32
517589,761236,506559,846246,16,12
43521,978756,101978,304275,10,46
166693,963501,90015,979599,44,39
288562,945412,60101,844383,39,32
438841,861507,447377,749591,15,21
581656,888277,174382,418451,12,15
4950,988591,570096,877222,15,49
347342,966537,594975,642913,2,30
55723,795064,57177,969194,45,36
490525,517354,749971,898751,7,1
201654,320443,140444,476581,16,5
71428,177639,448542,830747,19,5
4666,995799,32872,189859,7,49
476071,822030,120475,842628,36,17
625576,710122,84671,640977,27,4
11758,32379,318192,330684,0,1
384318,872181,151154,763645,30,24
3740,609850,487796,819281,16,30
111516,872466,241762,543779,15,38
12503,972956,126334,918679,39,48
631,994146,311484,982444,33,49
17739,712820,2099,987378,49,34
124749,725146,14435,968652,47,30
271347,732639,19918,982329,48,23
420385,470773,23344,976370,47,2
1786,792316,186637,986168,39,39
141335,853865,41431,997671,47,35
612899,723894,737429,875412,6,5
54619,831842,438970,688109,12,38
775986,787998,216769,783074,28,0
232321,982193,556636,804401,12,37
13899,266582,53358,939162,44,12
281232,604644,197297,208823,0,16
326331,683367,122434,870740,37,17
159132,200594,583503,797775,10,2
102393,245864,689322,985409,14,7
343509,964857,135643,487767,17,31
53603,974385,40382,226630,9,46
389790,756794,33769,806937,38,18
393936,729992,703235,947628,12,16
11897,911643,520697,972038,22,44
4643,767731,55218,647366,29,38
71533,838343,109719,852480,37,38
287841,439904,13297,984115,48,7
101319,942158,24150,969863,47,42
416504,998769,180262,768723,29,29
188817,592495,193292,358726,8,20
46987,840557,496964,664890,8,39
216360,674623,47755,849371,40,22
180697,867208,561172,589051,1,34
311069,980546,88383,601241,25,33
510396,600726,347408,645567,14,4
82027,870911,106723,601748,24,39
18460,910326,513317,601829,4,44
32539,99890,138594,583969,22,3
495060,592911,23555,995030,48,4
215906,871394,44816,981354,46,32
332880,879912,153459,891866,36,27
508547,801349,72603,839192,38,14
109910,523890,38528,994867,47,20
331548,978476,37341,984089,47,32
384791,998537,69505,605113,26,30
161075,203496,519110,700643,9,2
416341,940598,488655,542900,2,26
122680,718489,431699,447792,0,29
43555,989599,73892,987335,45,47
411501,711123,26444,742877,35,14
682478,821246,1776,821339,40,6
106737,489635,169207,788884,30,19
484599,977611,283679,413918,6,24
180390,932491,103127,714997,30,37
74944,978522,195239,979640,39,45
609985,768423,62041,933295,43,7
118406,925768,609106,652301,2,40
452175,931253,680241,972640,14,23
11789,615677,225504,378027,7,30
3466,769033,11779,993365,49,38
357713,914788,287748,602282,15,27
450885,953958,31927,375441,17,25
550939,577972,821625,916956,4,1
395583,862624,21646,968861,47,23
53235,992610,76833,188878,5,46
560852,923444,569430,920950,17,18
664325,691773,416509,442997,1,1
709584,920988,95778,898043,40,10
78772,980324,131438,752969,31,45
660517,946268,316919,529936,10,14
17115,281039,250974,678349,21,13
145009,912763,374061,728978,17,38
392446,578429,87240,693227,30,9
35645,318725,291463,865596,28,14
13125,414253,292469,953268,33,20
17604,259510,249155,996234,37,12
346943,896635,554380,943723,19,27
393483,767463,347743,830421,24,18
220368,507379,384072,660962,13,14
447357,854087,244782,748666,25,20
109061,888347,241713,780932,26,38
92961,741434,37594,816399,38,32
65988,591204,304836,992854,34,26
467237,481870,31595,793736,38,0
4348,991740,23330,646399,31,49
127533,940735,538759,819388,14,40
817727,956987,343984,675887,16,6
32308,256624,184947,792023,30,11
322702,724694,8215,993886,49,20
433922,688189,10049,812549,40,12
95125,833244,455682,617570,8,36
475140,962438,608581,706621,4,24
610624,855921,468451,563672,4,12
281732,983816,748866,799168,2,35
95383,619853,79363,80402,0,26
164995,637132,136376,703925,28,23
241036,663318,342530,968525,31,21
135608,982730,136899,933463,39,42
778,976527,472011,693688,11,48
231651,500936,305523,771993,23,13
679896,790475,555696,827049,13,5
364026,706225,890612,962815,3,17
167559,915694,268248,945345,33,37
110199,806007,504400,606938,5,34
246834,581401,82051,545402,23,16
139366,720117,2079,872910,43,29
15980,818800,78113,995965,45,40
498844,795666,186718,943056,37,14
543117,920736,427998,759416,16,18
348338,556015,87913,653644,28,10
376318,654110,909837,923368,0,13
174653,974844,532799,953317,21,40
5475,193584,712114,859876,7,9
299532,748867,354927,937211,29,22
706619,745627,13462,929080,45,1
139123,500157,75275,527239,22,18
21019,860745,3528,995624,49,41
174346,894986,79987,866898,39,36
316394,973255,326448,372544,2,32
282342,952728,25322,192343,8,33
38773,948518,80052,949946,43,45
426145,458040,501740,668707,8,1
419496,588450,408410,960116,27,8
567390,601202,549277,651802,5,1
301,997735,187922,953688,38,49
153453,278572,63589,974376,45,6
33422,989294,9366,805043,39,47
6483,875121,215732,525333,15,43
6749,849821,335306,832394,24,42
274694,964888,193690,805540,30,34
380564,836255,198336,728567,26,22
401822,919842,581098,840410,12,25
7200,765631,541643,811861,13,37
391379,820164,351658,761293,20,21
130894,489924,656745,899307,12,17
211399,895689,134744,582571,22,34
238136,982355,303054,732626,21,37
414768,943184,357167,752356,19,26
600195,727450,565282,607417,2,6
159749,345936,4606,964604,47,9
438787,620883,529165,917014,19,9
153918,855203,589235,872109,14,35
161898,701709,156401,977300,41,26
166000,757727,107618,583468,23,29
78220,585769,479470,912642,21,25
485,960059,171074,929728,37,47
67702,860685,86688,636371,27,39
660895,812777,8042,962222,47,7
55165,431189,74013,589192,25,18
539597,775807,306674,955758,32,11
81026,764072,88673,645284,27,34
114730,358711,136443,366822,11,12
114865,641992,252336,386335,6,26
108841,996368,53713,814406,38,44
8440,231043,96953,861120,38,11
63094,378354,106348,400718,14,15
211417,941911,45615,986180,47,36
561724,887358,9856,975346,48,16
4677,962284,12855,971106,47,47
289429,409186,522199,683675,8,5
329134,373428,195701,537416,17,2
87770,978779,575851,931173,17,44
112673,599456,35738,797516,38,24
224755,894212,327401,450067,6,33
123468,797829,124858,606941,24,33
451204,870055,88293,971586,44,20
47761,376019,358644,543627,9,16
239438,799412,36519,881700,42,27
756561,992580,136188,202581,3,11
13655,857743,59733,448936,19,42
395,990056,167787,347347,8,49
30682,660606,549880,789743,11,31
46338,722385,393303,437889,2,33
272632,873089,45038,771759,36,30
446750,705306,120738,375316,12,12
113918,929629,202251,958378,37,40
855869,917121,509944,978670,23,3
76056,993460,68437,469274,20,45
2312,997576,13627,978112,48,49
45221,985386,176423,983882,40,47
3475,996014,249964,908201,32,49
616,996884,228199,828467,30,49
421633,744222,572613,935617,18,16
465256,943766,12646,993997,49,23
330549,976336,480989,995587,25,32
103746,747604,175195,508775,16,32
875726,912382,162038,875659,35,1
89378,600017,10283,985626,48,25
249628,969568,482810,933804,22,35
154951,750841,226011,951187,36,29
137356,297332,208929,703115,24,7
288277,379542,33505,865235,41,4
612585,873038,30786,659100,31,13
189531,576538,436029,983668,27,19
231798,650473,375916,637352,13,20
299204,919517,349516,404972,2,31
527000,788578,74899,979879,45,13
59844,862987,586568,838395,12,40
450089,574326,120244,555370,21,6
328324,845305,174474,848985,33,25
404159,495783,278669,297301,0,4
393373,909855,328199,371911,2,25
33378,781789,38490,664157,31,37
54492,992566,78733,914607,41,46
218325,462181,251503,957079,35,12
820022,981709,3879,998224,49,8
876735,974016,99853,973825,43,4
36609,220839,54577,753904,34,9
116707,767362,659438,803670,7,32
18447,983603,403077,821646,20,48
40182,999096,729069,851100,6,47
928236,928507,65540,722420,32,0
782907,945697,368410,656553,14,8
15217,689578,217792,810598,29,33
456125,779769,830469,899757,3,16
43675,410211,784173,974546,9,18
280036,905792,276927,555643,13,31
483792,685158,206404,469575,13,10
701044,947822,183968,982063,39,12
405789,533878,395226,548595,7,6
449159,836008,712561,852669,7,19
198880,629011,360977,862958,25,21
516288,893653,495090,920149,21,18
369522,911615,506628,605212,4,27
413514,884087,125012,216007,4,23
442034,464418,73498,701016,31,1
34935,991281,429989,852741,21,47
105191,876422,439430,763727,16,38
525571,723451,394,795125,39,9
632845,941112,197892,329371,6,15
9361,618319,191334,942288,37,30
136917,151571,103614,524332,21,0
440855,905047,238161,622231,19,23
373468,778231,86310,568298,24,20
210137,602420,60490,175847,5,19
104407,492910,99757,520730,21,19
49858,862954,254242,762149,25,40
118437,969656,119627,703146,29,42
568613,793305,89076,148900,2,11
695214,805540,13911,538973,26,5
145449,573049,18932,954808,46,21
338244,780999,380138,933044,27,22
428560,661313,208770,793203,29,11
43534,403489,68775,858490,39,17
40879,907687,23804,640450,30,43
261925,825466,291406,961050,33,28
330309,909038,527641,710753,9,28
805845,853549,139602,740997,30,2
40828,999466,111875,505234,19,47
401155,878817,590481,736466,7,23
168104,927352,655950,767213,5,37
203682,968193,76499,782910,35,38
72762,772158,15396,973323,47,34
364987,807533,101920,377981,13,22
129561,781844,23158,747168,36,32
324309,933449,107141,527726,21,30
375398,679897,168528,940387,38,15
23726,895821,333655,459336,6,43
482543,901086,323331,784897,23,20
187370,866706,441586,812972,18,33
395489,698072,76529,899103,41,15
5099,632188,10996,783129,38,31
357446,512739,664242,682603,0,7
435971,589593,138360,938211,39,7
635152,875736,14478,978190,48,12
215885,916987,260261,582448,16,35
48999,918199,311272,990185,33,43
622735,905650,316393,357105,2,14
920609,938365,149376,976934,41,0
19359,687541,149868,797183,32,33
66207,803990,570688,692893,6,36
411901,446215,306232,814265,25,1
72241,823038,293722,764433,23,37
425671,656193,592197,782375,9,11
598889,753711,633731,937136,15,7
2544,996469,186069,739295,27,49
315792,824140,111303,215397,5,25
419417,997308,745635,967207,11,28
503768,882250,208171,336883,6,18
50685,984645,157735,959304,40,46
74306,296532,366337,788498,21,11
91678,803456,62256,595489,26,35
100343,719466,168036,968309,40,30
59119,287247,722620,992649,13,11
90030,907538,54737,914297,42,40
386807,937152,83532,701535,30,27
422151,751958,360341,887586,26,16
32020,209685,281002,446524,8,8
478577,607900,108477,184392,3,6
90667,980725,493489,499365,0,44
7803,157316,884322,992713,5,7
326181,785503,120275,610799,24,22
4090,927786,62016,109429,2,46
90525,959680,411027,903626,24,43
122544,779784,511781,908628,19,32
415681,835075,183317,993805,40,20
374682,656100,3720,992467,49,14
413478,786673,784620,799879,0,18
393438,574603,670859,986901,15,9
178848,922589,21893,205795,9,37
203966,373676,598722,700517,5,8
171087,689338,144565,988991,42,25
293494,750790,541860,579172,1,22
52030,967128,28992,699822,33,45
239744,915284,6278,305313,14,33
189559,724275,540988,885688,17,26
5067,939752,279650,797802,25,46
463657,829368,102450,912570,40,18
483063,534179,65140,495889,21,2
59269,550572,339861,794178,22,24
631967,895516,9998,771326,38,13
449311,858272,652814,739875,4,20
111609,641934,436385,993623,27,26
497978,843749,175818,985467,40,17
16919,907659,9835,991063,49,44
166570,573503,394297,686846,14,20
88811,185875,36761,979926,47,4
125327,190515,106479,271205,8,3
101555,990809,149630,988922,41,44
954426,973161,869824,912885,2,0
113962,162688,8590,920011,45,2
514841,719663,23607,700071,33,10
93860,426479,87733,184771,4,16
95419,824987,9772,862899,42,36
81189,537734,72832,643734,28,22
222834,365841,98792,637395,26,7
55973,305620,109597,803255,34,12
15401,982784,26449,956862,46,48
25321,940195,21460,918293,44,45
481032,808284,75541,959277,44,16
145779,657401,253129,801107,27,25
40837,919818,3187,902201,44,43
32366,883345,289857,651945,18,42
506196,679779,340888,730406,19,8
80350,947281,188621,351187,8,43
59433,848214,116713,497448,19,39
416471,904379,480029,820806,17,24
8551,412858,200833,387728,9,20
108934,800194,124527,987211,43,34
63338,806622,391860,600394,10,37
394250,860426,679684,687062,0,23
68963,291320,570135,932466,18,11
79667,900651,114343,999712,44,41
9589,973610,624524,710153,4,48
118317,306023,394343,524974,6,9
500035,630951,51787,412417,18,6
10845,986730,29613,361430,16,48
471820,693431,54903,993677,46,11
160403,778951,273835,717280,22,30
226533,461535,1079,640477,31,11
85881,187530,486289,736848,12,5
102345,707622,674609,773687,4,30
135395,352114,91744,724691,31,10
57632,950870,19009,946524,46,44
69329,643073,73710,990429,45,28
682912,794413,428552,981715,27,5
488177,747028,458589,950423,24,12
48539,353390,111117,675063,28,15
90590,945350,9,999192,49,42
396944,769401,156870,718803,28,18
117156,335723,163390,774776,30,10
44403,996563,272788,974750,35,47
537480,834688,75280,950816,43,14
750930,983916,34760,844596,40,11
863096,910058,21667,323835,15,2
100564,739276,41679,837378,39,31
8625,761410,206827,786186,28,37
79783,648859,388872,956755,28,28
17269,496358,263177,567300,15,23
538650,965466,89030,645564,27,21
169526,390192,51786,756867,35,11
509859,576867,61651,202010,7,3
407426,573380,184370,458321,13,8
515336,765168,73612,981402,45,12
5576,999246,283878,385545,5,49
257605,964443,881072,941815,3,35
156237,989491,62302,386685,16,41
187597,830198,85246,513997,21,32
713508,722205,193541,890189,34,0
250060,434947,563096,826815,13,9
596811,759324,313303,434988,6,8
511998,624403,660841,886879,11,5
19593,710230,271280,805813,26,34
92784,819364,127815,309711,9,36
590955,937102,40707,954144,45,17
162595,945267,477839,824275,17,39
92288,793370,21437,718213,34,35
58461,861780,34962,913589,43,40
390321,784010,95577,183668,4,19
601556,640750,777485,995207,10,1
267888,531472,336771,884107,27,13
360197,674158,72269,815165,37,15
182803,313276,465767,955158,24,6
21017,832717,333459,731656,19,40
9268,338978,830428,967168,6,16
96128,882283,411690,473299,3,39
7022,842666,88827,269026,9,41
477961,840574,29651,974927,47,18
152936,933057,108180,243506,6,39
83071,994379,296707,826774,26,45
131945,846027,261462,728455,23,35
56549,981670,504382,847236,17,46
510349,605109,162621,841138,33,4
182158,871182,165141,925404,38,34
406205,925714,895766,928167,1,25
32360,941214,203074,852108,32,45
448592,931636,537064,957031,20,24
25791,938469,15578,973735,47,45
216337,593640,60963,955859,44,18
10239,913564,582127,968938,19,45
3813,833676,134435,784842,32,41
291981,718822,959166,998967,1,21
708718,896576,32104,777821,37,9
315829,572060,375189,977786,30,12
63483,815150,213629,870678,32,37
71118,906197,464789,674276,10,41
133246,951573,91434,734178,32,40
111352,608008,21451,985405,48,24
204633,739672,37676,551555,25,26
662614,810884,430879,991296,28,7
111556,566665,24973,502416,23,22
7363,975566,168748,429272,13,48
359777,788224,322105,470863,7,21
445545,544898,192239,616244,21,4
15436,727830,368440,614924,12,35
17701,937791,122311,411933,14,46
145899,941034,103440,663876,28,39
52195,333769,535388,940695,20,14
247452,856182,482157,995365,25,30
307275,854713,60105,972866,45,27
271389,957454,427865,662503,11,34
407251,940621,128856,985839,42,26
350913,985707,465813,972785,25,31
357675,977253,383492,997459,30,30
7433,991160,485823,551087,3,49
483661,805414,212706,611956,19,16
354238,930526,600901,657724,2,28
30727,838333,492970,638970,7,40
304381,349941,196315,480371,14,2
37347,954054,5615,938437,46,45
238017,942073,51137,864514,40,35
581926,874571,182724,253739,3,14
274452,484487,216802,952346,36,10
56756,800741,107343,442819,16,37
48976,954522,77765,683164,30,45
9526,985689,29178,78067,2,48
831498,920096,372640,541319,8,4
6045,959503,75321,924245,42,47
27671,958573,205699,782605,28,46
125690,706281,39139,962705,46,29
154367,701020,155578,972647,40,27
872166,893404,246267,824037,28,1
62686,418578,22985,392154,18,17
97799,470437,8783,316222,15,18
23418,557931,586328,779714,9,26
366913,503539,101007,840850,36,6
795393,961812,704381,863518,7,8
30415,981316,388433,802840,20,47
543083,603127,256706,269135,0,3
63828,439691,38782,862295,41,18
425065,777217,430465,757552,16,17
16746,808390,294575,962885,33,39
265412,656044,259634,458600,9,19
662449,671381,65918,951705,44,0
653783,835373,476938,976088,24,9
174469,947489,434075,698260,13,38
657714,904683,18116,221545,10,12
80308,791735,363655,624852,13,35
95296,367751,59296,717138,32,13
40474,936331,266506,302182,1,44
867917,971784,2909,996830,49,5
312986,418472,2741,797721,39,5
53804,951367,295215,888472,29,44
161096,965990,55163,856200,40,40
192976,903505,145076,866348,36,35
282781,969597,94042,399565,15,34
416751,680923,496355,984259,24,13
253939,962699,415521,810365,19,35
402465,846044,473434,794508,16,22
818407,840130,692314,763055,3,1
24168,686690,381298,646743,13,33
626128,966806,454177,575948,6,17
276282,937713,215902,371067,7,33
163233,886418,427359,714813,14,36
425084,910663,325530,613405,14,24
593412,829867,17643,997526,48,11
12648,985279,8309,974162,48,48
593899,870637,57992,981593,46,13
276582,918733,22140,48834,1,32
52224,951654,651866,755108,5,44
255372,969859,437877,854034,20,35
321504,415509,68938,983500,45,4
45819,906275,13871,668824,32,43
271553,949567,236251,858653,31,33
767265,792092,247287,946178,34,1
34611,329635,284128,427928,7,14
32601,803764,57996,939114,44,38
216430,355985,50729,992695,47,6
100833,923290,66593,552833,24,41
99944,508816,16762,991078,48,20
523559,580755,16213,956179,46,2
127503,895772,403243,955987,27,38
87070,948529,256134,946976,34,43
488822,933321,468221,602372,6,22
89490,997682,8891,922921,45,45
231980,782262,635086,809564,8,27
150021,773323,13739,910423,44,31
412091,901116,239772,600824,18,24
252913,475510,383249,952823,28,11
35498,999466,411919,912630,25,48
321369,752312,280167,532617,12,21
189393,640230,546508,855408,15,22
340364,542351,183840,741631,27,10
353315,917968,48277,159307,5,28
305424,770793,169994,940607,38,23
433196,476343,482747,487153,0,2
60464,838623,630486,681165,2,38
711291,945394,5572,992218,49,11
170200,971328,24093,910210,44,40
25023,943442,418891,981395,28,45
151797,626417,104351,932454,41,23
76938,513406,326881,522663,9,21
94195,912252,354277,973944,30,40
207872,990322,84862,840222,37,39
469419,588350,159920,236167,3,5
680221,793331,9021,641001,31,5
745581,942683,49483,57761,0,9
105432,486081,235749,453486,10,19
15158,257803,251360,311182,2,12
280232,997663,623082,710801,4,35
319792,857928,52111,814020,38,26
234940,879200,184016,535499,17,32
97820,384602,553556,984324,21,14
84142,470483,101409,983701,44,19
80441,925893,397808,501892,5,42
351892,973203,428361,747213,15,31
88696,687978,51393,726371,33,29
142148,703694,2994,997255,49,28
703944,959588,64528,689387,31,12
641462,784284,104081,792760,34,7
53251,937600,62701,936662,43,44
211594,932844,242241,780014,26,36
283492,971525,93603,514545,21,34
512695,807302,124019,417005,14,14
30688,942887,648713,888945,12,45
624304,818410,212225,543856,16,9
10205,909988,202858,752331,27,44
133894,755315,128069,227337,4,31
10997,848822,687137,827455,7,41
176868,891496,50829,893621,42,35
367532,643124,246604,997496,37,13
312456,682366,669026,699802,1,18
34052,989959,889544,918762,1,47
581842,676852,61963,859464,39,4
167212,190708,670804,983534,15,1
747474,854558,69115,747128,33,5
56110,987834,72208,790290,35,46
51305,644205,461937,793906,16,29
151732,637266,452835,773624,16,24
25174,222808,373736,491345,5,9
58750,989679,10533,923185,45,46
271947,699985,87046,478870,19,21
440880,670093,13175,870028,42,11
147859,976414,250702,924274,33,41
723182,919492,335129,988553,32,9
286841,987574,117231,911697,39,35
298792,868978,477512,957018,23,28
410881,785178,176104,430120,12,18
56893,846728,278432,980275,35,39
646346,689602,433537,918581,24,2
56722,604741,57879,485178,21,27
319893,842178,167693,920408,37,26
78960,996448,539095,680472,7,45
480592,822375,232087,845514,30,17
209211,222825,182830,373922,9,0
847426,921567,194712,334336,6,3
14434,317413,77087,988026,45,15
144646,927263,257843,340375,4,39
543970,703766,391337,903784,25,7
61700,573206,688907,881597,9,25
207079,513642,269217,670705,20,15
146237,876527,126916,852984,36,36
303811,744957,225155,847346,31,22
175795,563978,200552,262056,3,19
121754,269628,184993,958836,38,7
704979,828164,91388,503487,20,6
370842,924076,128822,766273,31,27
177224,550160,10349,981898,48,18
9850,400504,43755,618785,28,19
169857,425114,589070,947145,17,12
242236,649010,396036,917797,26,20
214237,847238,5149,995392,49,31
219633,648997,44262,633079,29,21
176395,546759,248413,482624,11,18
506192,849385,97473,953186,42,17
126960,861064,248055,717925,23,36
502737,695927,110498,565586,22,9
759395,837732,7131,986059,48,3
35051,454674,250592,894793,32,20
7223,865630,78631,988049,45,42
51521,977269,75068,915815,42,46
400000,863622,92539,753066,33,23
341899,396643,471724,873550,20,2
436902,520087,162861,972853,40,4
374005,999203,2156,575316,28,31
347771,961457,22014,910840,44,30
94382,748548,319569,974450,32,32
201522,599459,27128,803769,38,19
179052,633312,55075,925271,43,22
504470,851626,507838,565420,2,17
94260,932894,248148,549557,15,41
418277,739487,789414,997068,10,16
133653,950301,100502,788675,34,40
218467,843058,254146,792544,26,31
269337,386836,90007,662885,28,5
227104,768125,500480,795108,14,27
34904,796773,49246,509328,23,38
509520,646234,165148,826903,33,6
63767,335650,628339,700850,3,13
35841,467349,178144,857430,33,21
115492,788822,303281,620891,15,33
319608,897314,98446,692977,29,28
586602,925004,222344,854195,31,16
81049,999539,436568,698388,13,45
93173,505904,45038,431599,19,20
476079,875156,16804,659901,32,19
128466,947909,136587,761937,31,40
595612,799551,157522,359133,10,10
10000,958978,1614,49060,2,47
101160,280838,11352,820807,40,8
211311,895475,58863,400248,17,34
341988,905295,172224,622988,22,28
211603,960612,637671,785712,7,37
440133,980087,45933,953144,45,26
109425,882620,93056,672089,28,38
164197,742780,44091,573729,26,28
370990,847940,6571,345296,16,23
312697,748472,341163,825742,24,21
40026,466887,144867,848035,35,21
19140,981252,48444,903501,42,48
430624,688036,1877,996614,49,12
501852,567082,471021,582133,5,3
432550,954821,19668,914160,44,26
469771,903344,41915,928186,44,21
133280,451431,396142,585256,9,15
415970,945470,530066,964677,21,26
176822,414845,88445,417388,16,11
79790,397042,133849,660173,26,15
74846,501849,274516,709639,21,21
224786,556724,113285,993150,43,16
204502,818645,124528,428053,15,30
26916,399352,257240,631823,18,18
155807,666244,9528,491089,24,25
491913,871685,216551,327255,5,18
14140,953316,332319,332369,0,46
55311,854219,217520,265838,2,39
17798,999729,295648,741633,22,49
259796,572485,145506,527044,19,15
58470,797108,78873,464384,19,36
552988,766686,15136,57840,2,10
217905,775851,420347,618023,9,27
408488,933292,75728,561280,24,26
283225,936809,707268,767971,3,32
41326,939644,52979,858563,40,44
439864,684504,178371,633798,22,12
745107,930171,88938,611666,26,9
128046,994039,373783,954253,29,43
161195,829821,9017,976565,48,33
17369,881243,76653,820304,37,43
3897,905934,660100,777011,5,45
248277,752724,218965,722747,25,25
326660,441096,419051,702387,14,5
444070,567016,303795,504733,10,6
154454,421153,200790,878202,33,13
87134,419501,133321,919960,39,16
582,993963,142575,432561,14,49
165574,705914,376301,949090,28,27
861198,919617,236422,872662,31,2
89703,565844,219195,241710,1,23
153921,709212,323046,579437,12,27
63460,898763,100566,940005,41,41
1011,729805,419691,755092,16,36
44239,961662,338293,826476,24,45
291743,624997,105538,428910,16,16
203260,829026,17820,414419,19,31
139968,980717,816896,877547,3,42
188542,553651,151954,824406,33,18
25303,938188,89966,914704,41,45
780104,982602,24165,798310,38,10
79806,951560,183230,725871,27,43
71705,468296,189769,602452,20,19
53270,743495,79331,876944,39,34
2144,731290,92297,838137,37,36
202812,672712,30904,965253,46,23
39385,978377,30350,959154,46,46
25815,584493,294012,850502,27,27
76223,748196,92675,964899,43,33
437794,815055,198808,477879,13,18
265366,976564,115325,289121,8,35
570447,879810,270502,998107,36,15
120055,327243,477050,965589,24,10
25455,949330,101124,685459,29,46
120179,128819,110384,696122,29,0
5151,828478,127039,915051,39,41
206829,719297,299275,831707,26,25
77258,503179,449794,972301,26,21
161947,901051,356517,900590,27,36
69285,888829,39184,978747,46,40
89458,728243,21940,694734,33,31
247261,485468,137736,523834,19,11
523071,760734,51137,544963,24,11
124877,357988,651295,867753,10,11
10039,781306,110731,775700,33,38
170811,271832,210488,890805,34,5
20893,924618,212662,381730,8,45
606119,678174,559571,588040,1,3
548898,609593,560448,791014,11,3
267299,902278,461341,596273,6,31
264022,331576,311890,852504,27,3
147972,497281,386709,970139,29,17
628313,775392,190160,808305,30,7
413295,935348,40885,629475,29,26
343416,404171,87220,593699,25,3
147405,656791,287973,667787,18,25
336301,336525,23321,331220,15,0
139378,980841,775236,791666,0,42
71244,703032,52852,811651,37,31
163,542035,219861,968496,37,27
536775,974644,18002,994437,48,21
372854,446371,547236,608922,3,3
503311,848005,515122,790935,13,17
5011,992470,359756,898500,26,49
256433,975297,1232,999770,49,35
659418,882115,61718,956278,44,11
173840,696804,466214,492681,1,26
109675,938408,425617,456617,1,41
644909,744456,148818,652332,25,4
147665,481504,3059,938955,46,16
11217,952862,638031,810502,8,47
186110,761651,26617,961261,46,28
268436,725802,331348,948240,30,22
250790,980753,117881,769576,32,36
88374,678140,328656,631687,15,29
212164,746305,55968,284205,11,26
34095,237546,25407,879880,42,10
63384,892714,7341,760599,37,41
293799,309549,9670,986348,48,0
513084,979291,777649,956821,8,23
27210,841814,238692,594505,17,40
653636,933425,98948,396137,14,13
211619,671114,366119,595573,11,22
3268,954468,54972,892704,41,47
297561,465789,503081,725350,11,8
505775,863895,209357,523028,15,17
67456,914813,805336,847817,2,42
420495,530882,41902,659458,30,5
296547,739394,501123,873309,18,22
183021,765606,140264,854847,35,29
111468,488090,233434,851282,30,18
362389,885156,2200,996578,49,26
54978,977494,516267,923684,20,46
321148,943390,92659,495031,20,31
29386,814422,109113,476609,18,39
161599,729654,17271,878024,43,28
554011,891146,147450,788466,32,16
60083,946414,36227,888917,42,44
93133,720817,320800,903356,29,31
87927,882848,163949,970281,40,39
349216,798735,12719,988028,48,22
356749,872740,566175,873701,15,25
19368,418140,61599,806631,37,19
90929,769763,798618,803636,0,33
5012,930014,415062,436923,1,46
186946,759672,291065,460258,8,28
395523,405527,35307,944669,45,0
219338,823785,7430,239616,11,30
60402,703896,725545,925860,10,32
266169,324825,25465,796727,38,2
15587,906025,189145,702830,25,44
228335,725840,23174,528416,25,24
157693,704415,407189,440007,1,27
512155,923893,111675,690035,28,20
265578,817593,315400,379590,3,27
15559,997634,61964,902541,42,49
24301,896114,420232,941342,26,43
51248,949362,200949,633798,21,44
12531,501275,247054,516133,13,24
6709,66937,95938,915949,41,3
406219,690245,265020,854709,29,14
71854,355798,7018,847627,42,14
70495,759652,41866,858996,40,34
739969,940520,634073,749287,5,10
37812,848577,231791,950767,35,40
518624,807174,82257,323494,12,14
387359,778707,478750,971196,24,19
634571,968859,35294,749137,35,16
318129,583217,135159,843551,35,13
106180,989748,59835,961832,45,44
1477,852101,190164,903283,35,42
82133,882839,492171,755796,13,40
163725,917173,734654,829470,4,37
293209,916356,9789,972508,48,31
148200,907946,372917,813790,22,37
97331,459450,88676,486355,19,18
154801,930644,547440,984156,21,38
337586,994551,164266,906310,37,32
298075,470340,145279,886109,37,8
53249,431074,27936,960764,46,18
786302,839480,109960,946830,41,2
171488,867320,224007,299127,3,34
336016,630256,129797,580872,22,14
31792,246988,233424,659791,21,10
178408,726210,307980,996959,34,27
374121,644099,145617,927764,39,13
12286,824346,410699,985484,28,40
199355,832168,296488,849288,27,31
16305,966574,558883,628721,3,47
315251,843100,118698,839174,36,26
121811,345052,147335,441509,14,11
47353,888384,153761,930096,38,42
28520,975050,318348,664425,17,47
647345,725651,15896,967449,47,3
83998,996126,377,988352,49,45
23302,958580,66486,291072,11,46
141275,653296,529534,854769,16,25
24129,700914,82809,976303,44,33
17780,965884,577431,762251,9,47
141505,368858,532269,569974,1,11
232444,264031,376029,699264,16,1
383467,964309,91485,914955,41,29
705853,756715,620850,870653,12,2
91045,152060,277038,844683,28,3
25939,991759,400033,951108,27,48
237414,934542,2907,828630,41,34
281117,636612,283727,861460,28,17
180822,941914,33868,994878,48,38
640440,850257,349462,747574,19,10
604349,669187,308732,669548,18,3
172893,892342,93473,331623,11,35
21191,709248,675560,950434,13,34
348197,932084,30137,808651,38,29
193201,521328,82176,638286,27,16
206672,793916,213329,504272,14,29
52436,794056,682438,692705,0,37
248630,549315,221876,845448,31,15
16056,407426,198770,246902,2,19
7114,420328,67903,994531,46,20
227549,975227,96126,450578,17,37
430011,476251,388,24629,1,2
26089,899861,3492,903754,45,43
272818,905080,137981,978024,42,31
535751,734956,5811,996401,49,9
263852,778878,497459,891592,19,25
149382,743432,1795,998219,49,29
213112,989789,2373,778733,38,38
342329,933272,425017,690105,13,29
123975,987722,65253,428504,18,43
63198,959105,222206,539553,15,44
86340,412472,115042,939537,41,16
82975,990911,549912,842185,14,45
256540,377718,589929,767150,8,6
74927,156876,284596,867767,29,4
370443,990422,81776,472763,19,30
38438,885533,8638,440883,21,42
635931,986862,712668,876016,8,17
11441,394989,202886,827424,31,19
224211,796881,689144,965716,13,28
269926,337483,570147,875827,15,3
84273,740810,139375,580792,22,32
51126,208798,132847,800217,33,7
103480,868867,746204,829490,4,38
207251,329983,238429,953398,35,6
297490,862477,337897,551108,10,28
581497,738570,574645,727110,7,7
261970,806701,233137,824575,29,27
64432,975805,395426,719021,16,45
87085,406553,201383,622453,21,15
76006,710412,46605,338986,14,31
128402,780070,76142,493429,20,32
212441,784017,191122,216654,1,28
905119,945168,336553,445750,5,2
300880,339416,447322,580506,6,1
42292,648288,245131,934033,34,30
100575,376385,310593,993690,34,13
270157,520255,642718,715719,3,12
469002,840084,177939,963907,39,18
275600,632115,5968,304446,14,17
582416,705712,95272,916049,41,6
26558,672583,581796,958762,18,32
74147,551522,731836,948982,10,23
394779,859349,227979,728437,25,23
259393,890638,519534,735358,10,31
1577,998633,161731,514984,17,49
643464,849266,7303,991872,49,10
80581,752550,269108,844332,28,33
105807,934417,34502,160710,6,41
593101,707140,277450,719096,22,5
100629,371578,277245,607966,16,13
492003,908925,96525,324791,11,20
348027,790342,514552,688572,8,22
141804,497245,708893,913973,10,17
3035,937811,362956,484005,6,46
354505,944769,107233,651017,27,29
376058,557784,264912,976631,35,9
186810,315870,81767,342958,13,6
89585,877541,2827,996754,49,39
256485,385879,3176,999581,49,6
79696,367932,514103,995024,24,14
112978,812805,6668,725334,35,34
570,999962,3517,985334,49,49
508183,839510,17694,970357,47,16
91462,904281,25518,358737,16,40
342065,771785,3567,959049,47,21
823022,977337,215710,944841,36,7
227501,885306,89029,760695,33,32
426526,661233,139730,932228,39,11
6727,837275,145543,588371,22,41
857142,936714,496658,909303,20,3
596302,936665,160998,687798,26,17
234994,905214,37318,104464,3,33
5700,983832,592280,960198,18,48
218385,860380,43444,220450,8,32
188570,598132,718731,934308,10,20
443220,840934,43696,997544,47,19
835171,915157,38791,822981,39,3
461080,904893,153946,537584,19,22
17202,109529,292866,973982,34,4
184354,295994,527879,831363,15,5
328454,461326,204264,862159,32,6
148150,656360,9215,903210,44,25
442812,548990,6515,767105,38,5
294625,891050,39608,995635,47,29
379517,678478,18457,953278,46,14
20693,891767,134471,610319,23,43
122104,779363,394636,616999,11,32
251737,463606,842064,983565,7,10
32416,284377,89226,912837,41,12
192311,884233,373781,893717,25,34
322952,534026,154009,402703,12,10
78927,101250,331644,990906,32,1
20038,989667,332856,938743,30,48
9022,928983,44035,784275,37,45
841963,928909,340222,569348,11,4
371571,933377,282818,403229,6,28
484612,712223,499500,662624,8,11
33612,850182,40160,202117,8,40
44333,748432,125357,789762,33,35
9171,645273,342516,522564,9,31
106289,961241,252929,665144,20,42
11595,784704,395214,758285,18,38
56660,872455,762886,886229,6,40
131272,561200,173670,387759,10,21
451422,898667,90715,765430,33,22
49619,914588,93835,913368,40,43
348861,809544,48144,667115,30,23
226246,569501,27035,999896,48,17
703307,988693,117497,587180,23,14
110631,890423,32980,991415,47,38
205775,477873,190529,696574,25,13
144954,448066,363592,980206,30,15
381086,938719,7427,969936,48,27
5307,977098,172497,706255,26,48
345171,994520,15343,644826,31,32
199865,973711,683635,914796,11,38
207120,901135,54883,698323,32,34
198860,456509,387371,673483,14,12
199108,931678,410081,972650,28,36
187069,725894,41118,995646,47,26
633771,742820,13447,970020,47,5
509827,956960,33641,825520,39,22
7892,983224,17729,377704,17,48
218388,520968,264767,611153,17,15
643287,943744,424549,492631,3,15
19441,670444,327265,635701,15,32
170643,957317,26261,972273,47,39
442918,452600,121555,915403,39,0
580915,876022,85825,430375,17,14
121185,581634,165218,647179,24,23
171323,377193,47784,957028,45,10
158431,984708,155684,965563,40,41
451735,748923,141562,951389,40,14
406724,985744,223846,876341,32,28
552049,826717,15909,966480,47,13
542589,764085,128694,953118,41,11
67698,797586,18233,942572,46,36
657354,943960,44016,212127,8,14
375210,856370,176545,574502,19,24
94017,604527,2055,818332,40,25
121109,807334,467461,803262,16,34
76354,908198,600498,953960,17,41
54179,225331,219633,629985,20,8
298523,969453,279723,610634,16,33
346387,779869,150321,967390,40,21
176228,819887,576289,859567,14,32
672721,784178,120723,929957,40,5
258045,696112,97737,573408,23,21
35353,810784,490237,777705,14,38
26211,452057,375769,673988,14,21
639313,996229,81715,95483,0,17
588247,870561,8757,562090,27,14
169666,764206,315984,830026,25,29
520969,678370,51617,984338,46,7
120472,811054,413645,991719,28,34
86117,933064,143980,826304,34,42
522800,879573,310918,946410,31,17
490327,569697,70067,328860,12,3
5369,197216,83043,762036,33,9
777168,953857,90567,461354,18,8
179180,682650,60654,884515,41,25
89952,762691,26070,933920,45,33
170234,330689,8588,953698,47,8
275072,963767,105597,191990,4,34
174196,770379,7146,538089,26,29
265485,798761,119865,530161,20,26
232361,795478,667124,907601,12,28
11885,987512,24124,965864,47,48
293952,421624,308290,901171,29,6
443194,599225,392699,656923,13,7
233221,806175,512961,601093,4,28
171320,728981,83748,493597,20,27
162649,951297,154346,800391,32,39
204386,824690,743622,858637,5,31
567021,731311,236131,718200,24,8
106796,797381,268643,944424,33,34
364979,855330,50265,954649,45,24
346730,981000,310056,687193,18,31
408218,559346,5164,808868,40,7
58068,991907,274188,951077,33,46
556474,926972,69323,129954,3,18
47595,861403,282540,306002,1,40
65586,833855,134044,553188,20,38
224138,814001,73362,922339,42,29
357598,528681,484347,540314,2,8
197355,995514,310337,511809,10,39
76615,937740,104872,830677,36,43
422438,436155,1179,990619,49,0
300544,764502,277211,857834,29,23
399526,611387,219198,542270,16,10
509519,926875,242295,489716,12,20
279609,919106,89389,966506,43,31
3763,988364,67302,980320,45,49
190127,441826,301869,431966,6,12
3267,500042,177984,809201,31,24
598013,997776,39948,277346,11,19
636269,761191,589225,894325,15,6
220822,286302,255630,984938,36,3
49919,955098,407011,911155,25,45
678481,843118,309977,999800,34,8
284059,772859,220649,974605,37,24
70832,566356,15534,478906,23,24
66515,492852,515145,633170,5,21
314129,881119,423291,802580,18,28
423905,990399,90030,724912,31,28
622857,858943,151263,893240,37,11
111565,991328,701033,705168,0,43
1520,965908,62236,647874,29,48
72685,963170,126343,392672,13,44
775081,917453,176521,507326,16,7
6950,370092,383126,921084,26,18
20244,554235,46840,919065,43,26
590148,592775,9206,546326,26,0
171340,671535,266027,725337,22,25
21314,971574,105512,362049,12,47
434183,646993,63387,995636,46,10
717833,826806,297980,455179,7,5
525262,973008,156852,579823,21,22
469051,649333,52768,777915,36,9
592687,883245,632215,969583,16,14
123204,768969,575473,686148,5,32
117078,859722,388062,425871,1,37
361201,852503,787936,904257,5,24
886871,984328,50104,544099,24,4
589428,971226,83946,411898,16,19
22517,964835,398530,916321,25,47
443506,940016,18170,977387,47,24
139421,436680,139528,232452,4,14
16545,986141,56369,517717,23,48
564050,831978,102180,227332,6,13
9136,995415,57393,451399,19,49
59605,978616,189075,775044,29,45
334825,883388,540,473946,23,27
230436,894626,183145,642149,22,33
280000,637862,26384,916004,44,17
96137,286820,393944,646789,12,9
49151,766637,131715,785636,32,35
76574,407359,167031,897602,36,16
73711,827838,126678,442107,15,37
199191,606522,120099,811589,34,20
102201,174319,332274,824321,24,3
174530,846747,71778,908118,41,33
159914,959153,153866,334564,9,39
495192,859218,361541,949894,29,18
418436,546562,435903,724316,14,6
90853,962892,27621,990094,48,43
540147,710232,125472,711879,29,8
45693,684328,31857,991123,47,31
58169,980075,130647,764557,31,46
350218,525743,197038,771734,28,8
36509,678169,220760,923753,35,32
10840,858154,274820,733568,22,42
143084,664083,275153,879237,30,26
19647,998275,183933,954276,38,48
239346,725117,35128,971536,46,24
98691,105884,252850,322876,3,0
2250,697744,503706,981826,23,34
186113,430862,819661,983114,8,12
479927,771199,16794,995195,48,14
369565,496068,290656,915510,31,6
2083,981126,78816,640962,28,48
257057,783913,56197,871401,40,26
47041,981913,59317,958272,44,46
42527,832493,656540,970714,15,39
23247,867814,457285,555622,4,42
556803,861765,18092,976724,47,15
71029,941757,367461,779369,20,43
56354,961663,37802,172150,6,45
591302,671873,260968,367270,5,4
193425,787634,198382,643897,22,29
33226,997827,4,999565,49,48
690460,868482,167805,643544,23,8
420149,907216,123918,341328,10,24
223753,817925,291049,501880,10,29
165569,233044,470763,753408,14,3
93269,958445,743533,984827,12,43
38204,957185,117101,888449,38,45
803429,982402,105008,887170,39,8
61292,934081,97188,147812,2,43
6728,178283,3387,936886,46,8
39690,339519,143010,976815,41,14
50742,890060,162640,850998,34,41
593324,606375,25322,579082,27,0
137762,368632,10847,956892,47,11
352573,435785,527435,625158,4,4
55091,946582,272527,939559,33,44
45302,655403,105397,889982,39,30
82370,295760,272416,924550,32,10
38272,822754,174707,867330,34,39
124813,973790,459960,612739,7,42
27430,921506,163524,879142,35,44
161434,973659,372579,865259,24,40
501262,771110,575254,763801,9,13
146289,389342,139125,697557,27,12
99789,709864,593440,624109,1,30
185166,553339,65735,969780,45,18
104406,875539,53357,907384,42,38
450598,943860,441660,515832,3,24
54522,969662,261182,719922,22,45
63777,954781,545902,934699,19,44
207803,696044,227438,528304,15,24
91333,822226,489778,791871,15,36
91831,694346,353128,914404,28,30
15588,908356,392882,525655,6,44
18573,910898,62070,628616,28,44
206402,265551,235242,467997,11,2
389335,977037,513450,639673,6,29
91527,996033,75768,296745,11,45
266022,961967,113557,854125,37,34
407935,756186,532174,618312,4,17
414685,499230,167780,471825,15,4
3973,651875,25092,922540,44,32
150879,447637,61554,951143,44,14
222575,340422,190587,832473,32,5
139737,892963,348347,838133,24,37
336941,772722,244526,411382,8,21
313044,755727,238192,990407,37,22
4048,581065,21897,331821,15,28
850958,890798,101480,997643,44,1
63558,950625,72562,696541,31,44
207122,631961,600117,965580,18,21
258542,407441,466188,884081,20,7
83302,922103,67504,535653,23,41
561584,631509,173960,754202,29,3
22523,608113,99098,740506,32,29
800916,891948,207049,981063,38,4
94069,203965,63106,578993,25,5
216384,978285,9303,925870,45,38
41451,673498,192845,260331,3,31
381971,984275,168982,846389,33,30
37341,962800,186533,570703,19,46
265433,838180,136289,464141,16,28
116656,960769,75120,735020,32,42
557865,971772,188462,348294,7,20
440206,716876,200391,774857,28,13
72364,666748,17680,652229,31,29
280811,783332,32874,947116,45,25
338249,942751,194211,737764,27,30
263204,780921,175286,273948,4,25
300209,855480,99115,624507,26,27
111204,648840,588194,906473,15,26
654789,746895,297330,911214,30,4
23764,986380,172546,875724,35,48
445545,704993,38700,904589,43,12
951798,955616,33787,641045,30,0
103273,838379,8042,994652,49,36
308902,480680,182453,822634,32,8
58863,554579,143630,977692,41,24
14936,983384,508818,906431,19,48
265564,769332,236199,383799,7,25
319393,370008,297577,667192,18,2
326039,803730,184916,939039,37,23
274531,685866,143223,728973,29,20
662675,892386,186917,284891,4,11
230474,747820,413806,823246,20,25
162346,571063,217788,959800,37,20
722760,767505,464740,627966,8,2
6985,776460,212014,933298,36,38
13801,738295,204602,300084,4,36
505002,989922,4624,844987,42,24
165795,988799,34170,972901,46,41
84476,220570,439779,889111,22,6
456818,927371,143008,842277,34,23
224691,986120,18257,939084,46,38
103724,408123,6497,268152,13,15
68542,922730,10045,988452,48,42
534285,590120,4511,996007,49,2
23446,967394,49367,278728,11,47
212093,786066,151324,756262,30,28
242955,804377,60373,820440,38,28
153204,898705,128912,516162,19,37
650227,916250,643264,849542,10,13
699092,791506,13893,995612,49,4
78132,802772,240695,919797,33,36
8319,920413,72055,930100,42,45
535662,878350,360824,473235,5,17
265733,732415,523593,751235,11,23
565144,574360,560612,574207,0,0
48447,875472,364577,967757,30,41
357190,520771,33315,913552,44,8
258577,972486,148231,706538,27,35
630857,942812,291408,842627,27,15
241468,345952,307388,518687,10,5
144445,621197,530563,893279,18,23
105484,804040,251771,409413,7,34
60994,896526,421422,691589,13,41
154258,519156,35122,907862,43,18
426732,827910,99321,233033,6,20
141696,984724,126986,465676,16,42
71884,575702,196857,939839,37,25
103518,678866,252661,795864,27,28
413179,911934,205116,797561,29,24
680367,858438,52622,827929,38,8
25793,975571,84684,691931,30,47
173213,886808,7227,713226,35,35
178699,902518,10709,845581,41,36
181738,717760,141266,788538,32,26
479382,984104,156056,934877,38,25
222429,898640,121765,585493,23,33
799283,937340,344097,962916,30,6
551256,721032,602179,943954,17,8
37337,968122,10793,448866,21,46
845776,940501,555099,963751,20,4
25594,915504,223935,509508,14,44
1370,999709,125239,814707,34,49
144609,425242,103101,893179,39,14
27712,329475,172013,853669,34,15
648963,659307,224110,259554,1,0
139205,954829,127343,798900,33,40
50744,654833,465259,641440,8,30
272712,713216,283741,734007,22,22
15280,962974,395007,655940,13,47
699033,863136,113575,946854,41,8
717635,725584,2950,961739,47,0
26456,461316,13929,890242,43,21
891384,943312,118986,991443,43,2
884976,922642,87268,939421,42,1
146841,844654,145709,538153,19,34
15346,998048,187604,514949,16,49
47634,992766,384976,541061,7,47
586143,817766,94525,785725,34,11
537026,950205,529382,868147,16,20
50844,911107,97748,974979,43,43
9007,996204,19878,60088,2,49
418931,510938,681535,899925,10,4
152114,510539,79584,492942,20,17
46509,720077,4161,995534,49,33
359076,512683,19677,723783,35,7
179220,831897,493872,692293,9,32
2687,985854,109003,297623,9,49
399038,606153,98069,924797,41,10
312739,673878,559814,857459,14,18
215156,772023,4162,997743,49,27
280705,753147,56506,693188,31,23
156965,608880,80465,991376,45,22
115232,791398,61446,603718,27,33
62742,202337,13790,990012,48,6
810772,930104,68927,988308,45,5
81216,988043,84682,900479,40,45
13287,294721,759468,949447,9,14
359136,944116,298947,787945,24,29
177593,949940,297053,930429,31,38
43207,412335,251454,941486,34,18
122467,647403,121385,229391,5,26
7130,987692,68070,290716,11,49
19723,758966,6827,900523,44,36
478193,849062,244685,987045,37,18
70221,318103,6524,946647,47,12
65284,922871,661137,690104,1,42
134271,200256,354592,966085,30,3
71699,775932,31924,215790,9,35
102189,961971,186656,357013,8,42
21846,81997,152879,910824,37,3
65050,611258,427677,786607,17,27
695812,741303,231380,671742,22,2
68084,637581,160045,451486,14,28
50635,904911,198505,678018,23,42
516136,546857,46800,836525,39,1
416001,936617,9788,177607,8,26
364937,577723,277402,583999,15,10
141594,590403,28996,955776,46,22
79913,801825,504326,937419,21,36
326917,470197,152405,287872,6,7
157011,421085,92051,957877,43,13
226076,923389,126001,406575,14,34
77957,894622,61794,255198,9,40
414294,927123,388651,861902,23,25
328033,586983,168728,938146,38,12
659583,688112,222597,461605,11,1
300224,892904,364837,723754,17,29
28204,754092,493757,634012,7,36
188243,834597,88511,94522,0,32
8050,576224,379645,441286,3,28
426499,552391,187712,877381,34,6
417578,481567,461020,855008,19,3
274801,665359,553359,994840,22,19
613872,642764,51039,999288,47,1
117060,162112,213201,543504,16,2
212299,830989,43555,914823,43,30
332161,711133,5298,997072,49,18
72622,283273,172833,872268,34,10
50481,316819,440493,587387,7,13
236962,891945,55953,863319,40,32
93670,925172,317154,954462,31,41
4721,706948,401529,757878,17,35
29417,933603,243377,452286,10,45
303145,992790,223129,411998,9,34
258049,716535,972131,974281,0,22
102338,601703,6645,693857,34,24
7131,948832,771231,772504,0,47
176189,695939,50697,261861,10,25
144703,883745,202172,242970,2,36
605810,974289,281520,743246,23,18
547871,709524,113958,568938,22,8
196210,917083,512100,852832,17,36
44610,624610,49517,439933,19,29
9587,727261,175464,933145,37,35
153380,342038,505149,846509,17,9
155547,822301,482329,896270,20,33
207,988938,315667,582789,13,49
184869,618073,27495,348750,16,21
125130,980192,86913,983262,44,42
321575,960537,273480,293940,1,31
418640,669035,586733,733260,7,12
76181,999330,487516,940014,22,46
271480,623802,60579,522933,23,17
158606,739632,32620,652011,30,29
11821,982595,436006,581603,7,48
10875,993543,178231,998967,41,49
18060,942621,65488,926169,43,46
111897,511429,182391,981554,39,19
684737,974843,263056,957530,34,14
118490,908807,329990,559050,11,39
267074,733326,397063,509806,5,23
63668,390382,1258,997664,49,16
40601,970260,404912,655484,12,46
333402,926447,382980,446149,3,29
48379,833210,107590,986079,43,39
107592,603279,323266,988425,33,24
16147,194895,179668,682849,25,8
28475,966940,337461,646789,15,46
100265,959062,612546,857353,12,42
49914,959665,188120,623783,21,45
780090,870163,164862,226106,3,4
12969,995158,51276,999959,47,49
464612,958516,73802,886795,40,24
184612,689199,36665,972124,46,25
422216,691424,862476,954909,4,13
640269,650193,1092,222350,11,0
607830,705447,335543,776562,22,4
486099,506068,66146,822245,37,0
126654,213327,96852,748870,32,4
211634,974551,334111,977613,32,38
233214,345347,16893,432440,20,5
42795,748739,178038,600280,21,35
46487,110630,37204,711355,33,3
128436,994399,48081,159553,5,43
449173,648610,921496,993942,3,9
501123,916213,198420,906475,35,20
614799,762544,635405,804864,8,7
141545,768620,199490,694779,24,31
48006,849495,735666,820093,4,40
320168,837460,248531,966822,35,25
631125,941603,84102,968408,44,15
300843,443219,133128,353918,11,7
42811,729972,194318,451488,12,34
61404,436122,424601,825619,20,18
113033,977906,134391,573181,21,43
260295,680194,422379,967118,27,20
7297,788683,39042,777875,36,39
77,997849,495452,991979,24,49
6575,827377,43588,983673,47,41
342832,640682,154693,519136,18,14
355458,571523,242806,588567,17,10
101692,458283,158360,803714,32,17
706480,871479,73792,805451,36,8
1439,48751,169987,709758,26,2
37188,506112,135772,944148,40,23
617628,935481,253107,280627,1,15
8845,23562,124915,785822,33,0
17270,991866,534714,985283,22,48
50826,246270,29055,894227,43,9
205703,984006,677631,802280,6,38
4418,985329,405351,919568,25,49
131699,953548,94401,660269,28,41
450642,828919,219891,436356,10,18
101786,794461,596295,599902,0,34
74945,692014,108235,524909,20,30
366199,978924,304517,944311,31,30
281703,839021,533936,867485,16,27
188758,959784,841588,909297,3,38
422235,873009,630790,828873,9,22
10818,611517,35028,233845,9,30
186746,331269,17229,874029,42,7
471001,880333,174569,902478,36,20
415696,592415,30806,709703,33,8
22473,993123,17053,886357,43,48
340166,940570,31193,501662,23,30
114864,689273,41459,995532,47,28
244216,777201,95526,546618,22,26
97553,937950,111906,454392,17,42
71128,665296,655595,851032,9,29
52428,311916,517484,942273,21,12
101540,862069,125055,992174,43,38
20267,926011,190912,246306,2,45
547713,861782,265585,777607,25,15
327789,854399,281282,577994,14,26
133534,973709,30020,961297,46,42
122652,473852,271420,935979,33,17
115001,897834,659347,922914,13,39
527430,638927,908177,960815,2,5
282677,805212,462969,797893,16,26
102505,844105,160355,979510,40,37
364099,985004,433107,604964,8,31
360272,993731,253292,710403,22,31
100178,985293,15050,174361,7,44
113910,940116,666235,834285,8,41
255150,749141,397191,970421,28,24
126620,142504,700754,848950,7,0
183078,844569,10268,955720,47,33
22789,903585,60491,302956,12,44
576426,786234,16422,897715,44,10
156630,723106,138976,841747,35,28
390215,462852,82386,437138,17,3
496226,510352,430324,558848,6,0
757103,913202,147324,516332,18,7
217830,629028,577245,621595,2,20
274121,543203,203876,797628,29,13
82605,556576,124078,996384,43,23
113140,223609,37691,897760,43,5
186659,901184,462245,837879,18,35
44224,574405,166349,962534,39,26
697496,947835,188493,655590,23,12
461601,880031,199848,640857,22,20
78009,451011,626845,780786,7,18
597263,739590,220837,318597,4,7
24212,948368,160547,906655,37,46
376490,576404,781337,995126,10,9
432908,642434,338565,350561,0,10
506100,769995,236520,612661,18,13
38463,990834,144726,818996,33,47
99965,281752,159178,752432,29,9
180428,298087,429631,612037,9,5
127794,999173,243260,641007,19,43
65165,399907,48767,268794,11,16
657538,720825,92506,953761,43,3
558766,787195,130432,596019,23,11
382112,536578,218949,663292,22,7
382070,774819,263031,617137,17,19
315234,780660,411067,593769,9,23
179954,316621,60811,945677,44,6
632543,673707,125798,972307,42,2
226312,474427,718968,736021,0,12
629945,700562,638712,721607,4,3
59974,865783,750835,957700,10,40
10209,989050,546422,798747,12,48
829660,950988,808391,832864,1,6
82542,606583,652560,863655,10,26
66463,982536,801598,875115,3,45
177381,459123,174318,211078,1,14
2207,350296,7,999874,49,17
32196,480804,17828,968673,47,22
65934,985649,553782,911453,17,45
12182,984006,391238,412338,1,48
154572,602436,208167,260840,2,22
350350,366951,456383,740964,14,0
23439,210285,51861,625858,28,9
283695,305970,120691,935965,40,1
233273,322629,214216,973885,37,4
28644,866022,436283,541631,5,41
397877,732546,76633,514608,21,16
120756,720251,944064,974578,1,29
273773,919474,252338,811283,27,32
50525,991544,104635,991018,44,47
195370,599476,729451,790801,3,20
72404,568982,869342,870141,0,24
20719,999076,81067,964561,44,48
52823,749028,44165,958856,45,34
454379,695071,139860,507355,18,12
94135,960331,638647,991362,17,43
56040,948792,166203,773723,30,44
1571,198116,36859,917312,44,9
6358,843714,19626,981431,48,41
857,978183,70228,973401,45,48
47110,754725,41762,608005,28,35
497557,876542,109293,661535,27,18
805723,813636,647099,734226,4,0
1766,999729,803151,893265,4,49
181309,407775,41844,960252,45,11
119578,828605,170375,179191,0,35
445103,746953,52879,148339,4,15
95582,852974,74103,966532,44,37
18696,960192,109840,645286,26,47
311217,976844,392540,929466,26,33
170852,915592,30349,590150,27,37
513346,844299,181021,933599,37,16
137006,451974,125469,788291,33,15
74424,692395,253951,900413,32,30
42847,942088,498290,545120,2,44
236543,812135,974683,976005,0,28
651081,727037,532560,746471,10,3
428525,469552,334689,838373,25,2
161298,505371,105993,654378,27,17
653117,825806,263958,325919,3,8
107848,422989,329099,647103,15,15
554433,710374,322026,786926,23,7
714079,877752,303556,838282,26,8
262383,659427,35118,895753,43,19
44062,968333,661663,817939,7,46
31050,981502,329083,897442,28,47
140160,793474,13298,998565,49,32
337006,810226,359903,413383,2,23
83930,276261,192801,592885,20,9
569337,752926,666185,845252,8,9
99811,306047,721340,751624,1,10
627157,770475,6672,642867,31,7
832797,895506,178327,880708,35,3
27401,693121,729333,909682,9,33
298219,414707,915636,927803,0,5
95173,347122,51476,436690,19,12
812440,980544,313267,324544,0,8
848335,928282,439166,978945,26,3
165983,900627,65419,879483,40,36
439539,748783,204584,568184,18,15
150516,803506,178832,768238,29,32
91884,599738,684939,976867,14,25
539472,978174,107487,857949,37,21
47448,677680,143070,978539,41,31
173344,777957,579276,830124,12,30
27403,520483,51007,767359,35,24
296504,320748,169438,838176,33,1
199337,760316,540100,950525,20,28
611789,793593,30560,221917,9,9
179181,932471,137937,847035,35,37
622405,751001,593665,951391,17,6
128740,724124,184231,437864,12,29
416001,957959,98852,771309,33,27
332368,945083,285795,990810,35,30
21325,269073,338874,612268,13,12
155790,990162,78853,376834,14,41
318823,812624,65608,231713,8,24
183844,742876,379361,582627,10,27
3490,956988,255425,551225,14,47
134143,959696,11699,930608,45,41
275072,324045,223134,871248,32,2
100127,642028,57341,99537,2,27
414665,573816,266224,625381,17,7
921652,996901,223447,878137,32,3
1540,962395,23171,509548,24,48
351741,685237,392654,874468,24,16
118515,945048,145116,912492,38,41
96349,346898,59983,787610,36,12
133126,968008,49338,280330,11,41
279925,989328,83623,919080,41,35
65752,923381,71283,887508,40,42
39695,998752,119968,666301,27,47
101785,943983,259454,775202,25,42
789671,896910,38434,121172,4,5
407281,864671,101165,991932,44,22
46488,991267,306249,629499,16,47
841505,927647,220809,352770,6,4
167217,469093,874541,889603,0,15
236360,763884,935,935400,46,26
73905,395439,476647,642185,8,16
167256,554799,317702,977701,33,19
163883,747698,328419,758032,21,29
16246,917826,141177,222665,4,45
122099,384030,695478,964428,13,13
55944,809265,11489,932511,46,37
79879,784951,220270,736261,25,35
230342,730855,353295,529378,8,25
656623,856096,186654,239928,2,9
7256,528488,271831,803815,26,26
35408,965178,116530,593039,23,46
53665,730818,149825,849772,34,33
75552,867444,36898,47470,0,39
42574,822291,40428,483527,22,38
12405,968539,234979,551265,15,47
396029,799406,720878,836365,5,20
53819,840939,97591,200388,5,39
376830,399635,328324,921363,29,1
195032,588487,84398,551791,23,19
120092,247944,352219,913220,28,6
214154,223048,409577,862940,22,0
664562,777230,22234,947534,46,5
59445,458237,168939,987216,40,19
2477,143766,175513,999202,41,7
111432,988478,27982,978090,47,43
241538,474371,451981,996305,27,11
265427,725200,227646,989559,38,22
534543,956439,135510,986589,42,21
1228,904327,286047,322303,1,45
160952,550378,63660,329463,13,19
327321,810168,42043,770794,36,24
99708,319384,204137,793104,29,10
59023,501236,135545,830080,34,22
89594,825004,153746,750470,29,36
368914,951687,428680,845064,20,29
135434,464121,164252,214649,2,16
98185,889583,523370,858038,16,39
69922,491627,16324,255017,11,21
40849,980263,186290,980318,39,46
103286,970590,272326,498874,11,43
144275,633114,476177,517163,2,24
167427,810228,658192,757259,4,32
219470,529683,100470,557042,22,15
11170,547354,587548,853412,13,26
8839,808992,17117,991421,48,40
237580,893244,361061,974009,30,32
412585,852899,674085,774308,5,22
879,892221,11612,974050,48,44
65591,978715,141521,839331,34,45
181598,885782,263607,762548,24,35
100325,853361,270597,345617,3,37
571413,914781,77114,794296,35,17
442868,967726,444401,603482,7,26
21393,922702,125126,675015,27,45
597199,662027,55712,748121,34,3
487379,884359,94591,807310,35,19
33105,532654,66124,955772,44,24
520325,931880,132582,149435,0,20
757727,876966,12870,599834,29,5
365569,562479,71588,997788,46,9
315168,436175,413673,421487,0,6
364047,570700,240820,466244,11,10
161991,847905,197549,926159,36,34
41404,972992,284274,972944,34,46
5076,962213,462302,906083,22,47
201639,902669,2071,972234,48,35
567373,985546,431413,870209,21,20
77326,994144,424244,437866,0,45
92053,419481,146396,954581,40,16
103712,842669,346232,980729,31,36
353745,691316,292094,978675,34,16
934763,958284,67364,450754,19,1
43067,309421,67673,963114,44,13
421958,865972,652852,908791,12,22
169620,843184,555944,909021,17,33
182464,205429,176165,787123,30,1
437244,640757,38867,113725,3,10
517327,786040,915282,937678,1,13
81532,839046,683174,976755,14,37
357455,549511,497485,926078,21,9
90711,732666,54721,962072,45,32
94847,876556,93232,241258,7,39
330531,988542,5132,829899,41,32
112784,790485,168361,950061,39,33
745442,838239,259725,521027,13,4
84596,989296,86284,559733,23,45
22984,985327,69482,272520,10,48
390749,603511,235012,743883,25,10
29349,971854,642466,851976,10,47
445862,585387,149452,925449,38,6
658323,985387,231110,516939,14,16
317394,824437,4112,872581,43,25
18824,391524,170791,898094,36,18
406875,942463,250477,328076,3,26
454460,484031,67955,894656,41,1
300965,786474,598467,752219,7,24
148764,660622,499057,575918,3,25
116676,915137,48000,956765,45,39
488414,759082,397242,654041,12,13
396772,993027,34659,953845,45,29
6162,969700,205764,510204,15,48
820367,948358,66187,451190,19,6
21026,875570,21301,286962,13,42
54919,125804,608639,883307,13,3
35065,996260,556473,671426,5,48
119830,990916,173318,946658,38,43
78467,479137,345169,699655,17,20
337057,907273,36613,935219,44,28
876728,962387,470423,854021,19,4
234564,842925,200710,570156,18,30
192819,760737,175580,909995,36,28
67679,383216,260023,492312,11,15
109870,593694,87415,963998,43,24
6082,998819,12018,379584,18,49
5660,73759,48482,981091,46,3
372352,666583,241220,978141,36,14
356154,829223,486562,956436,23,23
338158,387839,301174,972989,33,2
25780,691345,25719,841723,40,33
266835,551981,19210,978142,47,14
128470,725508,376583,546226,8,29
191477,964575,52575,881937,41,38
8338,895999,67100,400803,16,44
110038,931149,17538,59135,2,41
1803,913351,342822,529741,9,45
168263,952633,240693,750673,25,39
499606,947237,41289,683017,32,22
85479,834813,740309,971362,11,37
38140,900888,246656,439813,9,43
45442,996142,62001,998008,46,47
238222,709727,487651,841887,17,23
238730,349635,114334,868037,37,5
189732,528243,77019,922096,42,16
38362,978100,192435,366086,8,46
53294,863586,111604,702987,29,40
293007,950271,147292,416193,13,32
268844,877975,687340,949315,13,30
159774,850395,3777,204676,10,34
37978,995727,615308,710837,4,47
19784,995241,305613,498038,9,48
94613,661259,296552,988371,34,28
43084,937238,599786,970220,18,44
294327,400872,284066,721686,21,5
146586,911770,5469,795786,39,38
298520,708121,785912,817851,1,20
59692,944941,697766,881559,9,44
118326,966581,90214,750295,33,42
60800,934513,59503,902459,42,43
309875,856640,238334,347841,5,27
34277,166571,237550,350861,5,6
254881,299954,27168,779495,37,2
17528,975743,11806,994734,49,47
181699,839831,117703,967303,42,32
349947,788983,189354,248304,2,21
61352,727262,378499,605999,11,33
959782,968195,358557,750689,19,0
47567,541453,352813,873778,26,24
82516,859407,18001,636507,30,38
589451,865044,235778,547602,15,13
22704,482513,634171,979016,17,22
281641,527258,424083,730833,15,12
25369,900178,188463,341390,7,43
89743,926618,61356,583932,26,41
104846,977370,108310,935102,41,43
26947,796723,353298,354881,0,38
254938,903441,246949,740019,24,32
299362,930495,604758,606530,0,31
429091,537800,142005,172244,1,5
597622,924738,20203,584482,28,16
250780,899773,508283,974656,23,32
319945,717386,115025,503336,19,19
177732,993429,386526,696373,15,40
104900,307830,435598,895645,23,10
297775,544834,291973,325112,1,12
567001,715875,634310,853048,10,7
664149,809123,312542,892617,29,7
258898,980421,205507,609525,20,36
66039,992241,39347,657379,30,46
39243,957699,194244,909749,35,45
168901,864416,115074,959752,42,34
799491,912451,7706,865984,42,5
50983,831815,468033,907783,21,39
211145,892874,484114,620364,6,34
610189,765889,794559,861139,3,7
419043,830496,96519,928991,41,20
730891,878856,144551,203478,2,7
51298,493041,220844,291547,3,22
588403,985412,14450,929089,45,19
26152,886957,241010,877229,31,43
249705,302035,195065,464081,13,2
532126,930748,178959,877539,34,19
1276,924026,414583,775267,18,46
20543,990322,209741,860850,32,48
782896,968459,179470,996309,40,9
419751,721857,77924,938946,43,15
102973,944775,448830,657880,10,42
36086,588372,294722,813947,25,27
84580,451767,89808,948526,42,18
222623,799711,341444,857302,25,28
11079,995296,10899,14649,0,49
529795,578318,490997,887879,19,2
384191,469922,73893,218997,7,4
306271,634581,94907,400012,15,16
109019,977734,3887,995702,49,43
61654,955790,62522,550739,24,44
370880,883631,205240,222379,0,25
220279,891220,157677,591746,21,33
215048,655876,429277,711179,14,22
273724,804780,243174,949603,35,26
67683,683263,76846,935993,42,30
154909,776070,31121,191084,7,31
60534,505648,142993,969806,41,22
226692,935716,165048,802677,31,35
336150,993579,298543,979308,34,32
48059,926288,160997,958953,39,43
182263,984792,180804,971442,39,40
59909,78552,61204,921670,43,0
86835,939733,240041,859061,30,42
407554,753953,248467,603324,17,17
100803,851004,223248,586381,18,37
37099,786158,2237,984705,49,37
141585,742881,609013,736676,6,30
370401,801434,70537,635885,28,21
624586,714233,209619,741113,26,4
562202,987879,331540,672904,17,21
219658,884874,64304,997500,46,33
225203,978621,468176,595993,6,37
56401,883662,258492,353528,4,41
581153,844539,62075,801440,36,13
7250,768734,393113,500160,5,38
539281,855676,94823,149701,2,15
155000,963675,10212,370998,18,40
50008,490472,316154,824754,25,22
320467,375540,88939,651293,28,2
116149,858738,39616,824684,39,37
507734,880305,34149,662935,31,18
305999,750199,42846,749639,35,22
138254,808896,65693,925516,42,33
9977,996214,72131,806686,36,49
74515,945968,536975,995700,22,43
14921,992900,444904,881860,21,48
43446,894817,219,725229,36,42
412900,631552,206642,384389,8,10
167839,606168,2434,999826,49,21
690880,882278,225040,265014,1,9
203264,608775,629530,992460,18,20
177046,876242,64749,558143,24,34
25616,977675,34673,410666,18,47
102986,701488,411766,459231,2,29
310041,975454,276342,669528,19,33
40259,820649,127204,897129,38,39
156715,838933,19276,912726,44,34
278999,940457,168189,427796,12,33
273086,586286,104084,277716,8,15
358195,844945,355509,775949,21,24
536187,831475,53991,279457,11,14
680199,862717,381559,882681,25,9
134356,999259,165906,204935,1,43
383846,425744,900258,993967,4,2
544461,742519,24696,943444,45,9
627433,858693,400228,627308,11,11
719065,768079,185981,972301,39,2
3065,965940,606998,686770,3,48
177175,389247,810390,903229,4,10
402477,565462,58062,960275,45,8
167163,643619,39970,447852,20,23
92542,960657,61044,130911,3,43
399999,535437,44243,983394,46,6
56101,907191,87772,924789,41,42
663029,798977,44638,571096,26,6
449304,818323,103532,145950,2,18
426812,713751,104254,219822,5,14
275461,545895,552200,896210,17,13
149557,670944,532433,614032,4,26
226935,862338,104329,815021,35,31
530319,676682,150433,339562,9,7
505689,610880,76263,538391,23,5
13485,987425,655681,669231,0,48
367098,871406,7377,571970,28,25
21860,954052,24133,787839,38,46
737787,744515,147281,499000,17,0
20718,968281,10223,749675,36,47
328616,790827,375408,502297,6,23
41167,209122,249978,508372,12,8
175930,745418,438957,795480,17,28
318411,987406,179899,208336,1,33
84110,802193,12595,948679,46,35
234004,856108,325989,981498,32,31
135479,955470,11074,845663,41,40
29072,809612,206936,681528,23,39
218365,967344,307244,846347,26,37
54261,200490,11227,997697,49,7
102256,996926,75095,313654,11,44
2681,938899,196059,681966,24,46
468745,743277,106850,933571,41,13
377306,509210,206425,454978,12,6
424435,855293,334605,983610,32,21
69104,463301,410642,585163,8,19
116408,897105,17193,949167,46,39
38448,610918,190276,978904,39,28
99165,968986,12130,945680,46,43
331953,994180,266966,885873,30,33
771042,860392,106055,479149,18,4
607512,773958,133234,159062,1,8
162526,222641,148254,575268,21,3
737973,758804,49800,820177,38,1
206036,749402,21267,964445,47,27
167089,965142,474719,728877,12,39
232350,797414,43443,901955,42,28
425358,972179,837011,840316,0,27
598149,922136,336060,693075,17,16
438872,951906,236248,932813,34,25
330191,658768,171012,439769,13,16
162430,547592,489554,628306,6,19
392046,938453,498927,953246,22,27
263465,606941,321858,748779,21,17
186476,378810,211433,986943,38,9
1287,999801,281642,854014,28,49
29956,982594,455888,920422,23,47
544545,630903,181467,919388,36,4
55348,976810,87899,619303,26,46
231784,971512,416093,693382,13,36
444297,998720,233645,511249,13,27
96792,818310,351594,380261,1,36
18515,754127,168261,849340,34,36
77428,383744,24612,996039,48,15
2503,957947,568019,679863,5,47
94699,742379,266796,509006,12,32
324754,744982,34679,765329,36,21
9417,854550,90191,219854,6,42
89694,806380,52086,669714,30,35
244035,855413,231422,728220,24,30
51396,478611,75027,157381,4,21
38447,622022,498328,609556,5,29
312646,580783,335561,857826,26,13
326794,931209,55759,257748,10,30
319147,796391,33002,587078,27,23
520710,605756,347118,669721,16,4
44867,404695,634404,867163,11,17
43370,888139,81291,835855,37,42
228093,494626,736938,851409,5,13
454859,875497,125167,918276,39,21
4097,741904,191849,263035,3,36
177531,313710,223711,448018,11,6
31916,642895,21292,987060,48,30
142601,384733,199247,718113,25,12
125570,898211,25490,200337,8,38
168837,978367,33890,771011,36,40
13994,993309,126492,958333,41,48
225572,276713,176369,987669,40,2
90549,176909,556811,902221,17,4
510,999766,660303,901347,12,49
314193,373793,1258,979097,48,2
169130,918107,259821,772812,25,37
111672,776102,75316,797181,36,33
86573,982351,94157,495317,20,44
685023,985349,756521,869383,5,15
239779,547913,29901,959287,46,15
289920,991634,56008,822633,38,35
508360,871331,186259,900498,35,18
261915,881716,643844,762843,5,30
360169,921840,116930,864519,37,28
560243,623591,24723,207637,9,3
519835,726243,9410,977958,48,10
414729,448317,169614,618104,22,1
142477,663505,100544,729560,31,26
271481,464341,193342,557458,18,9
224626,385429,227432,943265,35,8
77136,961497,7332,956861,47,44
623737,854768,11931,749668,36,11
366537,910137,573518,727264,7,27
105212,689077,61662,844076,39,29
19172,780437,144291,954664,40,38
91782,214873,297745,494014,9,6
62694,896865,24387,283709,12,41
22621,999036,569051,701478,6,48
80848,756602,54812,761251,35,33
41254,861317,321750,864070,27,41
296903,925041,120041,929256,40,31
249715,431493,4875,972248,48,9
478290,644358,59551,907598,42,8
449501,864941,36825,834464,39,20
56793,992068,275894,603934,16,46
288957,880339,624150,780118,7,29
1148,336992,132886,592607,22,16
225898,344748,97862,979523,44,5
145710,910731,577423,959643,19,38
12213,829029,5493,555402,27,40
3253,936168,837543,910422,3,46
16649,92345,12221,995419,49,3
676624,989084,4377,488749,24,15
162797,968116,317562,552796,11,40
231734,860933,122600,819933,34,31
608344,907232,316055,446456,6,14
181489,822450,99438,971421,43,32
368082,685427,119790,928243,40,15
478956,705392,36603,378769,17,11
61995,124154,94219,974907,44,3
50308,810296,239118,973265,36,37
10296,963826,25559,800685,38,47
201456,360367,10408,900647,44,7
57479,97051,390956,793518,20,1
344750,853842,19567,749507,36,25
187370,310175,104566,980737,43,6
295505,985919,918983,959879,2,34
303761,327801,341010,887954,27,1
303418,638442,338020,919254,29,16
555212,946226,524157,844067,15,19
398143,741906,137321,968032,41,17
79500,708446,59207,970622,45,31
402606,985716,99932,917574,40,29
104293,974460,121140,832366,35,43
69605,750678,94497,693554,29,34
517176,637633,790532,878995,4,6
336209,690107,53866,980130,46,17
29107,997458,11959,680984,33,48
161987,921593,827525,988872,8,37
403962,849677,342296,488765,7,22
656791,692385,118773,865619,37,1
591629,932473,161997,644598,24,17
19745,241400,482811,726164,12,11
13530,577944,41160,849844,40,28
481665,904998,639980,912985,13,21
763978,803731,595171,646967,2,1
605519,794537,127384,415223,14,9
59037,762156,826292,960863,6,35
154532,356890,273910,799739,26,10
362743,597977,469046,607606,6,11
36955,900435,62437,147144,4,43
11599,303990,31479,949133,45,14
117752,963865,165913,698653,26,42
237744,951815,619025,828165,10,35
385798,424163,601579,863785,13,1
21241,875226,190,573344,28,42
24082,747851,241521,243803,0,36
356091,919613,20398,985716,48,28
545166,687445,131314,883271,37,7
53258,332820,2417,977575,48,13
618149,933264,104295,261437,7,15
398354,911294,379076,979459,30,25
507724,893895,215519,938519,36,19
98537,968186,666548,878855,10,43
95958,127262,225242,718628,24,1
215341,801960,799113,889336,4,29
408721,909746,418090,685428,13,25
15355,795431,570497,986425,20,39
343344,640483,210600,837133,31,14
77218,883623,882806,896999,0,40
203759,454112,84460,672496,29,12
75106,903610,35979,899088,43,41
456294,598963,32507,943657,45,7
335257,483755,414185,842589,21,7
582293,591875,161437,799237,31,0
104119,649498,198219,968875,38,27
98871,198031,26078,601549,28,4
93103,101574,423786,910206,24,0
498474,802993,78446,403972,16,15
258150,728709,279697,989518,35,23
645225,809638,50813,246946,9,8
739921,901847,76958,683132,30,8
125417,921553,254869,278750,1,39
41577,980613,2581,553335,27,46
23819,986566,213276,938577,36,48
139810,568573,4983,920800,45,21
63453,111275,110120,658680,27,2
210544,828928,169029,999129,41,30
4808,964641,63208,940555,43,47
337003,355151,156894,564593,20,0
93642,975319,154589,835340,34,44
214558,936587,20115,992184,48,36
403972,954593,137230,998339,43,27
221696,972421,10538,872537,43,37
73368,260632,134995,226014,4,9
153595,571040,40585,893248,42,20
71906,365895,97644,632520,26,14
829268,862420,50755,979982,46,1
290848,316550,1385,991675,49,1
544092,668689,342212,887647,27,6
181309,979171,8574,986234,48,39
462112,920709,144929,875798,36,22
389306,621051,21427,901226,43,11
571389,714194,350790,738918,19,7
99045,904174,150922,215955,3,40
435528,827341,179707,719688,26,19
158784,958764,236094,875715,31,39
20828,993677,73100,244482,8,48
14386,995668,244819,277741,1,49
519680,524167,25674,965661,46,0
473301,961562,4160,985493,49,24
622613,784331,59912,928306,43,8
150601,533167,542320,545145,0,19
