24801,598206,570940,633539,3,28
423634,676028,67726,844647,38,12
151062,927548,34022,743466,35,38
307086,880256,83708,797264,35,28
648165,995364,63182,882238,40,17
109345,803346,374811,707167,16,34
273412,589308,38869,855121,40,15
115614,235325,247219,752840,25,5
417318,500592,82644,354481,13,4
14727,441320,205278,680937,23,21
838042,922739,178601,998550,40,4
346092,834563,21063,979989,47,24
402280,495088,296594,321250,1,4
136978,740799,8705,967346,47,30
145500,973345,657745,694148,1,41
98457,860382,733478,861134,6,38
149609,930717,11565,118759,5,39
120327,535910,52484,845058,39,20
617883,967846,596405,879879,14,17
26615,836102,240642,411544,8,40
378806,861702,266657,551914,14,24
48398,688132,32557,990919,47,31
211646,607944,104979,612339,25,19
30688,909930,227210,940145,35,43
380416,555728,139889,909786,38,8
44649,999043,280563,999144,35,47
143901,465486,39922,902146,43,16
378679,733833,233815,765964,26,17
71485,232167,644946,688418,2,8
151149,760425,641897,975785,16,30
19976,586980,321656,897621,28,28
142529,693534,171049,953983,39,27
28443,827602,142069,220632,3,39
639855,886582,432272,966591,26,12
164084,918671,307601,605225,14,37
197916,887492,99099,919946,41,34
97333,805119,86622,829092,37,35
237146,376158,15474,203865,9,6
428142,627492,93905,232667,6,9
303127,929286,814526,817579,0,31
293178,710018,510970,784174,13,20
53253,975763,36893,835785,39,46
60977,994203,230110,327347,4,46
407710,865661,59610,974126,45,22
162368,900328,369,995102,49,36
195674,765670,98635,374769,13,28
238514,500854,122467,308510,9,13
63150,752147,28051,967820,46,34
54069,468762,39225,429237,19,20
360380,527380,133830,865231,36,8
81607,614024,60647,933736,43,26
84713,744064,155613,230329,3,32
143267,992165,108744,298690,9,42
200845,896527,417419,913621,24,34
212269,839225,127861,951838,41,31
481321,871974,75452,146585,3,19
66299,335108,344972,660128,15,13
156996,476104,142236,942926,40,15
273128,303013,122119,329734,10,1
257157,802669,36621,959143,46,27
250191,915431,34835,452322,20,33
311599,704405,205002,842705,31,19
309493,899561,241927,823605,29,29
28169,582857,117404,818978,35,27
243631,907940,414629,773926,17,33
532165,739343,52606,704083,32,10
214456,381256,71523,924574,42,8
108676,589068,358472,852730,24,24
739222,986171,53880,959251,45,12
194701,997294,347897,942218,29,40
688965,823718,10364,989050,48,6
579249,885699,298295,829153,26,15
355240,409225,91012,919540,41,2
221348,543565,377174,860143,24,16
264624,271777,327955,815026,24,0
201003,876310,511255,658054,7,33
32907,660068,43277,435890,19,31
201764,689670,247418,753502,25,24
433059,901341,393481,910912,25,23
96953,496884,311365,430368,5,19
473012,599506,210070,657231,22,6
143707,921127,607220,850890,12,38
208236,320734,395422,688353,14,5
15574,541795,222578,723465,25,26
129972,264492,23309,982967,47,6
53822,944373,4122,980760,48,44
119836,636741,701,924559,46,25
118412,977076,25106,887944,43,42
234638,917852,725272,805587,4,34
63716,981288,808730,921730,5,45
783370,834745,41161,879150,41,2
121130,983494,130436,986334,42,43
48503,999954,172757,578965,20,47
81257,251679,74023,935957,43,8
16392,998633,58765,684237,31,49
108427,796545,604383,906125,15,34
753103,834018,37192,985764,47,4
1338,956284,414039,887405,23,47
525456,962277,111748,803425,34,21
283865,407584,120549,762998,32,6
50760,239457,218277,707879,24,9
597364,961168,52783,899846,42,18
414797,765696,30708,954909,46,17
499551,589189,245451,458666,10,4
69720,537369,317145,522822,10,23
24,999585,598523,671227,3,49
246550,749999,132326,437039,15,25
24918,875955,341071,541783,10,42
244137,288194,99399,922797,41,2
338971,394529,337785,891066,27,2
192047,925063,102959,947689,42,36
499383,627055,285587,418692,6,6
291088,675301,614291,844587,11,19
71192,870690,64662,863339,39,39
353784,941833,841157,858796,0,29
163636,269578,556393,981782,21,5
83,999260,442019,916798,23,49
11526,906456,932558,974486,2,44
77448,922907,101420,997502,44,42
49700,993058,713490,992853,13,47
293133,718426,119055,583207,23,21
9535,798657,95178,900493,40,39
58017,945760,400604,854207,22,44
418387,765343,41359,912135,43,17
90999,806841,753763,852232,4,35
555,968101,260061,831788,28,48
344894,864786,240985,804921,28,25
203797,913512,150450,992198,42,35
101819,916418,861111,908179,2,40
52815,920063,75670,780741,35,43
26307,400457,65661,981570,45,18
12298,788788,138451,986186,42,38
26102,963385,502546,717325,10,46
258506,452385,47003,794992,37,9
379137,630978,178805,387595,10,12
166834,495601,192562,354544,8,16
80126,911610,363727,979783,30,41
173256,643739,431700,447149,0,23
12939,964192,51415,610610,27,47
211955,727568,182747,671382,24,25
153745,715482,212248,968570,37,28
161137,722529,176853,880863,35,28
1006,979517,201555,898666,34,48
247684,925536,109388,168852,2,33
512627,753765,92317,976539,44,12
637114,748628,363078,579457,10,5
173107,905536,33756,997159,48,36
69253,693403,492468,779502,14,31
151942,978948,292253,665703,18,41
175439,712964,360370,497115,6,26
181664,245594,31641,850320,40,3
521495,857558,220898,981286,38,16
51196,781342,307637,942000,31,36
686801,914680,46824,945364,44,11
498985,692893,6169,999654,49,9
331321,421099,224036,971523,37,4
57494,902853,52406,946456,44,42
328715,724262,380984,991355,30,19
29442,668317,139300,665875,26,31
104165,156746,108352,651925,27,2
578211,898537,20362,695804,33,16
143287,779823,335612,917729,29,31
51043,622497,61987,816120,37,28
898955,992466,74997,837883,38,4
516865,857411,389947,873033,24,17
637599,966331,396833,974593,28,16
50522,316748,52215,970662,45,13
354688,902997,271661,750705,23,27
24519,993481,219787,549162,16,48
204917,802545,30028,126281,4,29
454211,866408,571898,698753,6,20
135487,249992,110974,560344,22,5
66823,804212,188204,386052,9,36
256140,526885,167991,808770,32,13
244894,858801,512790,857707,17,30
457727,746673,16293,849959,41,14
271507,758059,437109,986995,27,24
82221,861285,73038,902780,41,38
471992,937346,96423,986514,44,23
56946,753055,209098,366245,7,34
130776,737793,83856,641776,27,30
175744,590721,95139,741254,32,20
10269,779013,769114,979057,10,38
9030,943430,231967,619365,19,46
399314,664787,16155,98528,4,13
245229,753821,21193,70699,2,25
49652,832178,42445,164177,6,39
297904,658960,12763,344236,16,18
183891,411051,523885,564149,2,11
70551,969750,502983,877335,18,44
16011,846604,93603,968996,43,41
88348,692180,356307,600637,12,30
506537,769216,7369,824820,40,13
344092,867091,37279,994278,47,26
768901,968714,465129,669242,10,9
252957,945980,301079,924898,31,34
530651,760134,468736,952215,24,11
61108,727647,357923,724744,18,33
717573,910369,128731,398984,13,9
600918,612977,439836,475304,1,0
42851,475704,39539,355271,15,21
54499,752715,733376,930707,9,34
78364,847512,452455,794635,17,38
375227,407592,38552,952565,45,1
330356,819112,749347,857383,5,24
403393,787047,37984,955766,45,19
163755,725502,478490,849154,18,28
359241,660606,482023,591675,5,15
416712,484362,174775,538005,18,3
582228,841328,600633,891037,14,12
36361,827124,462719,750692,14,39
179604,277595,603503,788711,9,4
27278,667344,25137,958916,46,32
821385,830155,812458,884708,3,0
409358,699142,264791,839348,28,14
164908,400123,648459,706554,2,11
319980,589649,430382,605035,8,13
294129,616163,33361,634337,30,16
585520,621541,238731,866594,31,1
14024,961350,191858,631265,21,47
311735,901548,52303,866905,40,29
113974,833447,424964,995180,28,35
449461,662568,160270,314936,7,10
328745,801617,179150,858389,33,23
224731,894289,26942,538491,25,33
5361,757352,611662,952989,17,37
523405,769729,136234,792694,32,12
204125,827787,571711,894948,16,31
547322,804498,401686,572248,8,12
10864,621872,131655,910057,38,30
7728,855259,98850,998993,45,42
75672,752598,135617,506600,18,33
161182,983550,103653,678684,28,41
333484,779827,9867,794847,39,22
334996,877935,81273,469616,19,27
149654,226300,161293,192337,1,3
49517,684128,162613,612416,22,31
139268,213572,993942,994426,0,3
814270,881721,34855,661072,31,3
716934,916773,311092,865979,27,9
58567,766929,595438,599607,0,35
203035,911934,168462,306772,6,35
104554,651064,231789,880403,32,27
563404,841508,211139,662920,22,13
282850,366092,76886,915422,41,4
359027,592535,45191,505797,23,11
86931,949617,512635,827508,15,43
38554,297365,194228,307904,5,12
475889,799645,283891,999454,35,16
99037,573415,65438,313475,12,23
22632,824197,399572,996559,29,40
495930,604926,48764,638626,29,5
411305,703478,231484,554801,16,14
221085,709763,110989,638528,26,24
805154,883924,828266,960121,6,3
416148,949709,569127,672822,5,26
108371,261509,448014,871016,21,7
360606,843627,87634,351099,13,24
483683,805458,194173,434616,12,16
293544,978682,53052,794412,37,34
65756,730510,79653,905145,41,33
533837,551037,552303,992832,22,0
13725,760249,361363,970251,30,37
80965,331306,157466,611360,22,12
137770,766053,333123,750845,20,31
314446,452970,318419,706209,19,6
782192,832310,121888,178798,2,2
66267,964572,2289,730286,36,44
4083,848025,117286,515871,19,42
21271,987659,195029,390780,9,48
285819,390529,31216,828834,39,5
102276,404944,609170,675520,3,15
19240,917325,248652,720048,23,44
62459,814138,80703,467288,19,37
120666,651107,314085,319299,0,26
64156,990649,14768,979394,48,46
174414,680793,178851,889000,35,25
448,937169,405540,684736,13,46
3762,994361,291414,983615,34,49
217242,935202,555826,807580,12,35
386646,902207,255559,558743,15,25
88725,817444,279156,458787,8,36
202860,786488,436048,439557,0,29
264296,762939,701949,861283,7,24
49666,594077,286198,902598,30,27
211254,712695,11280,948585,46,25
121270,755865,169827,877399,35,31
76309,619653,523371,756835,11,27
72161,979632,234421,946242,35,45
51580,940353,22210,950585,46,44
186208,685584,336081,909435,28,24
193804,830398,738991,882152,7,31
66622,789243,225087,432836,10,36
568710,883802,108382,997759,44,15
43490,976207,80216,399448,15,46
479018,613020,328276,974455,32,6
346414,467386,106084,802158,34,6
179120,639340,139894,998640,42,23
119234,965004,244569,363313,5,42
431,717476,150203,568401,20,35
307931,985405,469271,821717,17,33
109096,193190,46460,486172,21,4
9960,996612,388141,689933,15,49
178784,493963,361966,560078,9,15
171576,331641,440812,811707,18,8
655711,886374,70805,837889,38,11
66300,931838,74252,927954,42,43
371275,797909,38923,774657,36,21
4624,988123,15668,993668,48,49
58655,412971,368492,756916,19,17
1995,803978,32087,999701,48,40
65147,331593,350971,812560,23,13
115491,303032,340034,420831,4,9
560557,784639,4718,893536,44,11
144562,938099,32288,93756,3,39
9807,991568,80269,853744,38,49
42221,591919,17012,540202,26,27
409718,560497,116326,763760,32,7
6590,984430,7035,961397,47,48
123253,796558,268745,848207,28,33
329880,956849,3701,919886,45,31
36836,906875,181572,992718,40,43
497946,562934,49725,693754,32,3
24975,871991,284016,376796,4,42
366249,503519,315262,995185,33,6
64647,671706,85951,831674,37,30
167859,977126,145298,951664,40,40
41413,569611,293,517271,25,26
223625,484708,71365,832457,38,13
138635,908005,60611,216191,7,38
651063,968291,403224,928241,26,15
2088,989496,24061,771903,37,49
58153,903584,195991,795205,29,42
149366,433706,247315,970319,36,14
394126,558122,213797,792723,28,8
220359,694650,6008,975017,48,23
196695,969059,509247,782494,13,38
115665,710471,261550,964958,35,29
53006,949866,267938,893317,31,44
759403,938760,501105,805898,15,8
113517,993603,248795,915983,33,44
113952,453177,91109,974231,44,16
33824,847801,239552,420563,9,40
443206,581490,303714,807128,25,6
80938,641000,244402,612800,18,28
75044,923002,436183,781475,17,42
220221,737214,73467,345617,13,25
156251,820568,437055,989401,27,33
79091,974441,450421,949307,24,44
188173,416016,97949,417821,15,11
77191,980245,249740,474500,11,45
471652,918413,231609,321844,4,22
19540,830467,19364,891467,43,40
577341,981567,146291,937241,39,20
305389,999561,446687,955160,25,34
354555,887506,211276,509559,14,26
129119,700124,778899,897582,5,28
218944,445374,341875,901527,27,11
402354,824631,528532,962319,21,21
11514,968952,146644,997945,42,47
457962,983867,393660,699843,15,26
14211,943384,24688,951507,46,46
27825,930681,137844,967650,41,45
398073,677787,407054,760905,17,13
144414,507708,375985,971322,29,18
645246,876907,75425,997876,46,11
161830,184536,369803,571830,10,1
171194,702659,143711,994522,42,26
318834,780830,210982,793728,29,23
175235,380079,104082,512495,20,10
280064,445895,78293,920580,42,8
93125,654590,389812,878917,24,28
503753,533833,948136,978073,1,1
128216,190854,145196,946561,40,3
71064,750675,152946,496669,17,33
34334,553054,151,923297,46,25
54003,800923,200510,223389,1,37
179402,662064,238893,841095,30,24
733486,743324,850759,855517,0,0
204440,798241,194053,958275,38,29
1758,851322,386569,633708,12,42
1447,976800,26250,931029,45,48
228371,840678,339916,563632,11,30
101977,839541,91660,995173,45,36
396283,927336,791082,955938,8,26
644114,669054,46790,364844,15,1
487900,614047,285502,823486,26,6
213851,682931,116220,185723,3,23
289288,745876,985,985717,49,22
139375,793922,60327,985807,46,32
282753,775614,124228,419263,14,24
257476,993953,22955,894738,43,36
36283,705364,38493,511160,23,33
451520,697627,51967,915823,43,12
353091,741436,237075,688224,22,19
579025,903893,703113,730210,1,16
240684,803324,176678,402852,11,28
301445,774418,24676,830118,40,23
342098,989029,257987,589698,16,32
32360,688700,181182,772629,29,32
103931,768931,6454,996314,49,33
112134,473682,295953,425084,6,18
247262,452793,359060,857754,24,10
282779,863249,315655,569959,12,29
33393,650697,191445,954548,38,30
800959,898133,86463,899004,40,4
89801,187972,680519,787955,5,4
342475,898726,435687,728542,14,27
217452,900922,737,900840,45,34
568253,585920,832121,922484,4,0
82482,633211,262514,879400,30,27
232593,443586,112896,310383,9,10
66162,396351,51397,952545,45,16
53701,994748,9803,976096,48,47
24950,993520,215553,743837,26,48
18132,992236,1683,999269,49,48
8750,991052,205212,956324,37,49
9223,26335,182990,886039,35,0
141469,676175,670395,962172,14,26
151046,713894,37035,865469,41,28
298191,415962,644004,893527,12,5
597599,987220,63184,376687,15,19
301981,733618,36252,826857,39,21
81652,561310,126559,767853,32,23
54614,822631,41415,955097,45,38
383274,976217,39359,812761,38,29
90437,932624,400981,895219,24,42
969179,983144,802348,966717,8,0
281056,309851,322204,334417,0,1
315600,895953,78910,609291,26,29
100129,914670,97732,879313,39,40
41961,845287,892718,914191,1,40
33749,688233,229928,602997,18,32
232153,573215,286522,712978,21,17
218062,600051,132377,485454,17,19
36151,982951,25111,557146,26,47
55631,988122,34872,984066,47,46
165496,847285,648664,967421,15,34
558465,806046,281194,439180,7,12
63259,827458,2353,979899,48,38
13791,965063,100825,559146,22,47
192138,999631,338501,871623,26,40
211753,733451,84316,639834,27,26
21286,742959,25197,634315,30,36
201759,386815,131079,745806,30,9
282778,487722,211416,766136,27,10
140803,998578,460051,832564,18,42
27296,725375,43623,853938,40,34
465930,884832,6271,970162,48,20
208740,957529,918150,963796,2,37
242385,563923,516086,669799,7,16
154599,956113,1605,999533,49,40
653605,666996,15792,972090,47,0
28676,953805,394175,489476,4,46
142683,963076,119455,987373,43,41
717061,766826,549747,835470,14,2
55368,891628,506167,715204,10,41
48866,989292,25145,994545,48,47
540011,681667,71784,743091,33,7
413544,605242,210286,916421,35,9
788413,799067,273988,975796,35,0
764586,965933,522598,769544,12,10
119201,817899,160078,194586,1,34
56441,982472,435602,487015,2,46
561506,664853,115632,836037,36,5
163787,574880,261038,804796,27,20
708666,823628,85593,908010,41,5
306909,546603,298399,871454,28,11
727853,797303,11609,649545,31,3
361137,833216,32797,654415,31,23
453052,568585,482561,556458,3,5
9641,879895,216321,834252,30,43
487240,986742,140606,951756,40,24
334241,703876,526757,780300,12,18
5981,948498,93741,802143,35,47
841169,886246,167020,902689,36,2
25391,934701,90157,782202,34,45
174871,874892,714916,864131,7,35
63975,733395,27278,731774,35,33
43359,997177,131167,336990,10,47
233624,874822,496339,910809,20,32
610261,711628,120252,870546,37,5
561392,912109,109828,120551,0,17
418365,537233,269857,946769,33,5
410282,905271,587,999343,49,24
548922,931310,29170,744781,35,19
612250,616924,251984,645651,19,0
212673,875651,88165,283470,9,33
173487,457761,379992,733818,17,14
76535,857627,249297,345647,4,39
24067,552996,20306,723030,35,26
807281,832330,502871,846071,17,1
265790,955972,528566,801426,13,34
618473,991302,215419,453975,11,18
596,998135,395,949729,47,49
81836,526992,143512,885603,37,22
206302,974621,399554,691704,14,38
3902,979733,44567,978501,46,48
361528,648886,284562,458859,8,14
744101,804149,174042,397147,11,3
344323,639230,14476,633023,30,14
219214,757048,613656,964664,17,26
715147,925620,281558,852373,28,10
234010,950218,725659,922677,9,35
133760,682650,14588,922343,45,27
13538,857238,128930,519582,19,42
209656,941079,187092,771535,29,36
111897,333117,1898,931178,46,11
635223,923285,281292,738855,22,14
396076,866783,45637,939616,44,23
313329,963100,83558,945356,43,32
176717,770200,47207,286727,11,29
345460,996534,501809,678497,8,32
69574,589072,734970,867851,6,25
533,128381,19368,858609,41,6
2018,957726,436033,753188,15,47
567673,852586,592767,714644,6,14
275182,776249,241919,272551,1,25
104989,936871,187839,876743,34,41
131775,716297,403071,910651,25,29
299833,658805,400963,592164,9,17
93016,980419,10665,974357,48,44
7165,953628,35000,885054,42,47
448494,469731,25752,799126,38,1
512971,920724,710780,732738,1,20
458382,796640,22448,971891,47,16
76379,276702,806611,956110,7,10
96935,375921,199125,968455,38,13
707905,868480,340281,878339,26,8
24898,994037,44483,943565,44,48
374074,502788,511158,564744,2,6
209894,924215,39080,886255,42,35
86279,492510,454866,888132,21,20
82662,916999,559710,702951,7,41
609797,856661,105524,718388,30,12
713930,954974,652216,664573,0,12
75010,664602,191028,359511,8,29
281958,609653,63588,996693,46,16
137448,148726,97993,687256,29,0
508370,823030,714751,798413,4,15
52753,875873,180603,777931,29,41
51337,836422,4202,986977,49,39
236888,916809,248607,297980,2,33
38761,994569,39351,73456,1,47
326428,579935,247417,933369,34,12
125412,753953,527388,952785,21,31
186917,347972,270620,850518,28,8
66096,355085,51095,611321,28,14
8560,948115,242201,874668,31,46
830943,913025,524540,819442,14,4
197692,666468,105987,952275,42,23
137768,347365,113817,980490,43,10
44392,413863,174548,995859,41,18
227929,292797,114191,524164,20,3
686004,999133,362998,711317,17,15
59071,485462,478965,772139,14,21
94968,688935,149340,710391,28,29
647528,677368,637263,786994,7,1
6766,998470,162579,734604,28,49
78410,933261,26267,954345,46,42
407207,513607,55063,553866,24,5
323734,427291,280541,710382,21,5
493466,770577,316029,565244,12,13
590470,832014,390978,672483,14,12
767582,956108,93013,631925,26,9
373140,784684,462375,669683,10,20
273910,933259,230331,608592,18,32
258675,855036,726897,995890,13,29
10613,205369,455193,679630,11,9
465328,835917,80268,473007,19,18
323270,934787,10240,997308,49,30
41560,800689,103770,374411,13,37
133657,956430,1155,550426,27,41
205756,563595,193427,706181,25,17
22495,401650,22156,328798,15,18
123464,988092,44389,508926,23,43
262822,443126,7857,140307,6,9
624147,823198,572259,815794,12,9
1083,998164,509564,553176,2,49
95417,983723,197686,444969,12,44
6351,999315,187708,913541,36,49
139685,895358,20500,918754,44,37
9858,977746,486929,523327,1,48
50025,509676,54331,984523,46,22
31009,878344,518260,955779,21,42
46290,364376,245306,752542,25,15
87567,423347,316549,864872,27,16
56605,587419,334702,918533,29,26
399262,399740,302326,395778,4,0
499674,792997,39019,245792,10,14
238389,691160,27400,303475,13,22
446057,909032,19899,114766,4,23
201045,881267,63660,957364,44,34
675751,911480,4561,982389,48,11
531922,663945,209058,836225,31,6
774437,858310,757363,776295,0,4
142741,997645,488473,505871,0,42
721563,762730,455,686741,34,2
463072,887400,350383,455303,5,21
61193,872791,76199,783463,35,40
365124,652638,82309,558561,23,14
168866,578306,700750,769108,3,20
146996,547121,320276,637161,15,20
84206,699874,179753,872221,34,30
315530,964182,668514,769860,5,32
565409,952758,244849,659031,20,19
173982,956059,490675,952194,23,39
96763,755350,307840,526402,10,32
23768,800538,425286,452953,1,38
38173,952363,13726,980720,48,45
17133,790941,724247,866618,7,38
291426,441117,787382,912431,6,7
189456,583345,253737,923219,33,19
179925,520895,258658,956346,34,17
51180,658553,258863,333386,3,30
667314,786750,752787,807630,2,5
108643,986166,75680,700807,31,43
205,972747,817198,883042,3,48
339265,807243,106101,722525,30,23
193075,255692,282956,594537,15,3
243813,903128,294585,360967,3,32
120400,634722,81878,409320,16,25
256036,683897,283532,972580,34,21
195167,263255,75453,927286,42,3
122923,585696,141367,847262,35,23
1572,804207,6096,692930,34,40
401409,645364,165669,421112,12,12
163550,173145,164120,672749,25,0
182,998770,143409,916713,38,49
10147,667658,163363,942948,38,32
299643,457701,407137,574528,8,7
508630,533129,159160,771894,30,1
811930,902282,180891,681069,25,4
766966,830513,65648,679050,30,3
80029,978092,135003,299153,8,44
270474,993599,158921,527013,18,36
139793,948887,52487,983406,46,40
18678,784127,399208,966035,28,38
502315,796231,154932,839994,34,14
58468,537617,536191,548749,0,23
269511,622181,97553,885464,39,17
48703,518715,100753,620892,26,23
349824,930841,276701,343436,3,29
235825,759942,382145,607049,11,26
428546,720465,328382,982052,32,14
323625,662828,148067,254662,5,16
11274,854214,595353,632608,1,42
36284,930984,214352,966497,37,44
398813,999026,129120,907716,38,30
65598,927257,339808,884693,27,43
678406,772610,379887,927226,27,4
50366,950991,471160,742097,13,45
253449,909558,432827,957318,26,32
343241,927102,372732,412415,1,29
762913,822455,38448,808660,38,2
37181,812128,29361,90009,3,38
48725,921294,58538,994170,46,43
91177,891521,241311,510125,13,40
358671,924801,164456,239621,3,28
188009,879160,633762,763438,6,34
70378,994846,98424,905441,40,46
224635,947165,108029,565725,22,36
438276,785729,205682,958619,37,17
97067,403650,156951,477271,16,15
186848,927179,10890,969559,47,37
209499,733214,475156,961705,24,26
53078,678623,82426,742569,33,31
173197,434669,637146,708864,3,13
64682,989411,83077,756568,33,46
613,999438,496121,923418,21,49
810747,815129,293328,471044,8,0
358389,761907,22840,747096,36,20
373245,989014,193652,607082,20,30
14504,975336,580027,711509,6,48
79,816893,218223,295581,3,40
413468,939719,515534,831188,15,26
338569,753152,2861,993697,49,20
31861,858128,630,847330,42,41
288083,601192,17211,913456,44,15
127335,448886,78571,945831,43,16
295274,368383,409462,944629,26,3
209561,970915,195205,864611,33,38
67292,208097,203964,317304,5,7
364155,378246,514350,980828,23,0
42614,811160,186496,432987,12,38
473906,485852,830564,976640,7,0
578882,793325,64938,896084,41,10
67255,416928,605351,928342,16,17
672034,697335,391985,846095,22,1
416479,596198,28597,993778,48,8
111050,739773,36679,957558,46,31
10862,900385,287515,408673,6,44
690740,695016,158864,696244,26,0
103434,540439,27263,635905,30,21
4693,249977,58838,830692,38,12
510302,810603,714277,899241,9,15
131159,811802,14641,582370,28,34
379767,616712,45339,945521,45,11
190243,344199,35180,984829,47,7
344295,822409,170711,246210,3,23
54754,611026,292402,332113,1,27
170606,973355,25078,825154,40,40
69615,700520,542613,945803,20,31
410953,754440,788465,886909,4,17
454474,999698,725312,902031,8,27
102560,984326,116539,991062,43,44
46833,335876,349961,865868,25,14
74540,976983,457209,529634,3,45
137303,742685,320527,821301,25,30
285456,796585,187110,900909,35,25
580159,962335,438891,968406,26,19
40490,771622,179111,448468,13,36
321423,940359,22301,946388,46,30
843516,972177,2030,985364,49,6
635017,925575,18045,408410,19,14
73572,594290,69747,209624,6,26
193852,495429,340774,636612,14,15
163185,626972,568017,597469,1,23
20641,105642,16613,860796,42,4
131015,569412,1474,556316,27,21
416268,551052,405509,537827,6,6
289461,962004,421366,578762,7,33
274446,654479,348740,841039,24,19
430513,859925,643730,974968,16,21
119602,406473,61298,972321,45,14
45004,930601,39,985339,49,44
391993,745876,216203,939203,36,17
197197,982361,48093,911759,43,39
25764,482095,136761,857877,36,22
48591,947911,560810,959543,19,44
202736,909001,42977,857130,40,35
367022,588532,333935,644667,15,11
658700,708556,152064,200071,2,2
99614,613738,205451,996691,39,25
240530,804575,450881,938720,24,28
403421,607327,32491,947145,45,10
27115,355625,232314,274776,2,16
16955,844378,194061,834930,32,41
581543,977996,118731,817299,34,19
365300,966286,102539,813554,35,30
205619,995629,608821,950143,17,39
16673,557821,69204,806785,36,27
46751,771956,768774,994745,11,36
538439,912464,4637,693480,34,18
25920,986579,477729,872925,19,48
14783,464840,330085,565970,11,22
685220,753017,174442,991304,40,3
181464,807515,143080,618233,23,31
209078,884210,18035,980325,48,33
257900,884350,22485,625511,30,31
41553,850459,751701,971074,10,40
311356,858519,68291,743019,33,27
5603,488930,22171,557579,26,24
645477,993300,45920,916595,43,17
685325,909622,170093,384260,10,11
163609,890865,155642,497815,17,36
242557,999212,552667,704576,7,37
151056,834620,181218,902763,36,34
310613,349460,284319,685275,20,1
579815,631932,377205,759503,19,2
151821,932558,168911,412526,12,39
189297,682255,211030,759800,27,24
223338,661952,398508,886714,24,21
34004,861436,32699,230611,9,41
131025,629234,363290,811937,22,24
17288,606706,196470,597518,20,29
379887,957831,403290,605445,10,28
7911,999145,25022,406108,19,49
89550,989037,137925,461522,16,44
219308,513249,361788,898190,26,14
258650,903021,27353,110772,4,32
13174,841770,353982,885700,26,41
41841,152096,462201,830358,18,5
294648,544249,147327,504937,17,12
314822,779235,7551,994676,49,23
13639,143957,87315,583945,24,6
15389,939946,14340,960220,47,46
507093,537803,7836,988078,49,1
13877,966732,107626,655273,27,47
95503,829123,247474,890381,32,36
637940,788544,14262,999875,49,7
472400,800500,140575,881824,37,16
158679,386574,2882,995630,49,11
62168,695504,7645,597744,29,31
4966,988791,171538,884782,35,49
210825,668514,51889,935296,44,22
88905,749008,53335,704829,32,33
58976,970301,330436,954130,31,45
499473,576103,81263,846877,38,3
327088,785913,180973,603222,21,22
111646,397226,145171,972739,41,14
703085,976544,467485,862302,19,13
55150,203482,816761,975171,7,7
37824,781864,2755,986197,49,37
306402,744504,96131,470055,18,21
653374,687251,169721,681553,25,1
231295,268048,29966,920846,44,1
78355,340491,25327,290033,13,13
305938,890122,461267,907843,22,29
633058,776659,112041,551018,21,7
168379,375426,335033,987702,32,10
476640,609007,59637,935581,43,6
314296,974158,158005,762329,30,32
575654,785161,348257,354782,0,10
327274,901818,253466,915294,33,28
85402,849892,84854,887263,40,38
127062,652087,52090,920752,43,26
118879,724790,6896,165571,7,30
822744,964645,274400,353753,3,7
69769,871602,69809,738612,33,40
335044,686181,460104,938046,23,17
584425,721827,370267,974003,30,6
285208,717736,19669,969676,47,21
288722,849087,109909,644917,26,28
33372,891095,403065,971444,28,42
74949,919061,313153,842812,26,42
236993,864115,516780,581342,3,31
2735,994450,202925,432954,11,49
159777,565067,325039,787253,23,20
139310,912996,4572,867312,43,38
274046,983803,926600,983063,2,35
615656,747496,213748,648388,21,6
117482,823859,858,896493,44,35
830745,996946,39583,982882,47,8
329393,469952,63388,993195,46,7
40106,421758,3166,995335,49,19
90170,924532,409575,786892,18,41
631488,999463,204950,494730,14,18
96271,107651,46653,607589,28,0
94007,809372,36191,956199,46,35
337810,964768,480873,522924,2,31
152450,985733,94141,905508,40,41
27059,768806,125493,887362,38,37
552976,564345,120334,939415,40,0
173716,478638,11709,980112,48,15
128196,328120,18569,968006,47,9
620680,842734,376008,393027,0,11
587852,771483,83560,246531,8,9
25025,593172,161861,967583,40,28
240266,290071,34231,987865,47,2
130208,984490,153631,503751,17,42
355960,718352,641196,765526,6,18
12953,940190,289606,463479,8,46
205024,904001,149453,979293,41,34
381101,585068,319846,776964,22,10
185396,966750,27741,539839,25,39
334690,934674,752887,841168,4,29
556837,837329,583832,898056,15,14
32770,974852,400659,991419,29,47
16220,675909,561537,914530,17,32
534681,634813,149149,234365,4,5
21821,927372,161557,357174,9,45
24738,989132,14385,998084,49,48
246607,909358,895496,956717,3,33
12286,544719,114639,854600,36,26
15949,733982,64554,363915,14,35
68479,858480,137256,875104,36,39
35396,523196,604758,615615,0,24
20711,783554,115232,459394,17,38
531526,610610,369592,851946,24,3
20808,269327,250145,758796,25,12
143902,312969,70066,894979,41,8
117567,938403,103302,862456,37,41
90853,683254,17669,940671,46,29
51015,624304,47355,979180,46,28
154392,603644,199409,875869,33,22
48142,932460,38449,457166,20,44
212495,760197,332717,973396,32,27
592159,961858,129453,832268,35,18
28128,681110,41002,989778,47,32
564967,706853,286714,704517,20,7
262835,401129,518468,591979,3,6
124268,884005,483499,600839,5,37
688541,934176,273729,976642,35,12
74144,310153,392791,581173,9,11
29698,981963,1016,996431,49,47
104730,356410,197877,845851,32,12
25826,983581,190558,791469,30,47
677037,985845,425832,474875,2,15
307259,996180,21927,893204,43,34
712045,970717,674793,790747,5,12
41770,589044,16000,269528,12,27
298076,782539,426176,792181,18,24
10176,778381,68931,757998,34,38
97311,819059,224718,962120,36,36
399247,823268,120177,937893,40,21
88927,709794,117694,806779,34,31
129985,339526,398109,903413,25,10
543007,937421,230605,353279,6,19
438750,721077,136124,679457,27,14
36972,179804,327249,881365,27,7
724441,975810,466281,592804,6,12
16582,991331,222111,624992,20,48
10451,958143,50341,701146,32,47
591038,922085,76343,446814,18,16
234067,887444,54890,477111,21,32
22292,759538,378915,796953,20,36
214818,719259,202357,725725,26,25
200018,637852,228636,630156,20,21
31239,973788,387702,731554,17,47
103228,845562,390072,522433,6,37
426730,820143,205793,576264,18,19
35476,986866,24565,904674,44,47
193815,698253,177296,758425,29,25
31031,785486,148191,172761,1,37
973796,996595,262507,311822,2,1
329622,794753,38616,736355,34,23
60085,708994,395735,638624,12,32
1207,997130,121575,820447,34,49
1634,718983,995,975211,48,35
516912,679517,473068,754375,14,8
269743,290651,36164,987490,47,1
79408,282226,170352,283191,5,10
55010,434337,312373,344551,1,18
30143,851251,439216,838852,19,41
424637,499991,730076,753241,1,3
484195,733541,97778,963827,43,12
104847,907833,465355,606373,7,40
53139,945196,124361,952044,41,44
203019,852845,152655,738928,29,32
48013,876180,58693,90033,1,41
89150,748315,448684,829019,19,32
641820,996159,43357,853223,40,17
123399,836556,118809,804281,34,35
77644,959478,257039,692070,21,44
134543,684975,408870,600112,9,27
215518,768507,402030,842430,22,27
365634,764012,711989,957140,12,19
123553,749096,180737,497670,15,31
467829,885578,740613,879188,6,20
498057,753316,685968,850478,8,12
63377,288227,347984,892008,27,11
576280,602379,202299,949853,37,1
50817,985344,14926,627547,30,46
184805,859594,129326,291520,8,33
65810,689611,83477,103688,1,31
369420,685655,51067,679026,31,15
425806,852252,119735,334587,10,21
366460,489995,99301,859952,38,6
770067,839869,401890,678778,13,3
18217,998052,373168,606462,11,48
430645,662048,41855,422323,19,11
959,889822,337065,694119,17,44
380791,989445,63771,299090,11,30
44999,915048,112746,693355,29,43
353409,571801,291037,699048,20,10
15103,746396,112407,328520,10,36
77226,552822,31330,960870,46,23
34528,983483,362631,696850,16,47
73471,929076,236837,984336,37,42
566561,622467,4073,971699,48,2
258974,600717,409532,839237,21,17
229950,749146,602924,858281,12,25
318479,875251,403773,418046,0,27
803172,893588,742871,976448,11,4
36244,689321,43231,372205,16,32
12314,991342,82078,948672,43,48
207068,920201,214721,712124,24,35
1461,936433,425411,943001,25,46
1069,980851,126927,173305,2,48
358057,713736,160366,606226,22,17
67303,997364,583544,779481,9,46
7387,39348,112715,394459,14,1
32676,891736,70274,963941,44,42
26787,694274,755018,779593,1,33
521144,754659,210945,733352,26,11
105018,732350,385585,566777,9,31
84246,764797,190638,988802,39,34
3419,365052,130447,995781,43,18
121666,796426,489497,836701,17,33
378664,712944,173751,894163,36,16
387924,779187,441695,723277,14,19
34128,905316,11661,840513,41,43
509059,645683,106409,672023,28,6
12971,996261,20220,925338,45,49
45020,237722,182889,914563,36,9
215743,962423,139362,940236,40,37
31656,829141,86545,535600,22,39
648342,951683,568942,994810,21,15
46712,935348,210943,973818,38,44
272687,630492,938018,975485,1,17
266883,722738,106902,643124,26,22
7103,705237,2016,363719,18,34
676695,740805,296463,884777,29,3
97075,990855,465524,673061,10,44
299120,387176,624666,981535,17,4
536165,786586,18415,953673,46,12
80283,897554,53173,817901,38,40
598264,959546,53419,829610,38,18
19055,854461,51672,166005,5,41
238307,476889,167501,918819,37,11
29370,938955,790,211887,10,45
18687,651840,162605,868879,35,31
598126,629330,15745,655561,31,1
142849,424106,110911,903654,39,14
97497,990853,70172,653012,29,44
172212,321536,293586,486857,9,7
442572,463271,123776,832516,35,1
29812,988915,204447,942161,36,47
573325,582910,483099,795849,15,0
848265,949946,374847,887686,25,5
785971,874661,733209,841325,5,4
567608,954730,97885,399014,15,19
423466,790958,181566,772664,29,18
405445,537988,416919,609665,9,6
64675,921366,802896,921517,5,42
6538,489613,48648,938097,44,24
169258,652998,228796,992772,38,24
378569,946149,68661,860795,39,28
174941,941874,137825,154205,0,38
256622,981828,7613,570278,28,36
473069,892882,327561,566809,11,20
67401,997634,557112,909286,17,46
91634,253158,186278,817015,31,8
648,997952,70370,556029,24,49
187195,909556,308875,969544,33,36
800223,911864,459416,728536,13,5
220582,533061,86944,760142,33,15
294007,389499,1897,597349,29,4
829787,897557,21071,938376,45,3
4172,999366,250654,669727,20,49
389115,924039,669835,953255,14,26
16655,28760,108021,995748,44,0
106328,138271,16404,990057,48,1
294597,592160,540327,762329,11,14
262597,886448,122828,879271,37,31
98869,792390,343345,559162,10,34
219805,651219,40735,308362,13,21
370127,964714,542371,971021,21,29
3755,947043,155808,290328,6,47
291083,715507,386983,821587,21,21
40839,821136,140526,895642,37,39
95574,128806,539574,818674,13,1
270934,730542,51187,752989,35,22
484713,811185,148620,989989,42,16
6466,565053,625169,891465,13,27
88100,965346,209398,936175,36,43
14088,976880,339054,986003,32,48
86557,798477,405666,917363,25,35
186945,403779,138287,938212,39,10
90426,763554,30399,788861,37,33
336843,842430,20317,990391,48,25
218963,994694,388799,784772,19,38
102453,715466,233446,571073,16,30
39582,625923,82934,897048,40,29
300467,747888,300393,871591,28,22
36576,820223,230597,888886,32,39
390821,846032,8755,983734,48,22
417661,898331,17209,966719,47,24
304720,984479,295895,667659,18,33
538958,862999,193648,830973,31,16
142152,569344,189029,231049,2,21
347655,575149,24528,738083,35,11
25353,161896,506495,614245,5,6
356993,909157,648796,855513,10,27
141383,635247,390683,468481,3,24
44347,871029,570221,669509,4,41
307635,658302,431599,677203,12,17
15526,883419,533363,575027,2,43
149383,485977,520325,557361,1,16
193817,614302,360898,718012,17,21
106627,979383,278000,988266,35,43
466771,984367,78363,699924,31,25
589586,864307,699427,820641,6,13
155132,984956,424654,586397,8,41
419441,755276,444014,509434,3,16
619043,884473,443207,675093,11,13
777667,878803,577137,923025,17,5
8054,715406,677405,782271,5,35
434600,474760,284237,519507,11,2
179731,659607,463231,772209,15,23
199411,319711,29712,946235,45,6
354004,994193,39229,971941,46,32
57992,976630,34129,870545,41,45
261485,936580,200886,964315,38,33
404283,511205,182470,798887,30,5
530147,918025,256772,911594,32,19
53968,479949,326462,566756,12,21
270465,573877,370435,527694,7,15
470044,928881,38200,806020,38,22
167453,875301,86372,163574,3,35
60211,838207,365605,957338,29,38
56909,681725,99202,255089,7,31
309877,905119,3685,610575,30,29
448549,583586,73682,963744,44,6
64604,276236,10141,990668,49,10
364237,722497,142735,990993,42,17
262301,600066,302145,474499,8,16
9312,867066,782828,923423,7,42
236274,478485,251073,824003,28,12
21437,995682,166227,917959,37,48
189254,605534,207996,651753,22,20
298284,424641,109667,563832,22,6
5803,944497,86131,917856,41,46
6552,143980,156488,969916,40,6
44429,553527,30918,850321,40,25
168942,361369,791459,803310,0,9
520863,639604,574187,762554,9,5
119724,716351,587461,923875,16,29
618023,904979,180025,909675,36,14
128684,603716,69208,860034,39,23
636623,747467,449872,895175,22,5
450593,653405,91821,302978,10,10
8003,985163,146541,943273,39,48
15934,701304,520228,981344,23,34
472009,741498,180768,965587,39,13
195520,814121,627822,888252,13,30
64363,823711,629654,937379,15,37
88718,718583,556097,943701,19,31
454057,808411,664056,885341,11,17
516696,956031,20513,906698,44,21
322524,996858,106136,947015,42,33
9953,889533,894938,934405,1,43
40023,966096,709282,991691,14,46
201277,737873,132527,973380,42,26
434600,667551,98574,354730,12,11
100073,927168,793995,867404,3,41
464245,672873,414824,879461,23,10
31836,996797,620114,947834,16,48
91162,654177,146769,410463,13,28
20555,794990,4471,994115,49,38
49353,693196,524956,803694,13,32
134944,912765,92184,513503,21,38
267986,523582,45978,894879,42,12
782626,874756,166903,863269,34,4
545720,598885,32929,487829,22,2
15286,972937,27513,962972,46,47
359583,661852,306914,473601,8,15
253229,638766,416734,611491,9,19
443040,950803,222354,460217,11,25
23050,995961,488268,741908,12,48
94295,983138,358970,899937,27,44
275272,539844,302150,480989,8,13
139837,316343,517057,532052,0,8
340088,683784,624539,785889,8,17
507328,575874,29605,959735,46,3
8360,906883,100524,782861,34,44
31517,923063,47645,193173,7,44
93776,951594,22400,842671,41,42
163337,238510,185694,311333,6,3
123269,630585,63153,950333,44,25
191426,832191,3982,804657,40,32
140797,465735,504103,776708,13,16
240428,381670,5540,827070,41,7
159566,537903,389817,942268,27,18
615763,727632,571333,747394,8,5
149763,599883,63429,700383,31,22
219912,543773,137408,828615,34,16
83096,617764,805659,868392,3,26
101473,841063,12467,951421,46,36
321893,599749,199638,884929,34,13
463964,712816,322341,771426,22,12
191587,192309,14199,622019,30,0
63627,816222,285800,617889,16,37
108881,577353,297669,752291,22,23
628081,695965,124576,881448,37,3
31223,980610,282703,361379,3,47
510894,791505,375059,786488,20,14
273951,603874,343005,780311,21,16
166824,342050,67459,623581,27,8
180262,475143,453694,875732,21,14
421094,598639,73041,843032,38,8
79743,994771,79593,939818,43,45
207910,866681,823936,983156,7,32
22761,930808,828466,863498,1,45
361017,746130,50235,829275,38,19
885437,954416,196422,935853,36,3
23714,796343,2934,919397,45,38
85698,959293,526302,661752,6,43
533819,934121,284795,886590,30,20
387681,979750,31933,420180,19,29
233483,787733,138921,459610,16,27
311910,660969,681114,731521,2,17
102366,331525,135109,768498,31,11
68718,150060,61354,822294,38,4
17444,843281,141131,962780,41,41
544553,921463,412675,866443,22,18
171915,750594,310426,744150,21,28
14267,994011,693361,876742,9,48
59889,987926,79609,341183,13,46
234679,828552,190375,328649,6,29
80398,487007,54566,877775,41,20
71162,330707,352697,589697,11,12
198010,816803,62430,649855,29,30
406840,579040,536106,723002,9,8
10930,892212,24860,838709,40,44
236292,971886,101908,250624,7,36
854793,914183,357625,780266,21,2
47676,916922,227147,289303,3,43
528,178205,29920,945745,45,8
74258,871828,125349,891028,38,39
278630,797470,57708,973468,45,25
81101,757712,331436,641723,15,33
224218,951501,560122,582811,1,36
20748,875461,54551,958745,45,42
202767,841422,106230,840732,36,31
665412,996710,310374,774771,23,16
24743,185886,93787,526021,21,8
28126,947845,736361,784252,2,45
852236,892251,561734,770563,10,2
343599,647572,184686,825650,32,15
521509,720468,179049,604810,21,9
460069,816151,492569,789706,14,17
494294,740997,51306,456486,20,12
397767,411231,239668,931383,34,0
404263,978704,900176,985269,4,28
11171,384155,31054,43622,0,18
72689,975338,336999,903057,28,45
262117,788242,5413,916800,45,26
112041,993737,4579,951209,47,44
44511,832326,270636,939936,33,39
113670,977861,74778,728460,32,43
341851,403465,292915,976643,34,3
468142,672200,62332,910707,42,10
425110,730859,386436,632107,12,15
146560,905270,412887,935842,26,37
177743,476388,40375,749563,35,14
133869,940376,139793,584338,22,40
348951,960353,4667,186148,9,30
35302,843222,22163,190857,8,40
692164,827967,270947,991868,36,6
403371,949512,223730,606717,19,27
152560,916653,271796,583666,15,38
88299,635452,227537,912731,34,27
14962,879685,160194,255364,4,43
70884,927204,176298,724155,27,42
145706,844890,415497,817575,20,34
73067,915664,134007,546390,20,42
86815,424638,133157,919308,39,16
166117,694894,387695,804116,20,26
36975,965728,122982,831085,35,46
158468,696212,32806,866964,41,26
63101,951588,220429,586745,18,44
580459,820780,168944,989586,41,12
164677,855683,106879,360499,12,34
36718,842762,232471,523340,14,40
452412,885670,292741,769184,23,21
469178,691169,822172,868573,2,11
22821,763865,722271,904755,9,37
475874,530006,198932,705955,25,2
19804,203580,270372,549982,13,9
344947,841571,103172,951742,42,24
78951,964797,6307,49179,2,44
70933,883199,197224,978788,39,40
785484,826582,2557,657757,32,2
368999,968989,800632,982831,9,29
784307,849893,78543,525413,22,3
194484,219963,852940,973386,6,1
30101,834942,34483,651097,30,40
173354,970013,90140,989435,44,39
178342,811361,31728,840446,40,31
213502,529462,110339,673916,28,15
18541,984395,500497,964966,23,48
523455,909508,254239,866888,30,19
603820,956606,10811,959204,47,17
11676,995028,64033,346075,14,49
79896,210342,27185,300183,13,6
139473,778610,434602,714783,14,31
158905,750950,11643,664382,32,29
270780,790263,392572,962830,28,25
42729,791784,449543,697458,12,37
531012,667953,240481,925306,34,6
334069,978189,49197,782883,36,32
82304,632565,25281,874426,42,27
42531,274987,128444,902265,38,11
117727,717804,543670,897777,17,30
99039,985632,825565,909976,4,44
591128,983184,17509,809003,39,19
21281,986251,428684,887937,22,48
276595,795553,67532,997563,46,25
145749,759971,49951,546599,24,30
823430,995363,440842,674332,11,8
620105,833590,532233,613450,4,10
106140,841855,597411,985102,19,36
109290,358984,264677,902164,31,12
60046,730284,240047,900865,33,33
6147,904304,690584,728866,1,44
644608,792805,355825,607286,12,7
796714,891395,24391,806409,39,4
348327,542180,574730,896699,16,9
188555,918901,206061,748994,27,36
266190,957981,384294,477908,4,34
95929,756447,48338,614814,28,33
10761,995139,190713,941592,37,49
552077,819278,139543,677727,26,13
59960,422435,119421,771964,32,18
308411,638237,344554,646302,15,16
18906,999692,604253,882113,13,49
142629,653056,112611,836180,36,25
48879,891214,532325,712864,9,42
294649,338478,36268,748638,35,2
268407,664501,328850,789840,23,19
224275,861634,156596,638749,24,31
12043,184822,298681,700839,20,8
56208,871253,56795,814560,37,40
298039,583556,18464,889364,43,14
937022,970705,43964,851691,40,1
76394,850203,380063,587071,10,38
634608,736121,195043,907691,35,5
98121,911370,45508,994912,47,40
588018,948692,343082,848667,25,18
592659,679798,145547,847376,35,4
96195,895812,120401,956336,41,39
174335,898609,1119,999202,49,36
54354,498744,413737,566404,7,22
933907,986719,60390,648268,29,2
307954,852055,345926,438586,4,27
176574,770776,91651,773343,34,29
24516,852535,445524,704468,12,41
838599,874110,500935,973754,23,1
86719,826422,500765,829017,16,36
78462,570240,313898,983988,33,24
167255,782501,48492,806814,37,30
170415,500896,257721,640312,19,16
114708,840603,330177,466271,6,36
709776,745906,385784,779052,19,1
298805,829095,374041,800671,21,26
651575,987824,17143,925265,45,16
63809,980552,331920,657062,16,45
59199,816226,29851,947531,45,37
716141,972607,508350,786528,13,12
19794,940129,28601,968469,46,46
74307,696095,236750,798923,28,31
558972,649004,847938,999037,7,4
351960,634740,303467,314806,0,14
376304,834792,84954,870089,39,22
363148,372684,335152,675682,17,0
115958,912723,40127,444876,20,39
28609,283228,47744,990443,47,12
206570,780181,20379,934453,45,28
2357,362490,55075,979750,46,18
492166,660652,562365,696890,6,8
65255,867749,11377,643014,31,40
610296,825420,208672,977843,38,10
11955,993879,180199,773725,29,49
734466,980802,71191,626883,27,12
13212,924011,420739,502724,4,45
311943,504736,796090,873355,3,9
146162,559346,149645,993337,42,20
307486,571262,53784,996975,47,13
162065,737221,455102,599512,7,28
27199,946044,653769,950383,14,45
749441,756889,52792,891795,41,0
95897,96451,511012,955772,22,0
262237,974495,37268,899861,43,35
350337,899991,50557,524736,23,27
620259,947118,135284,843178,35,16
60998,830562,25491,954140,46,38
530906,827682,103834,696063,29,14
396186,509545,101599,740134,31,5
282478,736983,436833,955987,25,22
595412,620651,99757,781868,34,1
213632,811023,86889,930290,42,29
411909,819062,77176,983331,45,20
12901,608137,45115,938051,44,29
214426,475349,557726,777721,10,13
892715,906731,853,994955,49,0
21280,982580,52529,660073,30,48
378012,954748,503602,824210,16,28
667450,811837,107084,990282,44,7
76028,903251,94017,550296,22,41
142701,603394,213322,608860,19,23
895679,986515,662634,688672,1,4
98148,514900,133747,811806,33,20
664150,675030,48902,982042,46,0
433860,566856,350635,862190,25,6
170617,385875,291572,530466,11,10
130591,599658,328468,481256,7,23
70297,461315,455552,603439,7,19
10495,989768,605016,768485,8,48
290072,677534,151067,991730,42,19
334767,534841,74298,818571,37,10
217727,336519,437439,645708,10,5
8456,958007,78979,756565,33,47
102405,911035,373543,427527,2,40
404321,628645,261145,880846,30,11
328336,857334,172010,834059,33,26
38167,995301,275534,636539,18,47
486906,691293,619895,966163,17,10
230245,795741,139152,603707,23,28
259041,789794,320734,796948,23,26
25167,999675,157129,253292,4,48
26801,300833,493777,992257,24,13
81366,697047,642908,650155,0,30
53236,573371,777538,882314,5,26
350447,825474,255825,853775,29,23
809173,899511,124219,728384,30,4
273863,814090,126531,718466,29,27
508152,669666,41581,898087,42,8
71901,939326,610845,837936,11,43
893,999364,113690,586984,23,49
118162,788368,69355,584357,25,33
153789,231891,266193,726788,23,3
362270,930652,102469,844492,37,28
223588,726697,343778,447904,5,25
99774,945957,118344,983717,43,42
136493,955870,213003,613711,20,40
319565,898118,50728,948715,44,28
98344,684141,565095,924890,17,29
441966,802125,128853,479849,17,18
621148,940472,94646,578384,24,15
151571,919332,428240,954966,26,38
12236,43372,728872,796618,3,1
221754,834435,106037,633239,26,30
59462,911447,502807,944797,22,42
611011,818949,14568,977447,48,10
631562,884162,553850,932254,18,12
32496,903451,538161,794008,12,43
204403,311859,503194,510606,0,5
201123,771660,274367,619136,17,28
286,880752,429420,694077,13,44
524341,920112,143751,229565,4,19
90271,610001,490743,916969,21,25
17724,94018,282725,827807,27,3
321074,936428,445762,911275,23,30
97584,788876,302016,468062,8,34
132378,312783,11416,913593,45,9
332543,350222,295082,726287,21,0
356188,834306,321827,897231,28,23
193059,953352,84972,214615,6,38
227732,882509,165837,810620,32,32
27368,413170,5789,943305,46,19
19494,867908,69265,670218,30,42
115442,612132,139331,768575,31,24
45602,479809,117254,911321,39,21
384357,667900,38366,966040,46,14
118172,567654,123674,446728,16,22
11558,802622,309376,626296,15,39
24781,672563,99172,109111,0,32
17603,860559,178601,975938,39,42
233075,514357,642862,929791,14,14
37343,899827,15331,990860,48,43
644281,868040,758401,909887,7,11
107576,214445,502752,648801,7,5
470665,587751,411216,539889,6,5
618684,894926,309823,891581,29,13
230783,387937,44567,680504,31,7
283631,838736,213098,828068,30,27
527304,641830,192902,969834,38,5
2435,998598,214422,893345,33,49
163799,822722,146467,927680,39,32
60948,941441,230703,867107,31,44
486253,978326,193213,485568,14,24
182015,874799,33971,687990,32,34
599250,704944,77271,297608,11,5
59833,787027,168912,911435,37,36
14502,571280,36912,852690,40,27
388078,773397,94085,419397,16,19
216006,442683,63980,657563,29,11
41726,971624,178042,898246,36,46
476218,857688,243481,831942,29,19
1259,997391,428207,600456,8,49
376245,803402,736244,860138,6,21
281162,800087,136219,643858,25,25
314249,921569,532362,830004,14,30
492803,512847,64272,715977,32,1
23161,701469,285957,820248,26,33
222169,508370,123371,883194,37,14
529274,974418,470339,757918,14,22
16194,849802,28372,964596,46,41
72315,407536,404892,861027,22,16
213195,847087,21379,962846,47,31
714,734598,692695,874567,9,36
105221,965777,358177,778602,21,43
144224,419337,188929,554799,18,13
39980,971944,38024,65812,1,46
323125,708483,539040,597390,2,19
79381,952074,16326,996672,49,43
120690,906830,179255,763080,29,39
190667,813214,468271,725369,12,31
544408,878109,331798,590224,12,16
211604,914037,412832,859350,22,35
99025,930147,22649,993548,48,41
418340,993982,165764,561376,19,28
17448,796598,354461,858550,25,38
533823,626279,369123,561337,9,4
402261,862990,179385,466901,14,23
479940,786636,38404,483574,22,15
106596,850492,104528,396564,14,37
231143,515701,10828,994491,49,14
403087,483255,150135,690081,26,4
583591,851026,361828,964751,30,13
354406,855006,202980,850154,32,25
84338,848338,443294,772239,16,38
258673,422497,64813,997019,46,8
801640,884641,137404,217059,3,4
252736,601951,247175,948123,35,17
2730,532701,61117,955944,44,26
377945,567901,446204,813823,18,9
124354,995725,60233,829501,38,43
39173,65327,30729,461336,21,1
60749,901735,585656,796665,10,42
48349,818343,195629,940701,37,38
314437,678554,143139,553108,20,18
88429,394130,833543,945890,5,15
190577,654987,91053,963666,43,23
436174,826624,68236,943754,43,19
363358,530403,148582,454304,15,8
105116,618441,294836,908460,30,25
47017,506048,1920,993852,49,22
101381,973613,498530,868568,18,43
118711,850554,180000,815271,31,36
274641,695197,22406,900718,43,21
117950,656315,229604,429653,10,26
144366,803113,53666,615521,28,32
336637,771319,294090,693981,19,21
37569,747565,600665,876320,13,35
243982,951438,330162,966089,31,35
108290,698722,193123,866595,33,29
268539,986761,353457,746174,19,35
568813,741104,402522,800561,19,8
104796,806467,118657,596550,23,35
815380,988318,558934,927657,18,8
93745,918086,226009,963744,36,41
256107,492044,261745,298959,1,11
104714,292681,297816,509625,10,9
54082,887570,396054,451361,2,41
525500,804617,508618,538905,1,13
56772,110209,594063,852668,12,2
479650,533626,290828,787377,24,2
469113,889069,277590,868343,29,20
378979,922193,492264,722549,11,27
515950,689203,499166,578148,3,8
24503,158427,263643,405124,7,6
158103,975750,129610,859918,36,40
253186,859470,153393,541512,19,30
54531,956225,204160,362356,7,45
100175,681306,129370,619577,24,29
56253,987220,120044,581065,23,46
628856,646129,317177,939702,31,0
11427,110487,47635,805323,37,4
147230,455264,143356,858487,35,15
136368,991799,679260,806639,6,42
74865,973109,311638,807374,24,44
541165,846852,525161,661535,6,15
521911,678048,647926,956455,15,7
630665,723966,564160,814786,12,4
388631,799370,15211,962114,47,20
735097,929071,514546,803604,14,9
221932,520915,153968,341164,9,14
48883,937623,88292,747658,32,44
291008,866015,632131,857679,11,28
13392,866555,831898,995858,8,42
419097,736989,645943,665488,0,15
304048,845503,152618,989643,41,27
52843,494308,890349,972977,4,22
82950,792011,469236,633270,8,35
40845,966235,331318,884556,27,46
17558,982733,320964,888943,28,48
51949,980988,41015,281540,12,46
133070,849984,644643,887570,12,35
239021,597218,33335,942179,45,17
360387,649380,123815,982409,42,14
195760,640376,216856,871953,32,22
191294,411259,160346,188190,1,10
580997,709001,199092,666059,23,6
8605,997778,255159,904217,32,49
59729,923880,7555,906623,44,43
52814,337611,35038,984951,47,14
876027,992230,341970,880850,26,5
92826,558564,43410,992990,47,23
441968,715649,58562,980315,46,13
179121,621744,586979,936645,17,22
116420,441223,89766,178200,4,16
72667,293432,23302,478368,22,11
79677,913493,778532,785602,0,41
108923,227479,9390,811155,40,5
99018,737159,789656,918597,6,31
450407,695096,61897,858376,39,12
8819,996542,305124,646166,17,49
73442,475792,93069,974630,44,20
184146,528070,12,998866,49,17
104928,969944,921792,939688,0,43
620118,807569,49085,930281,44,9
8986,781344,843407,951757,5,38
64455,489355,1763,991160,49,21
611183,899094,78496,321060,12,14
430875,617664,38874,873592,41,9
335155,499523,398058,438973,2,8
43841,319613,696888,887065,9,13
363318,594386,9784,343781,16,11
190967,550095,241669,823571,29,17
66010,71408,203811,978954,38,0
558700,596640,268582,637812,18,1
895807,957731,427157,825696,19,3
16196,617218,354224,898915,27,30
540287,718896,239149,686781,22,8
890074,966025,143487,929668,39,3
435668,610437,385554,706939,16,8
276464,905153,69400,957458,44,31
28913,891186,102980,678192,28,43
266269,551167,838698,953989,5,14
133766,679168,176809,953877,38,27
112422,505149,5267,805968,40,19
854886,940423,285396,613352,16,4
240565,454297,569848,895425,16,10
440452,981228,31845,913146,44,27
57133,670987,602434,981052,18,30
539,999911,7885,812627,40,49
29540,929353,121637,624626,25,44
80068,449637,125275,728316,30,18
17151,959006,27305,978130,47,47
207713,282865,646846,706146,2,3
6619,995001,959869,972334,0,49
43890,909690,821126,972366,7,43
119676,491074,302152,415839,5,18
366828,869478,50856,893569,42,25
31315,413992,550082,611256,3,19
290689,754409,261981,427554,8,23
193760,903592,392126,746292,17,35
10774,319330,146703,879580,36,15
8086,544710,161602,947580,39,26
176635,969934,3146,299066,14,39
562381,792976,502768,853475,17,11
330313,702860,8183,997646,49,18
254946,967016,50767,958253,45,35
240386,281531,349136,753107,20,2
134235,595842,97514,935742,41,23
157284,370423,256170,628688,18,10
17347,553328,389943,402234,0,26
404585,690687,216773,270172,2,14
822641,860384,266569,759730,24,1
499567,900386,301534,987270,34,20
438094,537168,302345,966788,33,4
738581,838716,38933,972457,46,5
213515,520940,207442,472155,13,15
100774,838771,242102,678682,21,36
634068,962322,21392,537201,25,16
420276,604553,146929,502295,17,9
101207,771035,503000,777859,13,33
176880,374587,26144,725463,34,9
600987,760813,216479,836075,30,7
109039,564982,90180,963085,43,22
522518,867895,261893,640455,18,17
350833,906391,667210,982873,15,27
440129,632398,296711,952418,32,9
26836,826585,226674,648269,21,39
932747,994604,392887,755128,18,3
102013,517833,303019,670800,18,20
796449,847674,179348,984842,40,2
444309,898464,46317,889576,42,22
127988,575292,58672,525459,23,22
56027,901857,224411,984949,38,42
199722,829480,16875,980528,48,31
68649,901021,230910,839770,30,41
45789,323912,336436,786605,22,13
91343,94678,527285,654061,6,0
834167,997947,57055,946377,44,8
850297,986315,129585,978589,42,6
69845,965094,89531,937227,42,44
676385,713381,26667,940347,45,1
777637,991620,38639,855792,40,10
36647,798680,148061,524463,18,38
10259,924757,4747,717564,35,45
119120,935216,192926,698367,25,40
21884,774218,530795,904655,18,37
519583,689662,176212,874868,34,8
220623,877641,131745,605849,23,32
197703,543775,62329,984306,46,17
356392,990368,73363,594150,26,31
229269,961298,91845,256541,8,36
181869,406730,142299,985810,42,11
417386,737371,16897,871361,42,15
40372,840056,175387,793812,30,39
186521,898783,2129,999974,49,35
605659,977443,199344,628557,21,18
370017,466892,238588,320878,4,4
206956,273881,613495,801518,9,3
514121,777255,263643,890786,31,13
454023,978958,853840,995482,7,26
347962,977484,43259,916235,43,31
492736,533145,106935,656280,27,2
4843,14021,15419,51038,1,0
53589,916090,18115,925584,45,43
147160,893333,236392,822984,29,37
48899,948011,10729,586400,28,44
359798,999044,558050,657602,4,31
524406,620690,527734,940965,20,4
4277,939284,63403,517739,22,46
986878,988709,398613,609466,10,0
506663,994670,49894,972805,46,24
282182,885430,884164,924473,2,30
17050,250014,12884,800197,39,11
22084,864174,135599,721665,29,42
581058,659143,426398,995504,28,3
143732,554668,29380,286476,12,20
733888,967959,24243,308525,14,11
348661,517018,238398,740241,25,8
86583,933097,132843,990327,42,42
54607,540361,230699,479333,12,24
258676,567775,295449,497719,10,15
186547,643817,100942,905942,40,22
405632,942418,365893,943115,28,26
851077,987663,637963,981418,17,6
265527,777392,36492,977646,47,25
186021,509239,354674,714655,17,16
15008,406864,148830,969441,41,19
330991,598282,100068,992292,44,13
114615,452581,20830,617912,29,16
699460,865697,729128,749134,1,8
345259,689463,420431,801725,19,17
261444,952539,42406,189530,7,34
160911,872238,677943,773757,4,35
115628,903843,315177,480134,8,39
156576,714896,188582,728826,27,27
374175,620007,166230,901371,36,12
87610,722529,107429,891016,39,31
875184,954915,1280,987876,49,3
186590,938176,220678,306217,4,37
665380,816204,188033,690635,25,7
37050,804540,294760,484108,9,38
32745,787529,352992,782666,21,37
386300,771638,221379,969970,37,19
26016,919047,332,903762,45,44
98244,380515,130755,755515,31,14
110043,808556,337867,760718,21,34
113837,813847,7752,620113,30,35
621619,869089,354049,679076,16,12
344813,710758,22602,871047,42,18
91137,803212,357665,668707,15,35
563455,947118,430384,996783,28,19
513886,996259,65391,538788,23,24
206769,593915,197684,748748,27,19
414420,453901,29469,758480,36,1
8720,931643,23227,800872,38,46
97089,815608,441486,654279,10,35
393174,917318,464992,988811,26,26
161688,856694,452464,901190,22,34
137144,821760,298783,634683,16,34
472260,726068,98570,911769,40,12
621115,910088,404324,670649,13,14
331310,900532,47837,212302,8,28
388332,887444,204538,886107,34,24
176944,720193,255416,325615,3,27
221191,424140,181522,317965,6,10
203698,884107,510868,587324,3,34
163835,953103,313391,870724,27,39
86047,580848,9257,981126,48,24
323227,327611,144477,157804,0,0
23923,410835,421065,457841,1,19
697808,878917,567325,679419,5,9
874297,989343,178742,516235,16,5
761370,961192,116712,430670,15,9
176535,811062,42455,948231,45,31
74784,536889,436785,766973,16,23
150261,916436,183314,233177,2,38
77260,860255,374836,937823,28,39
52673,360109,421167,798450,18,15
141305,924444,585499,643171,2,39
387108,792260,381291,957553,28,20
152004,196412,8317,996298,49,2
316847,571877,140753,322410,9,12
28886,999049,909947,920291,0,48
78150,827005,19568,716976,34,37
264532,697188,24392,674462,32,21
174220,832475,291440,992948,35,32
402167,994253,254668,976171,36,29
115261,991069,276671,553128,13,43
15962,995551,205797,920583,35,48
44468,639406,108208,811632,35,29
173626,973521,305349,645149,16,39
500054,664126,218582,945187,36,8
491877,656035,597243,945451,17,8
290174,371966,338771,653624,15,4
53092,663425,40144,824621,39,30
477846,911421,506308,947360,22,21
92560,726031,495635,765120,13,31
506582,762173,813459,868636,2,12
285824,318601,55406,985966,46,1
22253,979052,586863,589017,0,47
71124,588765,393488,653852,13,25
247581,809714,8859,835669,41,28
412728,978364,21857,992055,48,28
357403,889293,170409,934320,38,26
111573,946119,677664,799101,6,41
363731,717997,368960,889875,26,17
92044,403228,469408,933613,23,15
604765,824236,45448,936724,44,10
223656,660026,18634,875706,42,21
201863,993506,152281,552230,19,39
189417,649840,478539,837237,17,23
79397,379443,606821,836942,11,15
832201,874756,565060,893295,16,2
271103,278232,34432,435685,20,0
254878,509970,619353,925912,15,12
10159,40346,379418,615692,11,1
14961,970417,583368,867445,14,47
325859,662048,79987,971735,44,16
201412,993545,744066,848411,5,39
514637,734870,712050,838897,6,11
313100,330680,89242,959767,43,0
333149,603560,29128,351791,16,13
68533,651948,12345,781754,38,29
686538,755346,10198,974330,48,3
894,998571,328791,955511,31,49
195303,323117,92365,336683,12,6
252794,929718,480729,698282,10,33
268059,683803,418754,576296,7,20
3429,911014,368249,899630,26,45
263269,911653,327400,964025,31,32
248797,547491,549391,872885,16,14
20311,964183,109166,919376,40,47
15307,995453,35020,280891,12,49
514454,552186,110490,648084,26,1
354788,424046,14704,452796,21,3
170308,960998,153617,967948,40,39
328603,873919,373570,519742,7,27
4389,989942,80851,956146,43,49
46777,838216,687164,875429,9,39
245384,874360,3428,990536,49,31
67044,80774,187316,746964,27,0
23536,891336,63480,550608,24,43
415665,907498,101998,213548,5,24
134894,544228,451987,633637,9,20
62707,620019,739131,786980,2,27
349077,828429,286475,487807,10,23
86592,973473,710409,712399,0,44
221891,646090,80290,273391,9,21
281082,952695,66071,187703,6,33
107524,722243,508422,533827,1,30
720460,908583,790514,944925,7,9
288741,864100,217688,760091,27,28
535748,920049,575005,741644,8,19
126543,594384,119026,238746,5,23
25391,792733,50693,993182,47,38
119038,986703,233956,754071,26,43
359319,812495,337457,879312,27,22
6603,933520,373791,520045,7,46
256936,999145,187879,683361,24,37
196116,664051,8169,981091,48,23
810,999229,54376,991446,46,49
14024,763736,236239,704347,23,37
128686,677223,404807,966640,28,27
62549,761523,111595,828294,35,34
215688,665074,198663,600474,20,22
219590,971151,31830,952195,46,37
13028,515401,93187,956539,43,25
189466,593415,71027,242712,8,20
17897,421178,1225,796933,39,20
1876,728963,14371,864911,42,36
574466,919953,356476,999787,32,17
276628,897783,236510,676727,22,31
858442,948708,412866,880274,23,4
93558,892471,598291,870069,13,39
343286,608540,252949,805866,27,13
454761,907731,306529,362268,2,22
150862,960404,283409,767336,24,40
35632,987770,90157,918553,41,47
249444,779621,102498,468101,18,26
31693,805915,131887,764647,31,38
83957,678699,3256,991432,49,29
134555,606822,299527,859295,27,23
42801,684719,15254,999261,49,32
12663,275856,132761,990146,42,13
7279,911127,345463,903194,27,45
11388,196283,19903,982245,48,9
50091,900426,136419,782324,32,42
363717,869985,235063,644891,20,25
16473,973846,114902,394133,13,47
86340,758658,10413,876175,43,33
106949,881482,264673,973121,35,38
65692,716664,69331,823110,37,32
301087,683843,550980,997530,22,19
649838,810778,236075,481637,12,8
13691,208268,403369,984320,29,9
32487,975889,454091,876882,21,47
94094,984218,10552,731003,36,44
713095,748162,173291,966455,39,1
616001,768015,487727,852815,18,7
70172,736786,163314,547230,19,33
89833,911467,463415,799681,16,41
446726,942348,88433,305114,10,24
259743,927193,642259,968646,16,33
47147,295847,465444,894859,21,12
319311,688475,599014,799232,10,18
44516,728323,89894,772467,34,34
104101,134099,6785,11054,0,1
166450,882150,143296,892390,37,35
48218,963302,550798,869532,15,45
504187,715479,425320,687445,13,10
329974,489130,262286,917574,32,7
376291,869168,43445,876609,41,24
345354,398614,317836,424571,5,2
240241,655490,93709,847054,37,20
795391,983524,230152,671426,22,9
513304,666441,24499,559372,26,7
114252,308842,447913,637345,9,9
5259,264153,353552,936586,29,12
98693,306784,43570,988475,47,10
210050,215748,56236,248767,9,0
921,976981,138675,802823,33,48
113927,677531,252741,842403,29,28
253995,647950,71346,987362,45,19
133697,800701,602109,696490,4,33
177041,541183,328752,963562,31,18
261189,973228,125245,701644,28,35
57026,903664,536237,585020,2,42
14542,564469,169250,885213,35,27
346892,917755,206610,811325,30,28
376353,995894,75549,968832,44,30
31791,194684,45779,512850,23,8
50412,920160,460420,866605,20,43
548808,928072,10502,910246,44,18
544450,646378,347216,889124,27,5
87414,788734,51612,994921,47,35
178837,235883,29737,826309,39,2
368301,952363,333814,625601,14,29
80210,985698,39898,927526,44,45
23511,959340,287695,870697,29,46
225108,784514,235448,661205,21,27
28548,480958,81688,781483,34,22
5991,92459,77019,452630,18,4
214372,769188,179616,978134,39,27
6094,990707,506762,656820,7,49
143527,949122,33512,921585,44,40
266142,405068,471972,497329,1,6
516054,617481,529990,924130,19,5
475155,928207,483519,651104,8,22
88177,676096,250484,302640,2,29
298298,531697,95282,781866,34,11
40645,922851,256218,962369,35,44
321123,798262,700566,890162,9,23
238197,869133,12965,17620,0,31
204402,969133,107218,652964,27,38
77720,868229,327879,563601,11,39
201299,862252,18350,951512,46,33
35075,969327,56582,912876,42,46
46340,978567,5384,969551,48,46
210015,930138,846070,950055,5,36
283498,977571,184274,704847,26,34
572299,914392,113473,255146,7,17
86811,900303,98363,690608,29,40
364081,849894,17080,747122,36,24
1749,931822,311286,313842,0,46
132781,331613,24066,960101,46,9
52495,739492,523135,828998,15,34
521012,674017,458710,935945,23,7
9738,992839,16462,630933,30,49
109740,350374,544674,628397,4,12
262572,752039,198351,239686,2,24
384345,829469,146544,761833,30,22
9543,810062,69691,424500,17,40
540777,909587,644208,968545,16,18
324772,914312,75479,825419,37,29
201840,203319,273454,570596,14,0
335699,673080,116228,889217,38,16
410211,891517,78546,571649,24,24
7490,504146,89328,844923,37,24
546,963353,474803,846074,18,48
384882,417064,107547,702861,29,1
249424,747195,219087,936130,35,24
58305,427127,420060,786003,18,18
229117,948998,431951,799759,18,35
229341,287291,18875,387322,18,2
21327,337850,70952,770377,34,15
371388,886320,115210,658377,27,25
413088,782925,87223,837252,37,18
249287,997624,387504,548326,8,37
80589,851311,244089,848690,30,38
91212,991369,60151,571200,25,45
205204,289848,78327,954511,43,4
75762,823202,106199,546964,22,37
245259,858102,99998,917839,40,30
194890,971593,18049,742554,36,38
246513,978217,248851,782570,26,36
64274,474921,180124,899296,35,20
14761,374759,630635,938456,15,17
544975,915214,248582,811111,28,18
337833,518853,308553,970115,33,9
67632,413739,46249,823227,38,17
321985,465780,143515,417756,13,7
104302,600254,456742,679912,11,24
22008,971798,267864,784630,25,47
305902,840197,67085,698352,31,26
202576,658276,123810,713014,29,22
19837,594769,780949,817768,1,28
8423,958075,450036,857287,20,47
470603,700933,465688,929439,23,11
471476,584501,9352,972647,48,5
116098,123548,23378,682174,32,0
204597,952867,578428,928214,17,37
14177,984642,68634,918557,42,48
48362,886725,380524,677756,14,41
41389,455053,25207,513132,24,20
16787,841709,71094,972121,45,41
84460,122420,638,852523,42,1
450082,683368,346713,988451,32,11
260573,587147,69145,733061,33,16
382492,783449,4528,780558,38,20
217135,935887,96249,762011,33,35
268027,921426,48593,943313,44,32
519937,988060,390948,813494,21,23
177234,912355,370601,431218,3,36
95890,680878,538347,796059,12,29
342662,605377,291426,710753,20,13
362848,920725,207648,947768,37,27
19801,976328,14901,880708,43,47
265099,934657,582836,995854,20,33
794909,952417,447877,828199,19,7
547490,797608,460970,529668,3,12
92134,619500,449570,842910,19,26
323720,410158,44360,857765,40,4
387809,885665,397594,909830,25,24
40039,170549,121755,426371,15,6
415086,519055,85221,778275,34,5
47272,921572,399224,732145,16,43
95061,683036,414356,790856,18,29
59227,763042,152429,380462,11,35
392059,981087,49048,996597,47,29
486378,716714,40748,995151,47,11
545697,958272,202186,729000,26,20
199986,931085,49711,953821,45,36
168308,917721,13297,531221,25,37
429862,647710,841947,921216,3,10
158317,933401,4841,486713,24,38
399714,732193,491079,629052,6,16
76355,446938,374966,516133,7,18
3007,967808,99052,618059,25,48
655309,961326,290567,320781,1,15
204516,723176,520078,902732,19,25
349445,959074,202269,771256,28,30
288524,466487,205640,854350,32,8
160777,988785,393374,882434,24,41
492385,685036,32253,786352,37,9
65374,581605,108820,933588,41,25
498929,543154,299747,974133,33,2
131856,742830,315630,556219,12,30
101630,715125,6034,672423,33,30
35302,589668,18236,994077,48,27
44324,407261,132360,912427,39,18
197013,770595,769489,784510,0,28
250870,684847,59717,692502,31,21
412493,753356,715349,976717,13,17
15338,593270,21230,743431,36,28
127456,934253,233030,428274,9,40
280730,974127,152509,902223,37,34
390018,989628,525417,677238,7,29
49935,877542,19062,912434,44,41
114082,729743,37385,995214,47,30
365029,847400,328833,917683,29,24
602021,642967,746329,898909,7,2
884777,955327,302199,961090,32,3
185150,750737,463558,706048,12,28
189495,446076,49303,951566,45,12
91468,644854,413046,944321,26,27
762469,932458,227168,497780,13,8
199741,888171,32622,640363,30,34
269639,934595,244490,684798,22,33
637379,638950,853078,958227,5,0
278111,649318,822,81363,4,18
242793,968527,148870,614452,23,36
6312,955849,465217,525077,2,47
139684,969705,15432,490378,23,41
3743,966409,174207,391450,10,48
153642,574520,605148,756657,7,21
52315,945817,666842,902660,11,44
52807,345783,73062,958895,44,14
15163,998684,587600,700142,5,49
153090,319202,418723,627272,10,8
726316,846827,287198,811632,26,6
48644,483056,52797,633660,29,21
592447,629017,17971,896002,43,1
163053,756247,653707,761427,5,29
194593,332753,162859,951320,39,6
30932,875528,365642,699415,16,42
103080,929084,371274,944060,28,41
355481,510257,58743,918482,42,7
111,997312,606628,734047,6,49
361173,626331,218232,976370,37,13
385270,728027,16091,979948,48,17
7537,997973,8817,987467,48,49
5299,682438,566491,571183,0,33
3534,965218,332688,884537,27,48
326299,934564,752514,913868,8,30
597565,669037,774375,924005,7,3
627377,780333,241433,814517,28,7
234765,833518,307431,838625,26,29
118787,981280,162596,972008,40,43
70815,971619,238507,692798,22,45
189927,843546,62235,612762,27,32
299027,962318,202764,461782,12,33
16066,928562,174948,937652,38,45
288867,465903,186283,894465,35,8
106548,830026,398980,880890,24,36
157508,564320,242416,353539,5,20
73230,880528,34770,678928,32,40
81534,489848,63074,990972,46,20
5562,974477,194906,969950,38,48
31764,659615,229986,851980,31,31
28077,995130,114927,814394,34,48
147460,282607,970774,983644,0,6
654651,970527,38770,996138,47,15
117553,987629,230891,588687,17,43
223894,621978,537476,930280,19,19
25289,709909,372654,560965,9,34
257516,827041,24141,158878,6,28
454059,624121,69883,732661,33,8
81727,944604,502661,812881,15,43
226989,957845,71386,967218,44,36
87978,706506,76072,983675,45,30
172379,686179,498335,558291,2,25
282595,784054,673082,673384,0,25
50872,615200,182344,591645,20,28
38914,819842,60846,765168,35,39
94437,896727,16535,875585,42,40
339187,737001,139166,358845,10,19
70069,955751,263803,343056,3,44
72099,719867,695767,883259,9,32
138884,804446,69889,989642,45,33
240729,871349,619239,991102,18,31
290504,851868,72325,851941,38,28
710582,724948,240852,732354,24,0
102037,419244,381567,985758,30,15
18643,728035,59034,398162,16,35
233794,910273,489274,726269,11,33
492934,705657,303119,996244,34,10
128791,936976,63856,975738,45,40
102327,874120,697104,924584,11,38
182057,968274,451288,985814,26,39
684354,835211,72465,939133,43,7
387174,968628,68447,383461,15,29
3351,950244,285106,980236,34,47
94695,774498,337355,965997,31,33
258228,471534,511177,701925,9,10
13107,829451,4165,330026,16,40
150395,427991,105505,580061,23,13
432980,781576,19813,656527,31,17
251640,512541,26537,534148,25,13
718134,896324,114214,978448,43,8
180367,490458,745702,812912,3,15
104969,544076,692194,918981,11,21
272615,605528,293107,583416,14,16
720780,954575,115501,984307,43,11
195464,847005,34482,344151,15,32
151501,648604,28868,930442,45,24
56448,916433,158022,864776,35,42
53324,699582,172895,462939,14,32
603747,872643,70625,725576,32,13
89671,133908,358681,982026,31,2
517487,545602,225446,437295,10,1
30521,610230,106159,973429,43,28
34114,901123,117043,406192,14,43
328985,605470,38676,604871,28,13
345279,701725,144970,349084,10,17
499472,573794,65866,312630,12,3
285823,458186,222689,322289,4,8
171887,937840,30755,863377,41,38
2579,994993,2359,987373,49,49
132732,773901,283232,975834,34,32
545510,863665,228352,777771,27,15
825537,916953,47379,682144,31,4
18732,976114,365100,527931,8,47
297020,728665,74497,844001,38,21
78805,958699,119859,968312,42,43
1004,981489,118884,650455,26,49
59987,999893,116680,998698,44,46
29369,841731,203421,638453,21,40
27942,838466,13828,986574,48,40
654648,735158,135656,615928,24,4
783685,792737,105625,860949,37,0
35488,937905,563778,810125,12,45
174507,952058,67025,950151,44,38
400053,923759,355590,604766,12,26
350196,926151,17167,721628,35,28
59096,851126,32809,978519,47,39
736637,972179,383419,877295,24,11
17426,247911,64996,727379,33,11
74154,759121,10357,976033,48,34
156080,597378,836583,857169,1,22
202909,883881,26631,537823,25,34
15283,212310,106435,919694,40,9
347842,900120,204523,833517,31,27
373465,941103,7809,990847,49,28
3262,202960,150640,556617,20,9
104143,903537,17696,981723,48,39
877967,953210,160816,872512,35,3
52710,894616,473999,963571,24,42
126759,938220,772285,999043,11,40
316862,799644,70417,931533,43,24
266542,624045,36712,930095,44,17
145659,167040,200584,530168,16,1
172045,751037,130815,589765,22,28
598519,657983,128438,990993,43,2
90152,698214,459281,895300,21,30
687660,947749,6103,989366,49,13
36431,977804,182922,430260,12,47
226091,750326,5236,509032,25,26
761486,953880,329387,839204,25,9
239033,805240,61061,710836,32,28
57307,784236,179054,270686,4,36
450602,766131,87391,994608,45,15
4176,965415,20022,457145,21,48
550183,865436,68045,944956,43,15
106707,660328,1054,999396,49,27
16870,294215,102571,916183,40,13
431377,686173,52617,572649,26,12
604430,906122,27665,799860,38,15
34560,800427,175140,972696,39,38
189,966932,350508,978453,31,48
293360,821012,211525,898694,34,26
3193,905547,223951,881744,32,45
138996,881351,191297,604240,20,37
289881,823008,79586,686188,30,26
336230,788364,409548,410535,0,22
46459,686981,54661,972217,45,32
28928,932485,4121,991937,49,45
63332,923911,184941,362593,8,43
127796,819837,299326,305686,0,34
36079,978407,229663,347690,5,47
622389,848085,475793,993411,25,11
236386,509069,294531,968670,33,13
11595,800245,172580,661956,24,39
506648,933269,642521,643192,0,21
197752,532506,46056,240227,9,16
153159,791375,506717,851320,17,31
412308,963058,10117,936712,46,27
391091,519232,18594,571160,27,6
676935,892452,245058,949410,35,10
245598,908982,185224,618881,21,33
167836,571607,36893,430099,19,20
30245,965946,308227,674364,18,46
51382,948214,15339,486352,23,44
185430,974872,352539,723862,18,39
526201,601112,810436,892985,4,3
560876,764561,355508,414061,2,10
712865,755339,539643,715012,8,2
49737,909668,126684,645647,25,42
366960,504335,44214,745826,35,6
905154,915270,259466,486268,11,0
165299,233813,814836,986758,8,3
133394,926755,39448,170333,6,39
470024,939405,318162,973714,32,23
544705,930312,255419,890522,31,19
193176,424433,82372,975383,44,11
596080,985749,163941,886560,36,19
214156,475375,225855,335299,5,13
87064,768897,185957,846017,33,34
345989,971914,606145,769699,8,31
150984,848422,128892,725079,29,34
668685,781187,761656,788931,1,5
462984,909038,329679,539576,10,22
314300,976434,40307,853228,40,33
170189,254166,387001,810717,21,4
211961,616107,52861,403759,17,20
664133,824789,61150,560960,24,8
212765,585314,897440,943134,2,18
104812,985447,30028,825135,39,44
238200,569399,219103,224283,0,16
70121,897768,44398,357367,15,41
282767,566712,31446,837495,40,14
36967,413048,10978,968512,47,18
262632,644601,3686,899265,44,19
106207,594893,222196,608084,19,24
331828,634280,168685,986483,40,15
238293,514119,10355,742035,36,13
162472,619708,44399,300513,12,22
29956,732987,854135,871069,0,35
233088,979782,909019,977053,3,37
352667,422190,230690,435969,10,3
35548,753640,374001,929506,27,35
640562,824071,43797,838753,39,9
38932,686868,304690,972619,33,32
5892,985697,502741,776523,13,48
13657,500804,364825,938231,28,24
56489,896615,177462,856432,33,42
333971,574978,74237,569253,24,12
21131,950646,489844,816915,16,46
32702,432208,963066,973692,0,19
138924,649735,27482,775668,37,25
262073,597508,591626,809743,10,16
228011,844841,479681,793006,15,30
257486,975438,65603,895361,41,35
380149,891047,442534,659272,10,25
1979,871179,84522,959415,43,43
99295,935030,543810,822361,13,41
77516,959634,467621,587112,5,44
924789,997293,416962,522740,5,3
382182,436387,234411,809333,28,2
171672,263620,4510,945768,47,4
81889,997721,43594,436467,19,45
135589,599978,689440,950160,13,23
537183,863881,4875,969884,48,16
103539,292464,241690,809099,28,9
81199,589996,97916,248259,7,25
73026,377191,238015,835082,29,15
81316,835035,76255,918218,42,37
34793,87135,231453,572471,17,2
243357,609488,61211,736149,33,18
272192,276745,26271,360467,16,0
295927,636833,479497,830546,17,17
83301,988198,157587,900875,37,45
152335,858671,139209,851503,35,35
330647,865276,203782,483435,13,26
168528,842216,821,945698,47,33
109600,799372,2543,989792,49,34
575620,788182,264856,687107,21,10
108814,634002,43978,698904,32,26
311956,478001,58102,857494,39,8
174717,993060,701459,718697,0,40
11571,151261,39142,637113,29,6
155836,994216,15341,421937,20,41
9242,771234,448248,889214,22,38
379324,633526,80605,961691,44,12
614956,877073,185146,487039,15,13
7976,594837,608019,624943,0,29
503847,996346,465317,644617,8,24
377625,513313,22409,984690,48,6
194375,877420,99098,951845,42,34
493956,938941,213575,662921,22,22
15550,955446,2464,990320,49,46
309981,632953,695543,916255,11,16
373779,523762,117272,356967,11,7
43282,612210,128078,987185,42,28
226081,884345,261037,780876,25,32
61276,745321,209569,553698,17,34
55445,957611,188148,985694,39,45
400479,463132,57931,732132,33,3
535371,995543,801670,923476,6,23
604883,716894,215993,526436,15,5
487573,565539,32827,930937,44,3
26383,996970,14519,979716,48,48
66880,659656,23047,992720,48,29
7768,990347,75920,390307,15,49
46688,982251,271636,397851,6,46
369498,458139,180901,834549,32,4
189429,997620,299973,393115,4,40
14517,866578,438470,732502,14,42
247851,862801,287897,745459,22,30
64275,979735,283225,754375,23,45
319228,831747,179244,848952,33,25
194950,825735,71521,911347,41,31
443465,649715,452522,972954,26,10
105505,340407,312880,715639,20,11
12425,999990,15264,841016,41,49
19102,268970,408041,880797,23,12
272777,842758,5761,696123,34,28
164014,910584,4326,605230,30,37
600746,689457,12355,227963,10,4
16154,937889,36151,732596,34,46
144028,901004,113145,867945,37,37
270488,882035,129276,770789,32,30
130470,924178,305709,988153,34,39
317726,875729,247226,544734,14,27
429521,474489,926471,942849,0,2
171716,845136,510482,623986,5,33
88496,773298,55323,994781,46,34
241728,988444,31259,995469,48,37
102302,617480,376170,733134,17,25
217832,880401,114882,715385,30,33
99457,529741,36811,973864,46,21
428990,754416,138759,745509,30,16
942031,944934,81748,928828,42,0
69430,593636,14983,958082,47,26
342662,881919,172384,920290,37,26
28346,300160,53092,968420,45,13
36613,937471,270882,619133,17,45
623152,935556,4347,935201,46,15
614704,705665,53777,985029,46,4
287571,683034,496335,727823,11,19
63936,988068,203463,435983,11,46
113453,762013,756,138514,6,32
83447,881871,27110,938237,45,39
16726,509750,525117,658769,6,24
374711,411985,228704,484771,12,1
4969,968515,560172,917362,17,48
65498,722909,481330,924176,22,32
257842,827643,29811,985396,47,28
46510,86833,66125,997001,46,2
151607,451874,154738,941303,39,15
282629,895984,17527,991535,48,30
409095,425731,32834,303445,13,0
194033,987042,849547,882739,1,39
16376,929929,227631,822675,29,45
270883,398812,279968,498603,10,6
168457,555757,531345,793435,13,19
1068,786919,25079,956096,46,39
214350,463143,578951,797414,10,12
208916,834696,433252,767009,16,31
221964,555192,69691,593433,26,16
258280,599889,389035,871668,24,17
42770,974276,96119,997960,45,46
14597,930840,441903,678597,11,45
156322,970576,21462,881774,43,40
435543,561468,407984,736735,16,6
151542,971327,316361,777839,23,40
94775,457644,173280,658445,24,18
439437,893301,598414,969128,18,22
60431,743560,152308,450777,14,34
10770,756295,40109,615019,28,37
3720,998226,507891,607606,4,49
299136,673093,28921,929136,45,18
362427,955672,11305,226571,10,29
191423,948658,7190,9155,0,37
164431,968781,302299,666740,18,40
1373,930417,286456,590120,15,46
28158,984337,374273,555831,9,47
83551,926608,16320,960687,47,42
52599,931068,191921,857071,33,43
40794,970766,229704,887800,32,46
39342,770656,211546,531055,15,36
61621,967748,798291,976135,8,45
165672,749348,222898,773930,27,29
213339,623674,157057,455573,14,20
140827,599818,218977,400227,9,22
16214,998269,236282,605586,18,49
119911,970060,240,992613,49,42
430676,899200,571819,814652,12,23
310513,764921,506170,808267,15,22
437103,800020,429378,618129,9,18
13025,361362,830312,899215,3,17
378136,897069,11579,699929,34,25
29695,751204,566132,570703,0,36
433172,946010,469390,530944,3,25
223416,988333,427725,839306,20,38
36423,704151,382233,968292,29,33
110180,863039,480412,875847,19,37
83818,228604,92560,899000,40,7
93469,936925,269943,897930,31,42
359211,383231,618858,719758,5,1
267522,990959,64403,857388,39,36
388940,540766,448471,539848,4,7
61957,868736,229233,778869,27,40
46406,516254,56648,798834,37,23
617951,809208,8188,992814,49,9
67395,966215,18416,679470,33,44
634963,742160,361213,822451,23,5
850416,997411,157433,166238,0,7
53490,978871,78814,942725,43,46
4274,878930,68570,273736,10,43
273321,709773,431974,603765,8,21
160393,845708,342212,461622,5,34
466062,897524,92093,768839,33,21
476545,603321,255478,481373,11,6
565589,612290,567298,838925,13,2
13106,980677,205854,929391,36,48
244095,721857,75712,564607,24,23
86144,987304,34891,843104,40,45
165841,967671,362953,671195,15,40
809051,813146,554567,631714,3,0
297127,830746,30719,965848,46,26
166237,553212,654662,770052,5,19
193838,990085,43105,841069,39,39
629310,856981,613396,708652,4,11
233529,995035,244855,342610,4,38
380300,415584,346046,901851,27,1
264103,418733,531433,576879,2,7
22027,949980,421358,857589,21,46
415534,821812,718192,773005,2,20
169172,957878,140064,980458,42,39
58231,785803,7919,986161,48,36
489421,554640,143471,981980,41,3
78578,432065,529456,658213,6,17
78537,980497,109381,714857,30,45
47726,954536,101895,943768,42,45
482683,691980,46573,639995,29,10
142814,763950,720910,937068,10,31
92826,232816,360557,765165,20,6
63534,203548,386894,745640,17,7
124575,249158,88682,836782,37,6
935,976760,580744,876518,14,48
3074,828324,482525,916833,21,41
91516,235312,179732,917270,36,7
1018,167693,27172,181352,7,8
127931,958598,40620,988397,47,41
21763,981691,273886,419770,7,47
396284,934039,855504,937549,4,26
81680,430698,165947,767195,30,17
172813,969444,593162,595241,0,39
366298,908599,127197,996897,43,27
290076,709215,218632,873781,32,20
286931,864953,633935,927066,14,28
40476,995029,160198,731005,28,47
207840,645707,775427,846420,3,21
41364,965285,630734,839079,10,46
302557,381919,545501,826153,14,3
66590,837323,246016,895515,32,38
16089,989063,339879,876389,26,48
88133,824652,91366,959188,43,36
438467,806594,156801,972208,40,18
242430,760795,102359,590981,24,25
222547,558818,167858,573562,20,16
24995,754648,49743,824622,38,36
66484,654857,137238,768292,31,29
64224,167935,79105,319970,12,5
236834,801490,815,56120,2,28
845725,875291,227817,898966,33,1
741985,815008,1517,508438,25,3
458963,734596,812841,896832,4,13
42923,327155,730500,793171,3,14
268005,662714,232679,655957,21,19
108547,805407,79598,849403,38,34
128064,479469,647868,751802,5,17
207816,717334,1125,999684,49,25
220504,957550,188202,995419,40,36
67415,894716,405527,917909,25,41
44793,786040,407913,635923,11,37
623083,633243,16644,921584,45,0
28445,934228,97319,214555,5,45
99652,919319,401046,515423,5,40
471303,832801,7547,979974,48,18
217405,995970,97827,950421,42,38
82561,803547,9603,963698,47,36
13426,852221,71313,852262,39,41
46291,525563,175818,841016,33,23
309654,835120,426947,765464,16,26
223995,798356,577367,954693,18,28
56232,479147,97015,819757,36,21
184424,859398,58608,891399,41,33
250700,857253,33323,864353,41,30
11252,956281,77039,979614,45,47
701336,798992,14516,989495,48,4
269714,763489,55242,840710,39,24
93085,898632,102616,361626,12,40
324743,831151,29727,199235,8,25
499608,737542,115883,553240,21,11
258,999255,386760,717424,16,49
179961,670713,398167,735867,16,24
344645,634332,25420,54428,1,14
385926,518125,839956,933528,4,6
142662,422113,70873,901999,41,13
361498,685803,972,567328,28,16
168048,548265,20463,966483,47,19
344447,483732,136558,309895,8,6
790229,888361,7335,828095,41,4
520983,975619,54604,883220,41,22
733400,737989,178379,906675,36,0
111946,973811,33814,979641,47,43
222993,828563,76835,932020,42,30
32008,174317,249010,542426,14,7
189207,680762,635108,730801,4,24
182556,807793,102679,872794,38,31
83897,554336,545727,767403,11,23
278270,945212,57286,948563,44,33
2122,472122,72620,982072,45,23
2046,928367,169287,735231,28,46
742489,823299,509792,906144,19,4
301670,704877,119503,209372,4,20
50990,966610,322,438957,21,45
624364,667584,427673,622597,9,2
27257,628874,179764,811524,31,30
317216,372657,601622,678639,3,2
126418,853894,614720,903747,14,36
393130,978546,24465,809428,39,29
144685,449303,521296,931220,20,15
373909,653899,385148,670226,14,13
190114,889356,125324,673053,27,34
171596,609572,170842,918843,37,21
20991,976134,108807,746059,31,47
574863,956753,383641,736727,17,19
468140,910447,5260,951194,47,22
289463,474099,184178,266537,4,9
88886,942909,55560,519899,23,42
445696,923444,463858,940067,23,23
3370,994533,99827,981636,44,49
60756,183426,57378,995890,46,6
260379,605505,234023,784624,27,17
9171,155224,433447,920348,24,7
204142,658715,279046,772013,24,22
22921,867100,418788,730303,15,42
338648,774382,163918,877195,35,21
616957,962100,126907,535909,20,17
784456,921540,64600,741319,33,6
14266,415724,259864,279540,0,20
29425,559339,965954,994250,1,26
276109,927893,146848,975289,41,32
33322,184760,240789,575612,16,7
532487,824417,129683,903403,38,14
431646,663085,20092,292219,13,11
142555,784375,350830,372724,1,32
335826,517526,340830,824794,24,9
120152,967171,288188,378634,4,42
300305,691739,11521,980476,48,19
16956,845344,135705,896436,38,41
563088,782910,239973,966039,36,10
146306,621334,725310,785242,2,23
92916,174055,3022,997179,49,4
402463,821412,82490,882755,40,20
290842,577496,205767,871300,33,14
140336,444638,33572,416276,19,15
7,997372,759236,948064,9,49
325938,416312,164670,294811,6,4
13686,884864,12266,120265,5,43
7212,916806,529296,536065,0,45
17054,760136,54448,924033,43,37
238216,936105,62743,981770,45,34
27347,967650,128354,210074,4,47
27187,993142,75007,896527,41,48
88494,765021,35073,527082,24,33
479498,903618,490302,995702,25,21
79677,944144,60074,845889,39,43
199043,303759,57472,921876,43,5
297815,792462,328363,945408,30,24
136286,995606,104812,800912,34,42
870990,931441,9238,955934,47,3
938707,994170,20119,337863,15,2
22899,925342,301102,969793,33,45
555122,723010,280974,898478,30,8
204962,320383,291008,941168,32,5
88591,789697,249295,981322,36,35
117258,608159,103892,371263,13,24
420707,916776,480162,517147,1,24
89447,957327,234947,916420,34,43
349457,920819,699944,809931,5,28
27246,173036,26946,997179,48,7
13276,855274,693935,921050,11,42
50123,998418,334884,719123,19,47
225839,659459,147103,978722,41,21
466861,578235,432369,714882,14,5
35235,997757,63322,376293,15,48
140161,750407,742336,951241,10,30
394445,654791,85276,139306,2,13
185016,374201,109053,980410,43,9
701708,934071,199300,364387,8,11
5616,998188,382442,456613,3,49
23321,965016,187738,945984,37,47
475047,944215,177846,905150,36,23
86475,387961,2523,999781,49,15
132456,186659,142099,994206,42,2
738563,797106,221171,352866,6,2
77643,833071,162574,997220,41,37
28887,837730,455403,853476,19,40
84462,987956,44547,998109,47,45
3024,996579,140587,694244,27,49
588159,625788,268535,830580,28,1
225175,966387,5968,680397,33,37
124495,721256,69678,661907,29,29
47264,636849,100278,969873,43,29
267141,324490,606148,689896,4,2
206544,988171,170190,235721,3,39
361538,689746,282770,923021,32,16
64016,541632,304735,807129,25,23
68728,831394,664551,838169,8,38
64003,991354,3572,501354,24,46
503329,588270,566490,726954,8,4
360716,516684,194843,885898,34,7
3349,694944,456225,945960,24,34
15875,440323,18857,987520,48,21
4084,999982,463606,979437,25,49
678973,908828,38281,859394,41,11
190900,401576,1829,932594,46,10
863239,865231,1774,980176,48,0
299739,353268,154428,761451,30,2
456060,629791,65406,810369,37,8
430322,963671,707233,891053,9,26
137239,594844,550904,668506,5,22
215084,968517,306154,929631,31,37
444929,669271,149167,887746,36,11
1948,997829,231412,684931,22,49
817841,943960,48681,999922,47,6
51789,750652,34275,983918,47,34
179479,982477,676960,811668,6,40
216956,644503,46539,136909,4,21
208372,895895,787548,847024,2,34
785646,833311,97592,992799,44,2
29819,854662,501001,735765,11,41
81125,678781,14654,929767,45,29
260065,736060,91213,892712,40,23
430255,444733,493303,543042,2,0
335043,779318,261772,653544,19,22
412363,602270,34640,886292,42,9
136989,937631,333839,908920,28,40
115418,982100,463109,968826,25,43
5913,911617,126428,849678,36,45
547608,600684,281329,760652,23,2
71417,982617,374552,779548,20,45
250403,955835,203669,731202,26,35
32270,81028,663391,683934,1,2
130874,806299,171797,646041,23,33
149433,361802,293977,677744,19,10
14082,825750,62060,894929,41,40
13006,994140,113509,912655,39,49
29743,950512,809191,879509,3,46
394013,508133,6201,999930,49,5
190939,743697,767506,899629,6,27
44674,780483,746383,991141,12,36
155820,532007,23502,299387,13,18
130602,728176,105648,939598,41,29
308336,764259,59474,971681,45,22
539689,797979,67638,825884,37,12
278759,912247,273033,813621,27,31
17254,655612,296667,943901,32,31
20389,926087,47023,961796,45,45
36478,915263,253964,996512,37,43
126502,596375,4182,780669,38,23
3198,912105,31719,530825,24,45
656117,734129,61069,79972,0,3
498757,900464,30995,891586,43,20
527281,935108,241346,866112,31,20
99056,345415,4183,994203,49,12
24034,997360,289885,779835,24,48
284773,317869,337632,504701,8,1
214039,709905,158628,340006,9,24
629936,835821,203906,694450,24,10
197879,944113,174913,883289,35,37
14816,898916,348046,646810,14,44
619834,912320,8605,491407,24,14
773887,866055,127134,185725,2,4
181709,607309,53710,972935,45,21
241917,322811,159402,600044,22,4
172204,992725,219613,848341,31,41
250361,763717,491975,797849,15,25
85509,990055,712,363675,18,45
406703,920437,208979,679061,23,25
629413,989546,168489,896274,36,18
53417,659133,72240,807233,36,30
33953,993284,135484,899418,38,47
175738,957218,781886,999006,10,39
572086,872183,35389,572405,26,15
10070,123267,55364,965848,45,5
54434,769809,792699,818981,1,35
466721,679777,26677,660073,31,10
671483,841397,393163,981800,29,8
722321,813515,6322,898321,44,4
27603,673114,173067,661057,24,32
93273,864081,146326,409285,13,38
218116,780246,552559,743542,9,28
245131,898980,22709,990343,48,32
151067,893700,179848,902396,36,37
532401,932003,327747,842469,25,19
462232,573183,172350,291106,5,5
45687,164939,15413,898405,44,5
49241,181773,514580,902815,19,6
388112,461083,621069,967123,17,3
570070,787268,355721,967591,30,10
111407,977314,9521,192084,9,43
19596,173280,187704,888803,35,7
653603,719768,91908,952695,43,3
144700,849135,229201,996422,38,35
97145,941976,17982,754910,36,42
599663,929525,165591,984808,40,16
546947,700920,583468,790517,10,7
426326,738664,537695,849884,15,15
105485,650724,515083,861224,17,27
11347,980705,36652,992239,47,48
72545,893769,408,996033,49,41
503817,796939,4146,983754,48,14
288,996915,70183,923370,42,49
61289,822201,205563,973706,38,38
356026,507530,74196,993246,45,7
76065,955855,33116,413727,19,43
152965,244296,412296,972369,28,4
244397,974226,388659,902605,25,36
199746,418846,561196,730080,8,10
302156,768802,208662,614919,20,23
83209,810210,135181,972076,41,36
13294,967318,55985,529009,23,47
706294,767489,57981,122156,3,3
133890,505645,556777,636504,3,18
30015,469582,117754,681339,28,21
99659,842013,4298,796448,39,37
316770,952880,317119,831224,25,31
571864,991997,204391,510563,15,21
875448,894366,40491,715558,33,0
401094,732744,333380,657908,16,16
733975,914412,439415,913476,23,9
36643,94922,9401,848104,41,2
45199,983980,455453,980214,26,46
353189,616751,577087,924405,17,13
663322,774790,216940,802706,29,5
430071,536966,293543,863499,28,5
20610,995011,834355,939874,5,48
333566,888400,323197,837146,25,27
516231,629182,55692,836687,39,5
130770,750191,256287,384088,6,30
19080,877837,156667,975152,40,42
42751,990460,155356,645866,24,47
840874,994228,11312,798716,39,7
322184,938390,59827,925296,43,30
654753,895387,301419,684303,19,12
34954,982740,759553,979781,11,47
8592,994300,261126,479554,10,49
160729,722921,453073,772156,15,28
610057,700623,285,914553,45,4
285245,710422,311588,850829,26,21
134903,882316,18505,237296,10,37
45321,574701,15843,987739,48,26
234255,969573,190153,878781,34,36
106628,858351,57460,705420,32,37
163355,692061,354495,527491,8,26
40807,975809,291411,709668,20,46
73511,998450,172027,918245,37,46
7457,986572,45393,626035,29,48
21195,171405,239267,984588,37,7
144838,852965,161277,959043,39,35
48625,901240,20134,981770,48,42
30427,283896,161837,825873,33,12
108041,975685,63758,511653,22,43
169619,663692,411249,765837,17,24
528232,750697,161667,264946,5,11
125384,757581,503159,612238,5,31
186744,685013,305648,957754,32,24
365158,992450,12554,865173,42,31
71260,778117,285541,880131,29,35
186881,858297,98086,378932,14,33
108615,164869,85297,831454,37,2
402912,607457,282309,945184,33,10
186378,980006,321883,472227,7,39
55962,431763,158304,330385,8,18
582664,697920,129667,989106,42,5
32049,994305,126343,944536,40,48
69067,956973,432134,624107,9,44
114010,775923,2135,997338,49,33
612622,945580,150673,636326,24,16
115,920344,328622,720780,19,46
709356,943475,198860,419158,11,11
1457,999963,843815,883045,1,49
111492,958066,202068,475664,13,42
80274,975204,52298,371963,15,44
43369,556039,19606,781965,38,25
83806,920278,5341,675333,33,41
287608,339595,31823,936657,45,2
465251,766941,136189,973398,41,15
298585,560781,385947,405425,0,13
122868,502270,412959,879912,23,18
77668,984958,28647,949515,46,45
347442,892392,85347,492954,20,27
362410,820133,237879,299700,3,22
77914,969671,269011,879095,30,44
181010,828047,434799,665938,11,32
21477,146785,120425,489406,18,6
134552,977600,907846,972584,3,42
434754,709884,141546,576933,21,13
161078,409959,156997,181192,1,12
481673,504416,222996,320216,4,1
738632,742932,194939,986490,39,0
317844,479152,22,999842,49,8
15777,816922,6633,27292,1,40
197891,869551,3860,562739,27,33
544186,810533,10309,870954,43,13
196350,988608,189010,824843,31,39
375265,717975,56435,894831,41,17
309083,514809,558886,857521,14,10
170448,716837,366018,728468,18,27
24980,919005,2716,887543,44,44
495932,761925,797711,942925,7,13
106450,249529,170563,944818,38,7
370719,544742,256390,364339,5,8
240567,673983,506103,526968,1,21
374052,509522,278106,928076,32,6
242769,968727,102482,808474,35,36
394669,983581,315755,792222,23,29
326272,360283,552574,871957,15,1
364019,844122,306579,707866,20,24
62474,955888,12392,934076,46,44
201441,404375,14212,328766,15,10
42530,988786,355266,893202,26,47
94515,739366,65071,921322,42,32
176890,922278,230876,780724,27,37
413317,598430,20023,640034,31,9
226128,889722,58233,795541,36,33
69982,761545,123906,355344,11,34
157654,694169,11374,999724,49,26
633996,926564,270484,636148,18,14
125946,971363,176272,434559,12,42
485796,953656,444257,818577,18,23
841582,929948,115703,849632,36,4
357812,358497,18622,382452,18,0
215779,545295,3065,826390,41,16
526289,827747,164506,923451,37,15
228443,424681,763014,801478,1,9
4877,774194,52080,520595,23,38
181641,364787,22279,579808,27,9
126355,691364,156877,665271,25,28
309962,396045,85619,364516,13,4
139735,665794,42636,857597,40,26
131024,786054,734632,777977,2,32
43811,944772,518482,649558,6,45
37325,757003,166846,588452,21,35
34844,957840,52831,850113,39,46
372515,500804,34510,318926,14,6
232600,510613,9555,978600,48,13
799103,903837,33715,986650,47,5
57609,952042,217101,663496,22,44
75052,782225,300492,958108,32,35
68268,771878,154191,283275,6,35
188404,864294,254340,934865,34,33
333079,362306,218649,403526,9,1
118338,726196,200148,812822,30,30
114790,525256,73421,478413,20,20
355012,840041,423391,582730,7,24
510266,963591,653660,782614,6,22
267739,962326,135914,774675,31,34
331509,884961,268746,382730,5,27
111929,461325,374617,942923,28,17
243234,393457,274882,731291,22,7
272732,775492,141186,583257,22,25
184825,419235,475904,839744,18,11
118213,614438,389643,821232,21,24
185597,667064,410385,724362,15,24
374549,573530,316829,701355,19,9
521920,700898,240732,415479,8,8
119540,621722,308873,588899,14,25
39946,378750,11597,996445,49,16
130318,414286,708458,862841,7,14
56274,574476,528916,614671,4,25
299092,484724,852146,903893,2,9
22171,318306,591449,687129,4,14
193191,377646,175813,946537,38,9
457133,982973,278152,338042,2,26
414084,592196,10801,828314,40,8
126179,545886,322658,644534,16,20
310893,871006,17526,651448,31,28
469664,983235,61,190447,9,25
138938,767418,342816,574021,11,31
686666,943404,7960,974696,48,12
134098,690817,266553,761365,24,27
582943,812496,164982,978605,40,11
47396,656639,333980,436100,5,30
144,975587,593240,745637,7,48
58968,897952,65374,783246,35,41
842087,997213,69626,650700,29,7
37602,966989,684609,795342,5,46
365038,773960,29387,530385,25,20
216667,822433,51814,147719,4,30
443617,804796,273136,798373,26,18
151627,987063,280357,627890,17,41
136808,365639,93587,172395,3,11
21157,990268,45542,964949,45,48
103130,133962,741557,767933,1,1
55268,583240,481479,922109,22,26
765947,818030,209554,747267,26,2
423464,777262,262073,941682,33,17
10662,692709,106560,496356,19,34
748515,901201,311260,333160,1,7
30964,449453,615685,880958,13,20
364675,915939,42775,996382,47,27
724836,837113,520442,937967,20,5
351073,626740,205593,925051,35,13
224546,257293,137722,960951,41,1
40970,778136,668727,721276,2,36
243663,957221,220260,628340,20,35
337,898860,262768,798880,26,44
5801,958025,209274,989905,39,47
147248,659226,237886,601826,18,25
15728,684052,70045,869799,39,33
77497,646980,158678,736828,28,28
222176,297730,619946,954657,16,3
951348,959855,269987,520775,12,0
