29475,934421,174079,549578,13,45
60250,934849,97776,412838,8,43
602795,716188,464371,467015,0,5
10450,572970,43825,900270,40,28
791220,909741,917194,990513,7,5
48076,998331,749777,879572,10,47
435563,995517,494594,986446,36,27
100033,817832,503785,994357,36,35
279496,941793,88422,495340,11,33
89876,962169,251724,839306,32,43
110279,983316,175957,286535,2,43
837885,885751,576319,747377,11,2
85481,791016,68381,162965,1,35
27678,379559,528052,645611,6,17
468794,958729,46634,693815,23,24
95723,693426,249725,457140,7,29
329992,761188,93601,583087,16,21
10191,637823,270073,393721,4,31
46712,903324,737983,811949,5,42
23018,962272,57121,504764,12,46
819167,924201,22564,874612,38,5
106139,731626,171854,257896,1,31
8891,729360,138431,746822,26,36
714285,875965,213100,570837,13,8
438028,692549,66675,906232,40,12
152563,436559,265695,876123,34,14
204209,463787,281337,783963,26,12
494912,830914,71928,873144,37,16
506759,779414,499557,797119,19,13
127159,900608,89915,303717,4,38
66288,499519,52943,133750,0,21
42279,883892,678661,843088,12,42
73653,925210,243464,999243,46,42
481630,513652,135583,882643,37,1
80656,881895,667939,892022,17,40
295238,765865,722473,807366,6,23
15936,179338,549971,927191,27,8
95310,683701,77164,559107,15,29
300635,465444,350194,956645,39,8
327833,625864,248942,296738,1,14
414370,778716,39926,953939,45,18
462755,592359,47133,504178,12,6
62449,96338,270060,731847,23,1
791981,848823,208532,467817,8,2
333556,564566,53592,671486,22,11
244433,999349,771752,968950,17,37
345282,947335,20354,339549,5,30
591878,593372,14610,960482,46,0
565894,831644,100956,681862,22,13
330442,505681,54012,330575,5,8
75871,978588,694052,858622,12,45
861006,863241,484516,614980,7,0
128743,952471,173902,931043,41,41
163908,953695,439709,902623,31,39
530922,759831,902233,946581,4,11
587192,661419,37396,926662,42,3
227100,747193,140476,849214,35,26
512733,726761,3790,970327,47,10
167387,821261,11625,986862,48,32
234126,431919,464600,703229,13,9
274067,320563,717429,992644,23,2
173625,630055,233678,878081,35,22
89738,560872,203065,598759,15,23
110047,706071,25927,998869,49,29
289400,805772,187702,228978,0,25
1707,779051,28216,422736,8,38
153484,959276,34455,897901,40,40
417972,872451,238229,912990,38,22
130610,951842,161006,161835,0,41
166654,747770,97135,504098,12,29
143363,162437,89722,635368,19,0
359279,841535,511032,861226,24,24
180016,884913,532260,785216,16,35
47603,983617,16910,812757,32,46
114418,738607,624263,672690,3,31
565035,961349,419164,684924,14,19
276238,309642,9211,966011,46,1
30695,982500,896356,954415,5,47
37513,894600,28710,980074,47,42
533500,882370,89182,797599,31,17
117042,928681,477277,706235,13,40
328829,971787,620828,766240,10,32
520760,965567,79778,662156,21,22
20028,386913,361737,786125,24,18
233618,977395,41528,683946,23,37
459021,879114,43572,972899,47,21
16208,978517,158718,357645,5,48
47058,636422,385026,622900,11,29
13058,915060,32025,895503,40,45
387460,901459,21727,911625,41,25
101237,807247,246071,599795,14,35
18791,993445,90193,536509,13,48
383578,509572,118458,952441,44,6
210645,657510,553351,798101,16,22
6658,484200,368443,601822,11,23
81057,275447,67434,675700,22,9
57249,895739,362790,876807,31,41
297206,818620,16127,818753,33,26
29751,983642,1572,965270,46,47
87035,215872,44229,890126,39,6
502416,868221,327455,507905,7,18
19359,944875,38129,966780,46,46
2736,920717,705257,817872,8,45
855780,910160,506365,624080,6,2
184987,996500,131854,965303,45,40
125647,886409,342047,680006,17,38
3853,893979,4978,993684,49,44
80728,878274,19776,979962,47,39
121385,982944,198373,871459,35,43
102486,535907,126139,577114,15,21
577180,924672,655965,881666,17,17
165600,999327,210738,513534,10,41
27333,976168,37601,259151,3,47
263247,280550,106758,909367,40,0
411292,653102,90317,691938,23,12
81216,931397,89473,236404,2,42
313676,531718,9896,910067,41,10
688279,951227,146506,862322,36,13
304339,758155,116504,898257,39,22
527697,944611,9372,994908,49,20
93238,538473,353845,788514,24,22
290640,665014,114530,929996,42,18
190869,723316,342242,802207,26,26
274277,878243,388182,881999,31,30
193261,988161,349316,973953,41,39
9039,226533,88985,796523,31,10
697489,764015,308214,930220,38,3
228276,293468,108642,709035,24,3
193445,720464,257504,782027,27,26
552467,812602,136072,857592,35,13
442759,608741,3457,994760,49,8
350501,857075,362610,684959,16,25
191301,633986,80194,945537,44,22
313880,572320,34583,968741,46,12
55165,487454,148768,679914,21,21
52204,540760,361371,880765,32,24
651599,883663,189933,193082,0,11
32957,140964,110597,794104,30,5
290641,968670,188006,192752,0,33
48097,969805,117810,474696,10,46
706687,989372,916274,985269,6,14
301644,950349,168085,823385,32,32
16173,891562,314182,995924,44,43
261535,529598,245482,453785,7,13
628927,683307,227354,627346,17,2
29001,971640,183050,991975,47,47
197445,725135,439966,910501,31,26
40962,661606,48318,756646,28,31
652768,703159,2149,789870,31,2
752835,897525,349843,633326,13,7
476435,716198,142056,591785,16,11
69250,507751,166254,949438,43,21
19281,767783,98556,679327,22,37
236142,950821,56856,823289,33,35
426734,751805,5674,804370,32,16
148286,652358,307876,455710,5,25
123318,447333,458566,906531,30,16
354234,719226,473989,764878,18,18
316554,827697,571622,644582,4,25
599183,673148,72734,620879,18,3
18558,938121,79583,196830,1,45
34356,467915,27735,675077,22,21
632018,793213,72753,700849,24,8
87427,774875,357995,737900,20,34
8540,948764,418883,808304,23,47
1430,885528,188269,455892,8,44
36410,627570,17703,721186,25,29
542171,946144,90339,914893,41,20
255853,720782,299576,530872,9,23
466785,638083,77209,942523,44,8
112862,268330,396834,930194,35,7
314952,419351,219949,508869,10,5
227452,966125,557865,910236,25,36
288623,863468,59584,378640,6,28
8498,844502,162383,833736,33,41
90877,712011,87590,879896,38,31
93330,887280,3257,924333,42,39
361502,710663,196886,670925,20,17
10632,684964,17401,536549,14,33
108844,526842,277700,959915,42,20
240758,908995,3486,933669,43,33
15860,985673,648873,713368,4,48
242090,711034,3969,624275,19,23
768793,889870,151147,459911,9,6
271449,653498,306415,994273,44,19
408931,837446,23707,940904,44,21
16901,901024,771506,970423,17,44
195061,953840,691202,867010,13,37
94177,855110,2646,818767,33,38
303144,874843,55888,103168,0,28
671044,821746,116348,167282,0,7
846489,911810,5075,341173,5,3
130794,837564,15658,868444,37,35
376556,848506,17820,175390,1,23
552387,824758,225371,991601,46,13
68604,365502,118408,857153,35,14
25158,515912,419512,741618,18,24
117100,451780,580519,896307,23,16
56455,995638,113800,432738,8,46
416817,822079,109076,435150,8,20
4142,710235,203151,818625,31,35
45756,893781,235372,505927,9,42
6551,621901,405099,987973,40,30
135487,161716,96887,898191,39,1
47835,919811,1322,989033,48,43
110534,861040,288571,607431,14,37
26255,814967,731106,878786,11,39
610743,943144,164063,805059,31,16
415168,707877,495620,918830,29,14
713329,950336,824732,842074,1,11
406914,736511,69654,584231,16,16
75036,523981,740619,995897,22,22
343117,981369,331699,882490,33,31
535534,585837,46424,215995,2,2
134999,996435,8599,991497,49,43
133918,352502,220576,355130,3,10
82157,831607,322409,930835,38,37
39128,918270,575773,668173,5,43
32315,386191,114600,892150,39,17
114497,607795,263690,406945,4,24
57664,975376,22701,961569,46,45
77568,311989,49641,963890,46,11
201972,674529,801383,863443,5,23
184043,543477,785251,853114,5,17
290611,475027,114852,801440,31,9
62031,874179,434754,867251,28,40
7156,822882,257639,723906,22,40
218769,626835,54602,600725,17,20
476550,604095,581897,798458,14,6
62714,934675,469817,653810,10,43
549865,816032,86125,767615,29,13
503793,969509,419669,790409,22,23
175212,797823,464253,519179,2,31
103155,181015,186666,981015,46,3
412903,681166,8159,711388,25,13
17774,191357,4358,431569,9,8
311133,912253,52551,922232,42,30
278788,929517,410178,950951,36,32
86962,297872,10124,483812,11,10
50859,944706,33604,855574,36,44
388871,745499,683286,999459,26,17
73181,990221,416564,836478,26,45
207732,321244,275941,785639,27,5
569828,759130,693680,917123,18,9
552127,882782,202583,235561,0,16
172693,369761,683327,946498,21,9
104045,342783,11094,999329,49,11
148791,821620,87303,510519,12,33
83814,974169,227585,732727,24,44
100939,714717,127217,954025,44,30
693186,924674,720912,828228,8,11
576144,969532,337146,938289,38,19
431177,549449,173808,628014,18,5
124870,845073,797801,887918,7,36
265973,517923,300832,406780,3,12
284971,655996,246920,911220,38,18
22533,443271,41731,496900,12,21
289283,982437,30636,964566,46,34
89563,968931,65367,633376,19,43
192755,216698,176287,304769,3,1
285685,995987,704242,985187,23,35
194853,655693,366492,915112,35,23
32204,674003,5207,585508,17,32
521623,938973,255103,503016,9,20
53112,371878,399788,605527,10,15
646869,666633,27231,132487,0,0
80583,955687,791155,941994,13,43
193043,950761,30570,984389,48,37
191550,554789,205477,623053,17,18
21030,991217,523253,707388,11,48
136893,654815,365011,919988,35,25
797536,986309,56773,403829,7,9
37085,984789,246775,886453,36,47
7229,898864,411295,748228,19,44
4087,998059,266358,337393,2,49
259088,554678,89493,607428,18,14
482785,829534,239407,584376,14,17
290714,745439,493418,910421,29,22
41158,994706,657943,831705,12,47
375068,970204,226693,583947,14,29
207271,843056,165629,880167,37,31
15733,747938,649853,867450,16,36
333731,946078,113087,978222,47,30
153760,975994,82184,943225,44,41
473731,779903,474191,986443,37,15
288589,460616,273355,407096,4,8
191664,552251,15511,913000,41,18
510892,707863,5507,712369,25,9
30790,844181,187283,365776,4,40
14142,871043,591835,950496,27,42
39488,984168,184535,959011,44,47
303876,515383,458747,539678,4,10
381649,743098,109047,810633,32,18
194012,507100,130370,539498,13,15
18007,371785,796166,815799,1,17
42381,982187,405133,620507,11,46
143474,796418,473663,992505,38,32
707499,998955,365695,426882,2,14
153650,995419,23826,995406,49,42
59063,739398,573721,894995,23,34
314954,959915,740912,989728,21,32
208225,703317,337745,927377,37,24
287112,910649,146044,871264,36,31
32263,999156,36703,390565,7,48
202973,985881,80746,448865,9,39
812802,871621,224104,763210,26,2
371969,445436,40615,801371,31,3
305395,638575,90076,972038,46,16
348680,889057,302632,888391,34,27
26028,836458,370155,715702,18,40
441665,965360,209126,409041,6,26
29672,431197,84588,827769,33,20
83956,141006,888837,922451,3,2
216723,971757,41223,972228,47,37
1586,995208,83438,999407,49,49
247622,654169,91701,268303,3,20
383500,993001,101516,537394,13,30
479795,915873,504484,670136,9,21
108523,657645,635170,712505,5,27
83169,652035,33539,965796,46,28
351080,611374,171641,569600,14,13
281152,703932,759343,925735,14,21
104296,355490,263664,884177,35,12
288011,873580,83394,729229,26,29
144946,272936,10775,851109,36,6
534970,603336,59719,719372,25,3
966757,996448,366975,560573,8,1
124770,957774,198383,736682,25,41
30607,628277,485117,609388,6,29
40221,702524,316458,368369,1,33
309757,777739,112149,930911,42,23
676817,944158,7284,976582,47,13
112748,427298,225284,724493,23,15
222829,405732,6186,354677,6,9
647973,724028,33942,869987,37,3
741234,793190,488812,755640,16,2
652892,701062,13361,719700,25,2
517533,672554,253294,916347,38,7
121700,836581,478513,810837,21,35
454370,992797,111477,937070,43,26
205778,608222,107350,942551,43,20
96030,714197,403750,798190,23,30
129898,946836,25753,964553,46,40
191933,956030,220237,951180,42,38
33193,979580,346845,595968,11,47
43639,121165,88235,847479,35,3
132164,842240,499844,906020,28,35
948520,991389,46527,992317,49,2
51132,993167,261934,924696,39,47
22449,853801,12597,705515,24,41
682346,767399,337858,998749,44,4
310610,931350,147388,407049,7,31
175039,526953,216113,532725,11,17
276534,938253,854448,905188,4,33
2108,998249,108096,905910,40,49
213276,817852,404658,960174,37,30
151018,811624,317166,936831,38,33
637610,884050,8190,998422,49,12
21262,962057,1851,955368,45,47
26261,784103,185262,323978,3,37
359526,530967,474418,860036,25,8
536705,813230,32611,949851,45,13
161336,799862,742154,817195,5,31
484173,847106,141376,724396,25,18
40747,313170,109558,923234,42,13
5883,960336,82745,997616,49,47
590581,886940,356129,953684,39,14
74773,315059,151663,765877,28,12
348665,631408,180212,698602,22,14
434074,748728,402197,817256,25,15
305719,623964,208343,982294,46,15
109805,784109,707200,743410,2,33
317330,833093,713629,898831,14,25
85753,745479,580612,862728,20,32
215971,820454,110976,251294,2,30
24881,998128,81604,893226,39,48
573,913444,529853,686979,9,45
109249,990710,337535,934068,37,44
32309,220908,198822,227590,0,9
35862,252134,52522,692259,23,10
1656,961756,177866,252190,1,48
11892,877634,573496,584553,0,43
23517,652611,7154,994557,49,31
384002,903795,283165,364983,2,25
718973,979383,305614,961379,41,13
908646,924828,109017,221844,1,0
622245,832269,105629,759595,28,10
192163,927714,337232,355732,0,36
395652,712175,30494,542882,14,15
137072,920825,287175,779724,26,39
129920,732345,97077,921438,41,30
414159,672186,369925,668974,15,12
185967,592646,261947,829432,30,20
793398,905578,5061,976970,47,5
579405,727900,80747,914319,41,7
610102,822079,186925,987188,46,10
129626,904227,5397,993037,49,38
574315,955187,456246,999919,39,19
45848,949552,45244,872663,37,45
659384,961483,62730,623071,19,15
30729,566923,382318,590585,10,26
367789,507359,549969,957658,30,6
311748,798141,3217,993056,49,24
794568,987437,153582,641018,19,9
40521,522292,120585,910746,40,24
2880,931635,109611,692336,23,46
29391,371297,227039,999234,47,17
178135,769518,12635,176844,1,29
543189,842406,263414,555925,11,14
467684,767894,629257,737018,7,15
5078,944682,607112,634715,1,46
747494,793257,103364,626752,19,2
319306,915860,102141,958610,45,29
129346,391914,527341,611798,4,13
327058,755357,96111,996458,49,21
38622,946398,26221,645598,20,45
52556,982911,211779,373701,4,46
21518,218230,301933,590434,12,9
275458,550649,516231,950812,31,13
261066,679389,140159,749296,27,20
225207,603853,316591,445208,4,18
214032,574046,208747,505123,10,18
138235,541907,422160,839706,26,20
686219,833619,185570,571520,14,7
223724,230636,21086,755493,28,0
67732,862879,91163,371982,6,39
381864,776643,58598,686917,23,19
11014,368797,188774,953250,43,17
834171,977307,199142,954119,43,7
111578,999499,245844,996371,46,44
7821,961748,243580,317118,2,47
416292,879695,69877,937659,43,23
124478,559813,3944,985954,48,21
231125,335651,201147,406475,6,5
310441,982813,63410,608075,18,33
486581,699199,107549,842424,34,10
199465,204989,282017,994244,45,0
146878,939292,292594,984120,44,39
386418,487012,236633,893055,37,5
219868,805803,733705,855706,9,29
182729,868454,343469,606014,12,34
250688,833073,2660,790595,31,29
712252,934131,545135,815860,18,11
57491,753501,154072,895634,38,34
57785,266064,98138,569573,15,10
571070,793125,835671,867787,2,11
32757,981768,63549,908442,41,47
11459,889377,110597,973968,46,43
758002,852805,671367,914522,19,4
887165,979703,830097,863381,2,4
122303,675008,515702,931195,30,27
413903,743937,163960,671884,21,16
281212,421900,24080,584630,17,7
695448,929940,150006,567610,14,11
316493,378982,474762,915100,30,3
460927,706140,150073,363437,5,12
123413,617265,135989,219428,1,24
216798,758721,917702,954150,3,27
46366,505279,136264,947967,43,22
79411,600024,4205,996245,49,26
89558,990241,588793,633964,2,45
49394,456058,551892,843880,20,20
637157,993291,229268,729065,23,17
61479,886682,183691,793242,29,41
319883,813590,111417,881683,38,24
3576,990555,175358,962215,44,49
586939,743701,202562,816346,31,7
168270,921847,189411,974678,45,37
331594,733116,15720,238691,2,20
34352,853952,286209,615943,14,40
520310,951482,31548,860919,36,21
44336,418265,283587,928003,39,18
452731,578168,51365,103266,0,6
246261,756241,122623,953115,44,25
286621,992932,162422,624754,18,35
26215,996001,22661,957360,45,48
648446,722362,1724,994908,49,3
138592,623862,482463,741185,15,24
370641,531750,605935,868105,19,8
239893,810414,35554,948053,44,28
341770,660962,170465,637222,18,15
70739,724701,147135,899950,39,32
91773,765657,525649,849456,22,33
37904,908199,229524,931917,40,43
787275,870115,323161,816539,28,4
76969,109044,131435,236851,1,1
160772,722794,529180,999428,35,28
529535,711256,44589,999745,49,9
138067,988737,493554,564700,3,42
110969,838280,33551,294943,4,36
370450,826741,836005,842780,0,22
368669,631845,30698,996754,49,13
33780,746246,5298,281221,3,35
82593,557391,117933,666503,21,23
102540,721264,62530,736156,26,30
119592,299940,2414,204975,2,9
311746,645836,24720,997361,49,16
277808,555054,147252,748198,26,13
66470,484114,200805,706693,22,20
300528,961926,6390,990985,49,33
170607,772145,183174,808572,30,30
206618,938132,447344,766655,19,36
32819,998559,17995,996920,49,48
252449,959378,90900,563745,15,35
603421,793707,155521,887745,38,9
144324,593009,460970,491070,1,22
190798,903181,47342,320887,5,35
166695,392180,46394,659699,21,11
301643,889154,107358,929076,42,29
529335,619243,3019,89301,0,4
5819,863214,700912,846153,11,42
42332,980877,537786,636646,5,46
742253,868198,24164,795670,31,6
160907,414010,271500,487563,8,12
243166,424089,106273,482855,11,9
214545,653879,134133,349512,5,21
96565,954743,321740,877206,33,42
236940,533736,7558,999260,49,14
167200,946872,30748,900206,40,38
88212,655787,132348,842113,34,28
220041,569367,831053,932762,9,17
342726,961487,285719,573124,12,30
17233,861801,89433,416345,8,42
128475,813587,56056,978192,47,34
256277,811153,3210,991025,49,27
244554,707899,24595,999491,49,23
517041,913065,334942,960097,40,19
297452,634204,689021,852283,12,16
677949,729019,87783,474069,10,2
359581,810734,13579,963674,46,22
584784,747547,391634,886914,31,8
370395,786840,85471,119859,0,20
29992,898901,205596,353590,4,43
383347,809040,146619,817184,32,21
328302,358674,308469,525675,9,1
91126,840775,33164,844442,35,37
434662,810589,116902,943891,43,18
79577,886909,5911,877648,38,40
853131,937420,11567,981278,48,4
223435,965144,82741,899684,40,37
27071,914664,180538,255627,1,44
31788,892482,84733,176004,1,43
211411,613795,674072,980616,25,20
685841,962457,31526,476375,11,13
150924,950072,661745,825610,12,39
200731,295064,184929,430727,7,4
79546,856049,107018,142836,0,38
161672,708391,403833,502256,4,27
278335,722513,192179,976093,45,22
402930,853432,313351,674226,17,22
101621,880294,500078,702397,12,38
306408,884921,172734,457538,8,28
137742,361958,385088,733101,19,11
891364,919022,243488,401528,5,1
676022,977212,299407,861854,32,15
423952,860262,19351,417557,8,21
6515,845256,563169,932515,27,41
165882,488198,221222,333887,3,16
685516,963899,69356,287297,3,13
224482,915770,532485,674063,8,34
41294,938517,196277,350216,4,44
2365,101992,190152,511571,11,4
189347,303736,53816,983818,48,5
409319,503855,263007,928293,39,4
455091,554090,237312,910441,38,4
671245,918007,209199,992268,47,12
220551,384369,378781,958936,38,8
24619,964039,4849,994371,49,46
94478,466957,1387,994440,49,18
425697,793119,55898,94269,0,18
90350,176261,560494,874758,22,4
192976,772054,135698,925328,41,28
215320,870535,118719,964348,45,32
281469,401632,120321,736619,26,6
32617,578846,615994,630328,0,27
246958,958703,94829,990224,48,35
98655,188704,257452,818118,30,4
190795,618491,212306,989885,46,21
9573,757820,115690,999808,49,37
905014,979851,128469,835046,33,3
122221,966838,297147,999742,45,42
426405,996881,204431,347915,3,28
81802,793554,236585,835076,32,35
463991,940041,791756,834011,3,23
255653,877975,40809,962043,46,31
180455,911597,523360,577675,2,36
339709,830297,99078,606747,17,24
338740,505501,309507,813835,28,8
90489,854420,20818,932800,43,38
30584,968713,157277,884331,37,46
452537,869964,608422,687911,5,20
331268,612400,36351,925028,42,14
16596,941705,190580,900976,38,46
113554,620214,47455,979340,47,25
203119,540389,688794,966003,22,16
43957,991797,4027,725964,26,47
137875,981263,190656,949094,43,42
120300,136892,8548,584822,17,0
256732,893845,183591,616156,17,31
303273,538961,641287,821501,13,11
559553,793421,275713,954126,41,11
44091,996308,191595,228543,0,47
603506,814925,234096,654814,18,10
167422,653543,171798,446025,8,24
89656,663638,40891,957756,45,28
430268,656144,81836,819990,33,11
209716,866148,15919,208664,2,32
74639,118113,34650,982906,48,2
2489,751116,7808,969226,46,37
191133,309516,119962,812952,32,5
194799,504734,38386,853736,36,15
140862,787159,249396,943772,41,32
89042,846146,173013,930764,41,37
358483,780889,715762,847334,10,21
276975,782262,31764,954696,45,25
44580,919653,86002,973942,47,43
242879,965410,168109,407944,6,36
393862,802075,231624,908381,38,20
621545,970384,238751,647905,18,17
371238,521629,395305,563312,8,7
596569,959591,388525,415661,1,18
36336,277223,3270,89735,0,12
40696,686116,461036,881373,28,32
91409,863696,392394,721677,18,38
308786,522867,1724,817878,33,10
311886,837866,322210,825468,28,26
79155,963845,69235,560662,15,44
99539,933923,170231,981463,46,41
320,986099,501581,922408,29,49
320474,993142,163483,978746,46,33
1566,728189,228487,947064,42,36
151156,264556,165488,933935,42,5
1586,997556,222105,372207,4,49
789661,995346,729318,894664,13,10
14750,973844,574919,932938,27,47
124808,974830,434436,710336,15,42
83849,780903,53708,290075,4,34
621851,789855,637989,968421,26,8
374143,903577,436474,956285,36,26
167676,890536,39380,422844,8,36
194262,986991,21779,188596,1,39
125788,550675,111633,900036,39,21
519117,868639,668081,841763,13,17
373138,440825,2744,726584,26,3
631533,982823,309663,973805,42,17
138550,856969,280103,924610,38,35
33941,715929,32521,728242,26,34
128871,683538,829602,954460,11,27
68600,823889,294971,914488,37,37
923672,958983,103727,855023,35,1
21749,577538,73599,770249,29,27
332306,715594,182622,596958,16,19
365327,381629,99093,692667,23,0
362398,765765,69566,604804,18,20
436889,936290,578115,847103,19,24
948433,955414,36042,343585,5,0
448913,586675,141662,979742,46,6
15551,463435,298455,900180,36,22
14212,502010,165482,181726,0,24
267517,709262,5960,644872,20,22
163345,992998,50244,388701,7,41
56860,904232,617779,955173,26,42
274114,619668,154229,282747,2,17
319890,585879,296070,300950,0,13
79587,565761,312656,943067,39,24
56053,87369,10097,997667,49,1
280855,760544,258790,977233,44,23
159659,724171,75799,893051,39,28
81703,864871,272610,993717,45,39
40102,973200,608410,972184,28,46
125019,318568,789722,888018,8,9
348445,954831,73329,884566,38,30
352191,743042,57505,566071,15,19
177783,871693,501313,941996,31,34
93499,656738,493233,907137,28,28
173848,919199,6577,192712,1,37
847644,886241,171930,785080,29,1
66536,959695,238871,504455,9,44
69733,610099,712435,810706,7,27
49649,768387,520390,704991,11,35
129192,843321,178532,966317,45,35
25304,929614,366808,803909,25,45
325335,493063,519668,667873,8,8
106974,981376,245650,365830,3,43
582004,758866,195844,421790,6,8
524101,996888,726984,786688,4,23
329706,691087,764843,850053,6,18
523258,536986,186197,956316,43,0
14606,672857,333661,480433,5,32
97208,666052,43689,796404,31,28
118566,957663,102197,957485,45,41
306987,908362,55153,80893,0,30
27072,636198,135800,286381,3,30
50886,705591,52862,724388,26,32
3026,114318,304177,363508,1,5
203527,969380,134556,552873,14,38
78121,668529,42594,939574,44,29
348028,730165,237063,994209,46,19
78339,935172,604819,672779,4,42
5885,312107,561901,973175,31,15
416813,924848,169926,783918,29,25
650797,761179,554073,691962,8,5
226740,740621,260088,434884,6,25
17988,955370,145445,463048,9,46
21610,701196,428448,902714,31,33
13789,931567,3090,984118,48,45
10947,993606,15186,673432,22,49
79747,302722,156032,876003,37,11
162487,895181,174060,926974,41,36
314824,892065,369920,814548,26,28
219842,763077,97934,616065,18,27
86712,465594,6118,265522,3,18
12040,795605,123352,353959,5,39
220769,353938,181751,901965,38,6
93396,669329,109874,932023,42,28
143159,358646,233032,298781,1,10
408153,755084,598848,951694,27,17
273058,779465,4767,983534,48,25
115027,995689,103437,946962,44,44
132818,734370,122625,497387,11,30
278694,906217,130318,509475,12,31
8179,992763,49786,805968,32,49
174647,938140,93356,648738,20,38
66997,475219,98733,952666,44,20
31502,957734,43686,651496,21,46
810316,875132,137617,463851,9,3
216601,999655,114752,745853,27,39
2821,914728,567539,626679,3,45
110435,934897,523785,834447,21,41
38478,178766,11229,966767,46,7
279826,664668,847789,867569,1,19
363691,900895,85661,697106,23,26
226723,288778,171056,304924,3,3
304252,386950,523250,875872,24,4
30823,845200,69497,774901,29,40
49476,930294,63408,323706,5,44
151850,681127,117140,339149,5,26
366424,445556,363984,924053,36,3
392513,943997,575743,946381,28,27
13150,990243,28570,785895,30,48
130590,813783,325792,677083,17,34
295951,994646,221432,584978,14,34
519004,872714,189419,987585,46,17
343330,891355,20839,741908,27,27
479170,901877,580000,598560,1,21
91918,995618,272485,932142,39,45
329211,633290,79237,333345,5,15
162477,885823,195674,700161,22,36
166860,875625,801295,880313,6,35
20994,158017,839544,859648,1,6
116580,705471,11189,44144,0,29
252079,557707,684752,809821,9,15
194978,723777,24864,442582,9,26
93021,817681,516924,692822,10,36
853,998908,590611,746164,10,49
264998,921672,335309,880656,33,32
48379,515817,2924,961004,46,23
128728,518633,143385,335049,4,19
247734,976226,276894,797911,27,36
88375,846672,218279,486606,9,37
180464,211224,98871,976845,47,1
37729,750807,145956,344882,4,35
110344,992209,47485,610438,18,44
6253,757490,352413,612975,12,37
111510,699605,305115,404677,3,29
117220,977175,27041,602304,18,42
13628,483582,334116,672547,17,23
55792,244223,198123,910330,39,9
58086,777148,63898,123534,0,35
342853,886429,16274,916421,41,27
83781,859170,53942,492231,11,38
69713,468767,115456,142686,0,19
196079,813850,324209,949077,39,30
444645,872731,459655,541751,4,21
285070,372606,124989,944827,43,4
154890,545102,910328,941163,2,19
495974,879202,111771,979167,47,19
252440,518681,369505,699565,17,13
105278,916849,564233,910698,25,40
408565,987434,269589,733631,23,28
204474,888004,4444,998459,49,34
177480,755645,680772,892109,16,28
19345,805346,8262,68255,0,39
76975,987740,2630,996748,49,45
49231,787021,174020,801111,30,36
261491,787419,155329,508309,11,26
178462,213799,476491,928438,31,1
58308,727074,762098,888584,10,33
257137,561806,145006,794401,30,15
528036,583883,3014,301844,4,2
110268,635458,654453,769517,8,26
468292,624028,216155,815548,30,7
74076,279656,771351,879910,8,10
290501,847412,100919,726444,25,27
796952,984566,204564,373313,4,9
1084,864326,38138,601534,17,43
2626,974822,552769,884547,23,48
246172,747810,775638,815731,3,25
187235,957473,164422,903060,39,38
423012,706393,16898,533166,14,14
245644,390213,311341,718996,20,7
381346,716864,185753,840235,33,16
654264,720435,420958,930062,34,3
67378,252658,12713,982031,48,9
752103,928192,338536,378755,1,8
17126,996054,314539,724189,21,48
282142,960537,414332,996097,41,33
98224,910172,89365,914758,41,40
82510,862244,41686,855036,36,38
27643,469500,338020,893422,34,22
562760,830982,167145,710095,23,13
416827,623713,14548,999581,49,10
3188,999754,747130,940967,16,49
12158,835257,42458,996585,49,41
355310,990905,109044,945141,44,31
90554,957979,290642,701269,20,43
17745,972563,534243,845698,21,47
131379,874800,443271,549105,5,37
290234,514810,415007,819118,24,11
49506,939163,198060,853943,34,44
115087,768362,42427,999139,49,32
145178,921136,28623,371646,6,38
35444,613719,89542,996120,49,28
114195,749764,203327,474258,9,31
374682,960777,17029,985987,48,29
11045,988660,4002,915789,41,48
228601,302999,420817,589904,8,3
240201,359885,43497,931020,43,5
10949,432911,623597,871518,18,21
86870,312596,11046,693181,23,11
11206,744867,147118,825903,32,36
90390,951286,11433,882375,38,43
229215,985743,424985,983318,39,37
127114,974470,98536,833723,34,42
37465,974305,83170,956047,45,46
133265,801029,728617,970626,20,33
10211,625876,558701,833867,19,30
611911,898076,74071,963791,46,14
7529,340682,335236,650182,15,16
174786,721801,95055,929845,42,27
31376,970436,65142,559656,15,46
73596,711862,137054,924774,41,31
63434,724018,118386,563637,15,33
108925,728639,60243,203824,1,30
257262,860899,41293,953104,45,30
569202,871972,99381,192542,1,15
12631,819173,218448,720109,23,40
727800,751240,320550,708773,19,1
98378,808619,6726,994255,49,35
183948,986749,360118,746372,21,40
5363,507227,109383,222601,1,25
405371,870674,46679,854329,36,23
328134,502849,380429,771654,22,8
124226,992540,148963,775195,28,43
1095,995785,222399,715712,23,49
648305,807615,252962,937674,40,7
627128,724042,481151,606063,6,4
457,983012,63922,801997,31,49
6301,873200,338588,660001,16,43
473430,717937,277729,531530,10,12
444485,950812,789954,897646,9,25
77807,717143,105851,635688,19,31
266828,945606,707199,805576,7,33
301038,991323,289809,911128,37,34
397185,628743,23479,453451,10,11
31044,670818,120904,731687,25,31
182738,723562,37379,982792,48,27
200828,887764,552294,924930,27,34
629509,938412,708271,789969,6,15
504102,751972,48319,939885,44,12
201825,787119,150921,896423,39,29
891892,955572,46033,928920,43,3
249666,499479,363082,804857,25,12
294362,597865,225394,960365,43,15
22632,843509,231421,950286,42,41
282925,379622,20747,990541,49,4
541407,690669,627771,906992,21,7
838387,944211,29360,830880,34,5
23426,842129,273314,884327,35,40
258994,848584,253896,866264,34,29
514212,978417,334976,526531,8,23
5183,990381,512930,526544,0,49
20590,972802,329698,540499,9,47
14598,166968,26544,720398,25,7
41151,989959,159951,543592,13,47
212865,997424,120516,703730,23,39
502632,832346,113509,710473,24,16
662027,983452,194419,509274,11,16
102174,975314,229492,582183,14,43
479394,818427,56387,650293,20,16
542079,706932,146574,657922,20,8
530814,942396,55073,986949,48,20
496789,754565,33145,861488,37,12
391,973719,269852,861031,33,48
269263,885496,169491,429000,7,30
206603,591121,56010,504390,12,19
187385,790410,445244,692168,14,30
151434,280492,53121,924516,42,6
135417,981927,282597,942146,40,42
251544,656935,379312,657840,14,20
45280,902175,81586,656103,21,42
79238,540782,15640,980866,48,23
20762,710718,306138,344264,1,34
175028,600773,294700,773803,25,21
608531,624074,1731,996096,49,0
21705,999330,144344,890883,38,48
343623,848822,300289,759198,24,25
184534,428141,314151,985781,43,12
330335,677324,383928,856666,29,17
498274,604581,168005,374019,5,5
32174,831678,102667,814920,32,39
44421,884756,237025,896103,37,42
86812,733872,270565,680580,19,32
372896,681195,440925,735853,17,15
246666,987676,701555,900830,15,37
195438,494312,211347,683769,21,14
8118,481969,572228,937315,27,23
248076,643390,96339,659068,21,19
291704,782888,16108,643378,20,24
107358,946800,4606,897149,40,41
4028,800588,381137,717773,18,39
102796,862188,70790,114228,0,37
381473,889309,52376,994947,49,25
269217,781300,9118,965211,46,25
17160,866065,86671,192223,1,42
396008,634220,116633,811704,32,11
119364,407037,271051,840864,31,14
548461,595830,4027,978850,47,2
350242,815403,188218,913218,39,23
203253,876805,69143,442756,9,33
14215,559905,667754,837500,12,27
92807,377530,80551,120981,0,14
38682,925572,256555,546724,11,44
655277,708770,24147,893253,39,2
123411,251583,321393,637709,15,6
22283,886781,145192,961471,45,43
72857,977318,33013,586295,17,45
771117,797614,271141,574820,12,1
211449,641771,46736,787695,30,21
8107,485891,385622,542208,7,23
310317,676072,77451,870920,37,18
631253,826340,26441,283072,3,9
133698,863554,17761,965190,46,36
450044,501528,56031,500367,12,2
48232,936633,126418,815690,32,44
200122,981380,358109,523173,7,39
539147,699127,90825,996127,49,7
482393,672556,28921,868073,37,9
34340,907734,147498,634491,18,43
1662,971933,590874,743650,10,48
91188,741437,161242,854350,35,32
525315,536477,117205,848037,35,0
100988,625024,270671,960390,42,26
1877,706341,102781,774218,29,35
756740,999738,118739,841410,34,12
503683,708783,10529,933720,43,10
38757,626474,145113,645244,19,29
514571,523502,538787,888806,24,0
212929,987739,790127,813638,1,38
102867,174608,126134,960704,45,3
385613,890210,182657,884839,37,25
148013,328568,478349,875126,26,9
52762,809800,218326,844931,33,37
297787,391473,201031,872734,36,4
5268,913814,745278,935104,15,45
197576,875225,175495,965598,45,33
80255,324667,161755,801810,30,12
228900,506771,257406,560450,12,13
193860,747606,56006,570177,16,27
263405,348983,387453,600532,10,4
56111,259514,41274,898279,40,10
616401,722389,635158,855577,16,5
362973,554768,61039,739800,27,9
653641,728447,201084,567869,14,3
733461,800779,646636,856152,15,3
69233,126906,353048,398722,1,2
125517,844296,439631,992820,39,35
40429,796071,317430,845772,30,37
675251,683125,102650,950035,44,0
18750,725702,10842,903160,40,35
2168,593971,11597,656477,21,29
101828,932880,48936,544283,14,41
662350,891814,794563,855791,5,11
380877,956470,25594,631435,19,28
95121,545720,251146,825481,30,22
62737,719488,741737,861437,9,32
526641,895043,70523,846399,35,18
68323,810024,446226,649309,11,37
642774,675934,25026,988180,48,1
15273,835509,367782,394721,1,41
238761,596369,250247,871851,34,17
79373,586133,322447,681363,17,25
457138,942144,350040,801813,26,24
439488,985776,215361,995015,47,27
729103,731364,285374,666442,18,0
345206,823505,137239,890528,38,23
178494,912625,69241,904948,40,36
105504,265848,117607,875197,37,8
8204,999041,42611,913344,41,49
11319,820836,590956,941591,26,40
321487,677891,105377,997703,49,17
235580,716228,666097,762620,6,24
360252,902152,217347,966944,44,27
132352,145253,600571,640049,2,0
30850,422186,450027,912596,31,19
89860,619750,261149,822390,30,26
83208,972067,72693,546520,14,44
317594,582605,780295,991074,18,13
142057,739490,300449,800503,27,29
102715,794294,47134,845452,35,34
224062,977818,477670,603641,6,37
418560,794827,103951,984734,47,18
387136,410035,205724,739519,25,1
136825,525565,115210,601555,17,19
484776,879288,10003,991804,49,19
272048,485134,601857,948160,26,10
188059,996378,433502,828259,24,40
721475,830550,587167,800334,14,5
245337,523960,133393,234600,1,13
207142,549896,93579,948441,44,17
206652,835232,540026,683506,8,31
538846,860507,140778,738187,26,16
79065,528031,123003,873359,37,22
131969,430286,471224,998286,38,14
221711,710376,37912,204556,2,24
596095,948750,239066,882712,36,17
887441,964936,192517,904239,39,3
124569,904089,462727,896596,29,38
184370,804119,58264,661106,21,30
77524,90309,324367,560508,10,0
133222,922871,164545,973639,46,39
254339,702241,43456,994910,49,22
115,993295,190867,877439,36,49
36073,183398,596636,904846,23,7
763248,919624,223250,981456,45,7
17791,45200,72907,942592,44,1
225890,341824,683697,920213,19,5
276633,916923,20571,558879,15,32
1021,504661,428780,785990,21,25
197154,350565,34173,378097,7,7
320081,613444,68899,721083,25,14
84163,908028,298091,525215,9,41
166278,708730,48642,959374,45,27
81000,588209,10844,640621,20,25
22911,993481,440804,778533,20,48
57004,966931,237030,655990,18,45
179784,971019,6832,992106,49,39
658732,787299,605878,972033,28,6
450323,845771,196069,868927,35,19
321037,680027,327144,555302,10,17
393510,862922,90983,220711,2,23
72647,583834,45123,900832,40,25
98685,515343,509280,992563,36,20
289363,868874,880857,979009,9,28
144358,919538,129111,665436,21,38
85577,893205,479514,917837,30,40
126202,227345,73231,773232,29,5
366431,961337,15348,513131,13,29
319553,940982,74677,938057,43,31
40061,969800,304860,698061,19,46
7637,992313,292443,581654,12,49
485818,603030,174291,907844,39,5
70406,923854,136043,949706,44,42
300831,579680,204540,474487,9,13
432098,646678,22786,982588,48,10
621422,803684,319741,897707,35,9
11063,937059,207596,626794,17,46
176554,204977,58187,73035,0,1
72177,694354,325499,898983,35,31
148782,232610,244637,315468,1,4
43657,145872,6579,997049,49,5
141527,441397,667573,868842,15,14
72829,768810,121674,901558,39,34
71828,991569,139026,922241,41,45
308089,399509,280885,959968,42,4
211107,499584,89323,944076,44,14
856409,969283,123843,243259,2,5
84523,997519,354964,832965,28,45
202567,765521,167380,516433,11,28
212687,796381,199424,643433,18,29
32684,957751,483639,932921,31,46
554708,646914,749964,962549,18,4
43905,970210,71390,980573,47,46
197670,842602,704940,890155,14,32
380455,716889,419900,452889,1,16
25780,931144,205530,994767,47,45
75850,578357,620575,733069,7,25
40258,509357,119882,586452,16,23
154813,878703,668192,839611,12,36
453601,530648,474819,824745,22,3
96522,677918,660998,700985,2,29
157969,644770,30111,928460,43,24
456434,832659,590654,756576,11,18
197239,514401,367997,851362,29,15
66187,816592,225453,314994,2,37
536144,862896,143309,647179,19,16
14689,946957,438494,776604,20,46
553171,910650,498593,512512,0,17
13294,973709,343100,423796,3,48
23463,424386,4496,796409,31,20
460369,816557,185533,975788,45,17
19017,971165,208975,646293,18,47
725927,920223,555126,994641,34,9
78977,916209,14365,589619,17,41
216024,958024,51094,947691,44,37
454042,771691,208432,469549,8,15
2936,253633,11316,956206,45,12
101302,197069,187621,592068,15,4
198973,751298,2937,723532,26,27
242451,996559,523853,834177,21,37
695969,974833,676469,930713,20,13
77049,129427,15814,874940,38,2
497858,778688,34164,972869,47,14
2674,997301,167250,684683,21,49
120564,404429,248735,416384,5,14
35003,915930,122449,978307,47,44
43327,953355,785630,857497,5,45
304828,427553,602650,723183,7,6
146182,358031,377039,395156,0,10
240660,615110,17414,528386,13,18
42794,517315,196271,932568,41,23
357896,916673,11625,805228,32,27
29615,912050,398631,995050,41,44
7530,971155,230065,871236,35,48
223905,856273,599518,939446,26,31
41722,764214,783924,801319,1,36
202433,701142,837369,917611,7,24
99472,987361,665284,989657,26,44
688232,768442,206351,535340,12,4
172296,899890,382628,462559,3,36
141452,901437,429004,529093,4,37
97274,897902,68108,349620,5,40
9745,995542,72117,533446,13,49
33787,760231,149608,469905,9,36
38717,955513,43295,826755,34,45
439518,841837,115235,814305,32,20
552721,930796,115915,948663,44,18
153609,726015,223085,713077,22,28
36407,845863,166261,471028,9,40
818200,918806,81930,598560,17,5
64059,185396,135822,692696,23,6
84422,870393,574423,918077,25,39
372383,779374,94483,965827,46,20
907292,967378,708711,792668,6,3
619193,865832,314522,593527,12,12
494319,571087,79366,157454,0,3
265618,942158,111569,787007,30,33
104902,754839,184850,251007,1,32
193029,948371,58486,793116,31,37
17416,825442,14045,997379,49,40
69630,959834,488318,845831,23,44
226069,822271,257177,803489,28,29
492197,713290,294596,458562,6,11
676703,677186,899421,936275,3,0
576894,946947,84025,864157,36,18
725758,868747,344104,928229,37,7
68660,382954,663550,983098,26,15
2788,991595,235189,849380,33,49
161295,335543,205046,989303,46,8
429128,928743,47712,990397,48,24
169080,984429,185313,884746,37,40
16757,668802,256971,572906,13,32
8879,925903,820628,828597,0,45
8580,828108,191374,324129,3,40
644708,914937,155172,679083,21,13
568641,793998,107082,654021,20,11
27830,975822,534381,931779,29,47
245666,760246,197263,453611,8,25
467451,479535,375978,959563,38,0
36788,786996,493007,623885,7,37
15770,192869,127321,904980,40,8
102438,670049,30985,195285,1,28
285043,426189,511663,544043,1,7
335450,719789,394426,871484,30,19
77762,146286,97278,521716,13,3
345554,775137,187281,811286,31,21
40122,971985,63031,986654,48,46
6304,994465,376418,506981,5,49
50090,997899,323954,629923,14,47
430819,846903,17328,865459,37,20
112545,292493,138396,189627,0,8
105083,855286,608504,734779,8,37
9805,970917,2923,71169,0,48
336803,550919,64708,895353,39,10
314142,756075,303329,819017,28,22
184083,973115,640548,697470,3,39
617707,723887,672582,803644,9,5
260767,778483,463066,994652,38,25
314741,838868,3815,988338,48,26
12094,960283,56829,599681,17,47
100988,503707,19305,957763,45,20
12130,962509,500881,645148,8,47
2784,962928,9084,977856,47,48
67814,817341,150283,723729,25,37
211449,906682,25733,348261,6,34
441256,966459,772940,801101,2,26
336546,533553,87948,205728,1,9
181228,241790,106763,953588,44,3
471472,681805,416562,649010,12,10
123560,328376,156311,939657,42,10
48980,187587,300523,676833,18,6
93000,708213,9842,990145,49,30
246643,946121,547631,714405,10,34
211960,901186,5400,983141,48,34
143864,194310,168730,538595,13,2
456080,680090,235996,935648,40,11
626381,861968,19761,480414,11,11
48695,968400,374849,799422,24,45
391450,577822,187307,793833,29,9
84331,621663,295433,396288,3,26
48403,996340,262737,939147,40,47
167757,785693,162443,825034,32,30
351146,472245,18694,997476,49,6
780378,814005,52539,931696,43,1
674319,833999,245833,443998,6,7
98449,725272,134534,984544,47,31
421015,515143,768908,874177,8,4
54366,190356,45909,981148,48,6
2054,307927,153509,850726,34,15
397736,769868,60124,989667,48,18
10210,966054,746716,768950,1,47
156460,880906,23067,999259,49,36
642137,716331,571136,598474,1,3
52252,70823,266858,445940,6,0
265503,941136,64390,695184,23,33
8507,974114,85902,764145,28,48
57310,967574,333975,986107,43,45
60359,711355,52940,918913,42,32
831,290707,592922,779991,12,14
810312,844449,606440,765406,10,1
105598,187746,158579,983814,47,4
9154,570814,54642,217594,2,28
5137,999600,410630,959323,37,49
33987,84404,101682,921239,41,2
306848,720144,300337,432751,4,20
53892,909347,101724,864996,36,42
107737,423776,21723,992399,49,15
43386,101926,206312,965065,44,2
401205,655079,4082,735565,27,12
50502,933783,429337,906609,31,44
18574,753358,402385,976086,39,36
1711,980784,126997,737129,26,48
36277,844398,995854,997400,0,40
19447,986766,501758,771217,17,48
15715,914205,523139,991302,35,44
197723,650927,95241,363067,6,22
14971,985278,875622,981157,9,48
266279,540323,51665,899735,40,13
622719,796589,6890,456985,10,8
548071,714587,94753,271527,3,8
771850,980950,232476,977273,45,10
8796,557641,99938,705311,24,27
419259,718194,188391,443812,8,14
38908,731177,659524,665636,0,34
346837,805000,252258,488871,8,22
450732,973654,305868,687594,18,26
575391,923849,41462,903553,40,17
343960,392684,98275,860169,36,2
184055,414532,122565,947905,44,11
433461,579476,283649,554273,11,7
364187,802369,20161,825400,34,21
420738,505216,335185,558053,9,4
73953,665732,338078,756877,22,29
187804,865141,26475,822468,33,33
328753,330795,368274,752032,21,0
81689,867604,16383,628795,19,39
318632,873968,241575,303612,1,27
392,999991,75261,979613,47,49
18984,958740,28179,912916,41,46
540131,645720,50267,945990,44,5
25626,675458,130027,979686,47,32
250206,954974,127545,479383,10,35
45293,547503,28126,619543,19,25
80259,878052,316062,823045,28,39
142523,860489,476004,535140,2,35
252051,931534,523586,929895,29,33
328630,529052,72608,657513,21,10
431366,582278,205150,759552,26,7
169056,985586,219865,446516,7,40
196193,696315,634212,839395,15,25
182962,849701,511275,950991,32,33
287799,538384,107194,199182,1,12
768,796640,314560,885091,34,39
456119,772435,792158,975709,16,15
302167,818544,145750,938746,42,25
111420,356342,346137,617965,13,12
365392,956669,372591,501035,5,29
971751,996941,196191,672777,20,1
616333,943351,447568,638642,10,16
6487,828669,244586,898718,37,41
351429,851919,129812,843999,34,25
37622,926374,583285,640742,3,44
392064,972990,127780,583006,16,29
303055,910169,267045,662535,18,30
393614,861034,63627,952265,45,23
112643,689972,195373,733452,24,28
769842,959633,875901,934644,5,9
262914,817937,66740,846201,35,27
22677,865962,320489,674484,17,42
323289,968550,57217,942891,44,32
479872,623460,74207,987694,48,7
95130,763211,375612,840388,28,33
348713,991907,13623,901388,40,32
55169,357979,277705,409504,4,15
733168,755304,273153,821874,30,1
129824,735705,65173,962941,46,30
27529,979801,200094,939724,42,47
569120,979116,372537,917417,35,20
39975,904819,665445,862170,15,43
141793,591315,332942,964555,40,22
51220,540827,206475,989499,46,24
386695,778371,152870,997016,48,19
287996,427267,407216,697517,16,6
472785,756687,135716,917844,41,14
657215,740604,438095,511828,3,4
128465,680544,630894,908190,21,27
107358,981325,196612,543685,12,43
73094,252667,579187,798217,15,8
305643,899183,7861,679153,23,29
18307,495720,50389,872915,37,23
9804,759169,70914,764232,28,37
226524,949890,89517,955789,45,36
294902,395151,208920,873560,35,5
535993,978661,333666,809757,27,22
4919,932554,458012,740386,16,46
329782,488294,277942,411593,4,7
301257,417017,6470,959282,45,5
12918,545989,365704,978525,41,26
25309,743695,21581,911905,41,35
103982,917621,129546,820908,32,40
53938,782187,191252,818028,31,36
74198,140036,19757,975235,47,3
168932,170088,155975,694246,22,0
28860,829821,33897,982236,48,40
388,232032,555828,788243,15,11
170781,339359,646572,748827,7,8
320439,835350,707741,977293,22,25
308319,460842,169641,873944,36,7
851752,886196,31350,731215,26,1
3195,991995,29084,706920,24,49
539928,656833,309824,793166,26,5
380776,827578,313937,576434,11,22
327412,680179,397229,898322,32,17
669868,776401,192430,928084,41,5
110491,902306,72342,890700,39,39
84364,501178,299407,648598,16,20
76944,971750,111014,926165,42,44
348733,500851,189050,607619,16,7
328000,879808,313718,856569,31,27
25354,967567,15788,882178,38,47
123585,777122,89778,967427,46,32
4770,995396,126636,228498,1,49
580016,989281,182340,421617,7,20
12833,999435,101277,878673,38,49
299060,777202,215093,763480,26,23
709315,959296,22763,814066,33,12
252462,952270,557505,898115,24,34
589828,655439,725979,963534,20,3
29617,75592,170899,969345,45,2
43080,956984,42428,768746,29,45
26247,973397,128446,807595,31,47
296821,298382,282973,794066,27,0
490598,775242,58834,741803,27,14
399949,497073,11067,963975,46,4
10282,998184,166437,658859,20,49
272030,830352,545336,984125,33,27
220579,858924,881111,885617,0,31
90662,134686,399666,982372,40,2
179565,239243,131615,823372,32,2
113347,299071,605767,820753,15,9
644573,801776,136318,979735,47,7
499418,882772,537330,896163,25,19
200067,934987,320201,453976,5,36
48612,919160,24012,791300,31,43
220533,549684,453364,627097,9,16
508038,994962,13421,507865,12,24
132590,223747,504347,939534,31,4
20678,797949,41808,953892,45,38
173422,752381,22561,983155,48,28
152529,729654,599485,666659,4,28
659822,824248,33986,956363,45,8
470094,981911,187989,839897,33,25
89553,943679,396486,541093,6,42
46078,947406,140412,471683,10,45
27639,642291,627592,768713,9,30
135812,927935,87137,935755,43,39
80755,247482,133312,919214,41,8
527847,828524,240268,943253,41,15
735971,835451,266748,778291,26,4
85833,740691,119777,127833,0,32
81755,132357,136046,974941,46,2
261603,759685,108773,961991,45,24
91511,658767,28895,601158,17,28
199924,643854,528848,805182,18,22
591713,761742,498244,706786,12,8
247880,486466,148818,788094,29,11
596368,757807,100997,991648,48,8
576406,999093,89743,599343,17,21
31183,897699,92467,911799,41,43
239004,986161,700135,940843,19,37
46547,947247,425779,779523,21,45
352416,664384,525277,538133,0,15
14624,790289,231495,664685,19,38
52677,821441,527096,620431,5,38
72029,775832,805235,896313,7,35
5381,836251,459178,528411,3,41
361494,974382,165402,348779,4,30
565237,945665,165199,650564,19,19
130399,755313,56293,827932,34,31
236410,922856,171478,950705,43,34
253315,395374,789833,825592,2,7
447065,667728,9561,986370,48,11
62057,897412,57696,208590,2,41
81916,537952,137556,920845,41,22
877778,961343,507765,586730,4,4
777081,815127,52062,527825,13,1
84437,615650,342122,646841,15,26
95845,484182,338993,567031,10,19
418802,877277,298503,844647,31,22
560141,696153,28276,843888,35,6
687301,919150,161150,951473,43,11
60289,945783,151069,178193,0,44
2839,998415,40030,889009,39,49
98625,885931,376620,917342,35,39
61912,223113,247045,879552,35,8
317921,846797,665299,908381,19,26
134332,292280,379968,735555,19,7
9276,874252,15445,891108,39,43
14457,905743,586883,772108,12,44
81954,977483,391792,611173,10,44
55807,582573,160520,208622,0,26
265461,731064,44168,99431,0,23
155952,933744,610900,965827,28,38
147658,991358,769525,927761,13,42
326272,859130,131701,239469,1,26
81062,961422,187860,918172,40,44
3361,949860,424338,715749,16,47
114396,914510,251117,975057,44,40
154068,273708,245638,935268,40,5
360436,913436,27030,526094,13,27
97237,664497,316439,467835,5,28
571281,984878,200892,910580,39,20
90553,734851,219225,384361,4,32
18330,982751,3961,632851,19,48
193360,466196,139893,434966,8,13
142296,948444,3200,894465,39,40
65395,894773,646939,944942,23,41
324516,419806,272124,637974,16,4
311645,686029,93900,683974,22,18
10879,952970,43600,704999,24,47
64145,744557,187018,600408,16,34
156483,238932,413874,722559,17,4
437548,557898,588958,639978,3,6
238618,647182,223435,692719,21,20
23368,979393,489266,565510,4,47
23012,45870,426467,993970,40,1
13619,714022,78283,971248,46,35
663868,737006,347284,711102,19,3
132077,908040,403039,491767,3,38
482272,738376,214622,375287,4,12
755237,913780,226641,554508,12,7
736595,776061,206941,900947,38,1
291645,717771,253179,573252,13,21
12564,993364,21009,932284,43,49
352997,406795,287351,308618,0,2
30236,693583,206785,661388,19,33
178077,989091,490070,516064,1,40
526386,840842,242856,915348,38,15
54632,854356,312313,707183,20,39
766198,838871,368929,613863,12,3
534658,785213,765652,968518,17,12
100727,905103,621381,886284,19,40
213431,630894,910695,930916,1,20
80539,648585,226804,848408,33,28
146232,848206,95107,607699,17,35
8683,979390,52614,550246,14,48
562295,798558,18085,979858,47,11
144127,366418,93547,862272,36,11
21705,956168,86804,155569,0,46
263352,690869,79372,909443,41,21
3045,596927,174461,825982,32,29
85666,972845,98799,986114,48,44
74176,860821,328682,621197,13,39
599173,698832,102056,812254,32,4
116040,680655,269641,579835,13,28
14139,960806,35653,980945,48,47
172611,651515,19018,977492,47,23
611147,959626,23508,819024,33,17
123545,983525,89274,852794,35,42
147298,569220,116076,763106,28,21
362130,948144,245073,893252,36,29
213517,638824,430571,753214,19,21
41874,169328,130234,960565,45,6
614571,713620,166585,709961,23,4
327327,540273,575487,694168,7,10
7167,791238,246341,512048,10,39
576293,725410,61158,945979,44,7
773482,866313,344076,799015,25,4
297900,923833,119255,693255,23,31
548073,699812,14049,607274,18,7
368793,917445,112558,973133,46,27
2181,995757,94459,375730,6,49
232142,561504,185118,989738,47,16
184304,353565,14084,972779,47,8
318756,565214,509511,996796,36,12
111359,963999,96664,140781,0,42
63097,413102,419503,486514,3,17
8664,512511,433570,906206,31,25
258922,986058,127476,982062,47,36
503933,939051,427978,920812,33,21
731357,829078,274337,990208,45,4
240175,772395,220590,926492,40,26
9861,828422,230722,849394,33,40
109593,318479,350313,480623,5,10
239582,915662,250597,960711,42,33
31441,868081,662679,732490,4,41
59155,968069,46796,584544,16,45
289303,906037,158842,716828,24,30
463740,921313,210976,512558,10,22
527210,851524,298357,960735,41,16
332089,828033,158160,756507,27,24
591541,762660,346844,920012,36,8
248317,827510,852091,988714,12,28
180116,882248,68019,679545,22,35
41806,970321,287018,887515,35,46
340783,925604,97456,978037,47,29
717253,910931,760477,963656,17,9
245177,818748,5847,612301,18,28
268030,618724,87458,878316,38,17
421373,896879,83762,512649,12,23
194555,754889,228613,817464,30,28
3358,986390,45706,925251,42,49
292836,668717,61055,829870,34,18
552989,881005,229920,858782,34,16
18568,952193,62024,726911,26,46
32252,798500,500815,869866,25,38
14380,955364,100454,718304,25,47
38156,88168,426756,928111,33,2
6477,999561,16528,630125,19,49
599786,666949,176202,932563,41,3
410372,483528,831688,959381,11,3
137834,986550,289960,691602,19,42
10724,783677,290668,847056,31,38
188151,356835,39978,932481,43,8
44714,564955,290377,736272,22,26
207221,987177,356106,754578,22,38
158055,585379,181287,753508,26,21
217146,565938,242660,739544,24,17
376318,959751,68496,594576,17,29
245479,921935,161337,995217,48,33
122012,376315,577902,726005,9,12
612276,795879,25436,965174,46,9
182645,845119,598389,653110,3,33
661701,932547,180791,759938,27,13
100142,446866,156396,777849,28,17
655258,835451,185491,966084,44,9
261486,685394,222343,526211,11,21
35319,958080,570078,628164,3,46
162995,857565,604791,775942,11,34
37981,549530,785037,931754,12,25
15659,992508,434417,859562,27,48
223514,525957,276589,569252,12,15
123616,994322,441887,926940,33,43
40855,958068,21141,475036,11,45
233028,745178,335325,946634,39,25
206511,481786,412423,981272,39,13
327676,743511,46831,621749,19,20
222399,914799,74792,957925,45,34
57650,592634,126688,975638,46,26
64456,995122,347238,923756,36,46
255420,939049,328496,953125,40,34
174056,680350,401280,654399,13,25
519476,792432,359707,630526,13,13
830944,922859,218547,874321,35,4
340174,928423,136185,318673,4,29
38171,761952,42141,764407,29,36
650073,840727,319066,758075,23,9
723278,985193,227250,905482,38,13
131263,729639,326773,532233,8,29
129590,808077,80181,742046,27,33
186071,810837,746378,917710,14,31
294493,937965,111683,392444,7,32
265111,960569,76747,835811,34,34
566356,953739,145260,872319,36,19
682954,820748,11682,970728,47,6
185384,921180,17115,834951,34,36
35793,692999,215620,863851,34,32
169343,435819,864741,939593,6,13
513856,637875,124362,915689,41,6
201676,974433,28672,515847,13,38
338303,977299,30878,986030,48,31
244262,938931,124620,621967,18,34
16220,327753,219214,998362,47,15
447752,612556,792443,924312,11,8
196992,651094,681768,986681,25,22
444591,968603,143747,616964,17,26
678153,850989,109170,786546,30,8
173128,534895,4120,795598,31,18
69633,298497,203054,869577,35,11
23515,900732,337751,783870,25,43
837473,870101,335563,919124,36,1
203544,530903,89987,986578,48,16
213662,913372,219527,786324,28,34
131925,910415,46368,965490,46,38
82722,920877,645073,828298,13,41
66853,975647,20542,356685,6,45
477549,542778,253650,848937,32,3
525813,902707,292170,837902,30,18
8256,991272,74787,258128,3,49
100075,385279,571079,826959,17,14
703230,788695,176233,882203,37,4
25445,883888,34807,915817,41,42
60430,617512,784401,912788,10,27
250953,944278,132749,465114,9,34
379832,896134,10067,727699,26,25
45886,924729,350784,923871,36,43
5816,408750,65982,474628,11,20
145859,968657,208740,519513,11,41
102737,808876,351214,620412,13,35
220799,748704,70855,950516,44,26
395294,797822,726053,895109,13,20
195805,619955,253915,988450,45,21
67128,358348,339152,716963,19,14
113315,483624,51062,439854,9,18
1969,269262,53893,321675,5,13
420347,950655,342919,726906,20,26
795086,991855,323080,863394,32,9
948588,958799,113447,461346,9,0
189331,784729,253938,687978,20,29
77537,852147,57194,701659,24,38
527955,951359,127156,694021,23,21
90650,769229,60522,846136,35,33
938848,947559,91035,835281,34,0
289173,506000,4805,943070,44,10
9665,724980,442848,939014,34,35
586162,901142,843506,973076,11,15
398378,674938,437661,641289,10,13
283056,992354,244714,494720,9,35
828693,895829,642508,747953,7,3
79984,917009,649320,824787,12,41
128323,753817,727021,891181,13,31
194486,820227,177446,700252,22,31
256602,848959,439551,636282,10,29
372773,686360,108995,759087,28,15
302741,724086,314128,402152,3,21
304231,910013,713779,801400,6,30
88992,997418,285555,995630,45,45
97622,721545,250401,986064,45,31
272768,600058,629769,749334,8,16
99016,109101,413735,635657,11,0
582629,679504,326735,897556,34,4
612297,884178,47167,981029,48,13
202113,990318,141325,894040,38,39
237905,853972,73827,825395,33,30
543372,991327,240991,348890,3,22
93416,629519,674335,838403,12,26
119281,925765,346327,656779,15,40
156643,795916,745668,964300,18,31
228316,943078,272855,978035,44,35
39478,425441,161587,817208,32,19
137963,868783,13321,611047,18,36
769824,907196,635191,821753,13,6
267700,403569,97954,599709,17,6
120078,530642,488960,897532,28,20
49657,946592,482075,623510,7,44
646381,838444,316187,813187,28,9
582236,948533,85257,817499,33,18
28170,507628,49520,831476,34,23
20127,956730,67649,249800,2,46
33107,587568,437086,988362,39,27
168866,682537,119539,620016,18,25
36557,986251,153678,792526,30,47
176152,215984,100833,262489,2,1
8547,997998,180738,982639,46,49
16722,991686,149477,972060,46,48
11490,464088,35647,971211,47,22
502835,521687,780394,838129,4,0
116674,773756,78161,288910,3,32
236719,930627,455716,850740,25,34
146898,379374,500033,666650,9,11
1758,994629,392013,581855,9,49
30705,518490,11067,978975,47,24
115055,838541,400101,938702,36,36
90822,927289,209772,783932,28,41
107043,701805,196405,933441,41,29
56041,550109,179046,566609,14,24
794210,901374,86933,562846,15,5
276161,974926,358964,758469,22,34
118539,959583,603492,930098,25,42
375728,956176,459894,978408,37,29
104943,992283,57896,952551,45,44
140352,634308,589704,783295,13,24
84882,308093,433212,506061,3,11
466171,952090,28864,437827,9,24
637245,702920,13648,596606,17,3
166435,411442,742538,983848,20,12
9128,14030,227259,751295,25,0
33006,899710,129878,450188,9,43
34312,637609,96541,599703,17,30
57752,750579,289569,711040,21,34
20586,806866,126466,252482,2,39
62837,852889,237740,601467,15,39
102149,921166,507042,813650,20,40
235424,607496,138651,970503,46,18
133571,201739,45189,653571,21,3
129455,998160,378100,773825,22,43
111177,977937,395982,542688,6,43
222580,357031,243589,858438,33,6
174195,882868,146460,530329,12,35
12958,350926,324100,824955,28,16
66708,788056,327287,587519,11,36
292339,599087,477111,951568,33,15
247657,543408,101991,296837,3,14
437183,983315,248456,710175,22,27
355529,696429,206483,601534,15,17
377106,856101,424712,834735,25,23
567916,922083,807247,911303,8,17
49036,402769,435577,889182,30,17
602021,867162,279913,752872,24,13
319870,706300,943861,998587,5,19
9870,996943,414905,888183,30,49
771175,916559,97514,679683,22,7
379096,697819,40326,944979,44,15
3396,998979,142463,619680,18,49
107571,985203,404891,557948,7,43
344762,947670,62871,845375,35,30
833046,979119,184745,944039,42,7
291670,409225,256362,544962,11,5
124008,882835,346877,813236,27,37
249908,845690,575789,961209,29,29
23317,791022,6337,987930,48,38
362206,806105,170197,996355,48,22
86172,737490,153371,588241,16,32
122743,900223,456418,630589,9,38
74566,658429,53926,961560,46,29
303019,952257,212225,956548,43,32
391480,861759,219937,926923,40,23
251296,906785,223426,796162,29,32
349146,780809,189359,725784,24,21
652986,954537,318984,641609,15,15
102456,932776,257101,921977,39,41
605032,994241,622602,761774,9,19
58462,688559,160058,405068,6,31
581838,963823,97449,373656,6,19
536943,653827,95239,969071,46,5
250581,497604,215092,612185,16,12
13019,261978,93611,675256,22,12
28530,846461,499787,680498,10,40
89993,897905,97461,862748,36,40
401642,850277,404072,832056,26,22
392075,620163,258576,645723,17,11
11852,800406,391626,768909,21,39
394986,972148,285358,630979,15,28
90029,985908,255107,350551,2,44
7976,984562,29545,985020,48,48
127197,774076,174587,879523,37,32
243965,487564,366750,790508,24,12
596488,836170,113881,761435,28,11
348497,399847,26043,929510,43,2
618251,978997,338562,709932,19,18
192975,871215,235530,758374,25,33
13961,996141,184267,967307,45,49
324002,871331,569508,815527,17,27
121545,977480,291833,937959,39,42
3992,988064,644305,803232,11,49
66852,895639,265720,610654,15,41
447597,773316,862364,940944,7,16
101879,966785,477999,906354,29,43
14019,393398,185983,447847,8,18
901526,919216,12387,972426,47,0
322576,995906,673017,897667,17,33
107409,666162,443104,576379,6,27
82254,278502,146065,908248,40,9
564535,959150,33036,414056,8,19
206751,949057,34242,933448,43,37
79656,999185,500393,795408,19,45
126457,620289,231717,538586,11,24
316894,939775,38128,889758,39,31
335277,709881,785997,929427,12,18
29001,953773,118449,947595,44,46
828025,950533,578295,744039,10,6
38456,307159,311704,861477,32,13
7792,848479,603360,992852,31,42
310199,463169,479849,585433,5,7
687122,980828,42067,958353,45,14
101794,795256,342129,485522,5,34
4280,974827,149880,783044,29,48
266707,673285,152460,787092,29,20
192539,623958,304314,918485,37,21
554205,669436,630135,698560,4,5
148386,629757,405417,948346,36,24
281954,967877,299256,908375,36,34
436610,749503,67949,959832,45,15
32785,731920,12984,621434,19,34
105506,631467,213377,993203,47,26
214548,989480,241213,778068,27,38
406366,671930,975708,996578,2,13
582342,940815,672728,938321,21,17
120461,990306,113971,752319,27,43
6996,980961,538194,732296,12,48
15360,974521,473227,952741,34,47
776507,814620,103705,761147,28,1
596001,736433,642418,781399,9,7
23360,958324,58424,778740,30,46
370389,381358,405830,896261,31,0
160778,961135,109438,431965,8,40
470230,829491,775787,991842,19,17
101621,447622,187159,609385,16,17
644643,662955,389533,994184,41,0
677003,867494,281230,967009,42,9
690301,993902,185666,917728,40,15
294377,681099,475923,767256,18,19
242501,926107,204976,935169,41,34
195791,334188,3326,674495,22,6
223450,415134,68017,790288,30,9
41806,524237,148940,782321,29,24
430831,633305,50656,599792,17,10
56905,899606,352219,851341,30,42
21008,790960,655700,982625,26,38
47496,924516,49708,919670,42,43
37939,978589,500170,798139,19,47
489933,951758,89324,814729,32,23
132389,956440,111662,886180,38,41
386402,845815,231624,672946,19,22
362267,684482,61265,888937,39,16
269511,963516,524248,587749,3,34
150141,839146,125536,953621,44,34
333983,716638,259198,862886,33,19
61314,695104,104128,559556,15,31
291493,782127,26193,831354,34,24
141200,931612,158819,604943,16,39
7869,760131,482955,977962,36,37
197443,945423,273419,813883,29,37
424901,671566,106133,548554,14,12
336276,780719,236850,849162,33,22
281907,832245,266028,358782,2,27
109835,404811,49263,385757,7,14
312432,632995,479732,707856,13,16
50846,603462,52350,684648,23,27
70749,451452,66996,920375,42,19
158511,959798,732046,882134,12,40
18247,989917,106901,434565,8,48
376298,626969,315662,391638,2,12
545848,753618,401646,746156,19,10
69590,971995,381840,884224,31,45
587294,922269,31942,953735,45,16
112953,902278,231995,633851,17,39
85916,634889,4640,880835,38,27
10132,306729,352042,894536,33,14
510294,520547,128000,433729,8,0
70797,998401,46370,937555,43,46
121839,899377,32504,946551,44,38
10580,990009,442774,752200,18,48
168125,649740,10703,654843,21,24
749789,804653,35680,834144,34,2
115996,698503,95434,884731,38,29
315373,981504,45587,975691,47,33
110342,950069,57817,976383,47,41
130027,957560,204785,607731,16,41
108348,710290,505000,758059,15,30
135684,551996,562622,754416,12,20
176983,484828,75965,846126,35,15
528286,972998,306337,495130,7,22
152054,571346,340760,770394,23,20
26814,726155,153164,783470,29,34
70163,835664,89360,845959,35,38
512856,535983,443433,858334,27,1
264250,745160,29098,949215,44,24
21428,86201,218105,781880,28,3
848661,863845,280298,566865,12,0
87889,222869,546085,649396,6,6
75906,329978,477222,783066,19,12
484854,692918,118894,870454,37,10
591142,860517,129181,949822,44,13
67839,948196,265066,919591,38,44
370984,990959,11026,936497,43,30
34860,807826,716101,812106,7,38
151451,405556,110227,917229,41,12
420723,503348,76970,330818,5,4
496759,610412,114707,655637,20,5
341029,587059,625311,733090,7,12
147110,597046,861580,997781,12,22
407345,769170,261523,774129,26,18
6209,993142,317752,519284,8,49
397186,543940,86664,898004,39,7
284884,784837,361711,488573,5,24
39472,991738,404868,687817,15,47
82909,641401,106233,453464,9,27
32810,572549,122389,899825,39,26
94526,858500,9330,976647,47,38
511505,712559,217394,777841,27,10
114514,720317,725562,964526,20,30
20606,545585,30011,956813,45,26
217287,838037,49139,663506,21,31
30543,723279,571354,687346,7,34
230218,445163,162715,405005,6,10
346148,958802,331666,832934,29,30
281060,390624,3115,687918,23,5
56487,560549,255494,970664,43,25
103418,897790,46979,899335,40,39
30725,854275,222736,658976,19,41
315184,985250,207609,964123,44,33
417898,871310,549313,787160,15,22
252558,925060,134120,543786,13,33
175699,629876,51965,299557,4,22
140907,843873,309431,899087,35,35
30045,933490,29827,855198,36,45
240365,777233,48872,835248,34,26
12649,848821,287000,495224,8,41
582059,963871,243845,988982,45,19
1893,968218,394108,938952,36,48
803487,847211,64009,656952,21,2
31052,875381,93687,988081,48,42
155020,777111,146907,805998,31,31
630689,964117,191139,966203,44,16
84458,806296,204536,863766,35,36
236511,593642,158004,344603,4,17
119662,888824,420301,890197,30,38
354072,971300,50313,453405,10,30
400805,980511,77900,979676,47,28
361172,937869,42661,806303,32,28
113496,625325,231367,721845,23,25
239387,626685,116288,281294,3,19
274077,363389,106913,556683,14,4
47511,816750,31185,873670,38,38
254208,989770,413527,760389,20,36
571922,672986,176282,685168,21,5
56870,240079,398415,584166,9,9
251745,278237,339416,876144,32,1
115748,996585,1858,776221,30,44
52921,706791,253700,478949,8,32
11723,990339,243602,829986,31,48
55450,713660,37272,603479,18,32
377504,817459,31929,875665,38,21
404888,806320,8672,970146,47,20
191160,378077,665106,875390,16,9
424598,816518,236281,962974,43,19
107987,651398,95699,906993,40,27
62320,944624,430872,989755,39,44
52524,986344,258873,866545,34,46
672514,883758,141870,658408,20,10
62504,185743,331443,814319,27,6
492772,838071,322301,598605,12,17
315044,433691,477445,698674,12,5
61599,973980,307701,858675,32,45
114101,437796,33771,357943,6,16
133076,927641,400377,571993,8,39
507985,843959,342774,416000,2,16
81598,304043,27867,956595,45,11
260823,781321,299828,822659,29,26
153132,610107,155241,544738,13,22
147616,968533,169382,997374,48,41
17799,55107,607411,857146,18,1
80786,989892,78153,697186,23,45
20634,997241,294734,990662,44,48
627613,809092,8766,958023,45,9
165814,834697,42271,850662,36,33
538553,564436,357620,509941,6,1
95273,995072,411661,663134,13,44
116667,831308,9157,977460,47,35
638023,816747,487300,950802,33,8
659791,873747,115045,237570,2,10
547667,989519,892053,948123,5,22
186121,367943,636612,830300,14,9
252062,907064,118414,684338,22,32
324709,649559,196964,646575,18,16
198111,711874,243137,798939,28,25
327486,581175,501652,941794,31,12
209082,755219,188093,565249,14,27
608249,622669,30494,988998,48,0
93635,143385,15416,848437,35,2
938013,973722,113087,963442,45,1
521679,851474,293542,948572,40,16
220828,932339,1641,626559,19,35
304283,793253,89977,915002,41,24
191100,925391,261137,981410,44,36
384483,854235,176146,482520,10,23
440012,752742,436090,514928,3,15
69932,992425,9648,892592,39,46
681588,713698,92073,485722,11,1
468706,599086,547142,832310,19,6
172706,467588,114593,335253,4,14
29319,856534,204166,420822,6,41
98419,834386,2566,563851,15,36
72580,804908,1639,986022,48,36
291638,486648,137663,985744,47,9
37708,926965,179346,769859,27,44
212207,993549,487863,911408,29,39
214894,749228,28121,871905,37,26
309207,638830,521477,625502,5,16
294095,473273,244170,642936,17,8
188026,993645,13733,975581,47,40
83037,734140,34557,498739,12,32
666122,932344,441176,708964,15,13
76571,977566,35121,814368,33,45
309801,975870,437614,562944,6,33
13542,891805,242343,899180,37,43
603436,916658,61623,928982,42,15
316837,996575,19150,892414,39,33
451530,833783,474218,704168,13,19
803539,825652,265630,468893,7,1
145796,885497,683567,864311,14,36
666694,778067,532198,589306,3,5
169461,737165,79678,877830,38,28
377085,479873,792960,943608,13,5
211211,469472,398736,538053,6,12
615861,988593,928358,988745,5,18
63635,964900,336011,511025,7,45
542351,639774,455045,897924,29,4
543016,587712,525687,620895,5,2
50636,906638,551186,870746,22,42
526646,980032,37342,811687,32,22
213057,828361,222600,743708,25,30
265375,490066,343161,599607,12,11
54771,840566,687803,957306,22,39
247132,955816,110962,733754,26,35
45776,989749,639905,985261,28,47
696437,714739,630664,825801,14,0
186133,351418,663901,701946,2,8
710206,744984,171936,717133,24,1
665554,706984,270839,744601,24,2
6848,658958,104014,689152,23,32
574219,669457,68256,907028,40,4
114387,585938,54368,773527,29,23
184459,940565,169573,497645,10,37
9629,977241,244317,433534,6,48
335467,668762,230894,643621,17,16
247690,867421,807666,902522,8,30
116421,747773,595802,922933,24,31
196173,961964,161748,823681,32,38
328520,856837,786865,838459,4,26
482274,976035,536631,595831,3,24
649752,957173,515354,827110,20,15
137638,625561,1741,779029,30,24
24401,735249,188604,667942,20,35
286763,428497,190301,324839,3,7
12728,930038,126339,752536,27,45
25492,987214,474407,939153,32,48
189164,602754,402226,606244,10,20
262047,337380,92224,991492,48,3
81786,297043,191477,472891,9,10
40683,953015,75418,785071,30,45
682279,802444,137088,872706,37,6
624546,996295,624690,821961,14,18
333770,920400,190559,866544,35,29
250169,873420,217061,923380,40,31
326261,396985,671825,813847,10,3
909461,971282,218838,323423,2,3
77385,814687,94229,826857,33,36
52132,603200,755244,982932,19,27
756485,843243,151607,921664,41,4
17969,301760,579466,730628,9,14
592219,631858,12467,907375,41,1
207363,364866,39779,566512,15,7
920766,922020,38995,886677,39,0
221504,518008,10807,982045,48,14
617982,837605,464618,855428,25,10
417972,649027,356834,815513,26,11
317793,739927,14779,765927,29,21
565985,871592,328647,942870,39,15
6751,670990,8987,420034,8,33
164225,411912,107718,987031,48,12
67907,868309,268397,548164,11,40
77099,248461,41849,603362,18,8
294159,346691,341205,815778,27,2
437679,930112,138264,765378,28,24
548568,656526,72409,796348,31,5
57843,830397,21922,913689,41,38
520838,991585,374310,651813,14,23
4450,996894,482118,759173,17,49
249140,322960,130228,338850,4,3
147307,592842,373382,781006,23,22
71591,609233,272530,593930,13,26
90200,894016,445221,908634,31,40
635597,938082,1495,987846,48,15
293976,858807,224696,501732,10,28
64941,845765,25051,983663,48,39
63527,885938,392951,514632,5,41
77295,949808,329018,765113,23,43
150459,862753,632245,754848,8,35
265244,622970,26889,983150,48,17
99395,880437,130703,825406,33,39
70584,859434,118815,315097,4,39
274907,732886,434567,620488,9,22
156311,910503,205448,857723,34,37
136538,721893,36795,937328,43,29
529329,713012,282312,865230,33,9
70051,989673,70755,944570,44,45
645545,650473,44680,581282,16,0
347423,949051,3166,759808,28,30
444473,635217,298191,961790,41,9
313234,546302,360147,825052,27,11
49205,957132,134306,851203,35,45
504198,614059,295687,907531,36,5
419636,956517,43741,568431,16,26
20744,319590,393308,786556,23,14
306758,944355,391409,604068,10,31
321382,610061,461984,696768,13,14
140585,373091,119186,808425,31,11
50580,200738,387003,591809,10,7
254571,922992,132460,662447,21,33
126021,996688,724239,867676,11,43
297278,972198,58975,347020,5,33
6069,969163,233348,928535,40,48
154205,490668,409213,969300,38,16
35839,958895,386045,524213,6,46
64040,999719,341230,890246,33,46
149677,393463,270703,926019,39,12
344690,491381,497056,891308,27,7
269861,946512,311425,788897,26,33
420828,986676,121036,777304,29,28
92139,287264,323610,990192,43,9
352519,486810,167819,437087,8,6
79611,126721,415718,793506,22,2
606202,889320,52415,645441,20,14
353936,790277,72686,365255,6,21
714326,928971,150833,854958,35,10
5792,999257,496841,887345,27,49
804142,980621,725576,922205,16,8
35279,732245,204065,945594,42,34
459505,668233,267055,722478,22,10
254808,291888,574953,651085,4,1
52136,525395,759497,974000,18,23
240805,822778,272245,944516,40,29
261340,840490,368196,645900,14,28
292529,406544,584798,951456,28,5
753360,794013,483230,657004,9,2
206858,238895,635345,865552,17,1
25128,970433,249231,441863,6,47
536060,850861,106712,660467,21,15
3402,993223,65690,983270,48,49
147163,911095,272874,534585,10,38
401208,956592,237128,469022,8,27
62183,791657,768438,932511,13,36
43636,851390,41892,351030,6,40
91695,478270,613459,905427,22,19
39499,941488,377500,488070,4,45
661414,797722,417370,869963,29,6
542498,905426,158900,703316,23,18
211799,243478,118447,934514,42,1
69067,719125,131619,803093,31,32
325383,366069,561332,682352,7,2
254812,873033,113349,992521,48,30
182909,930092,168448,745574,26,37
261377,594845,516206,594190,4,16
238209,526779,82312,934259,43,14
60097,191138,590125,656572,4,6
111887,855451,103040,616454,18,37
823277,950333,58166,902210,40,6
341223,849862,27679,474190,11,25
41638,557422,584515,744978,10,25
336544,694638,114855,917759,41,17
70605,190915,473205,579829,5,6
310568,791409,233024,948760,42,24
655117,898065,441987,645109,11,12
431464,998790,2083,938173,43,28
243896,866300,166911,940865,42,31
419649,990458,209985,446965,7,28
19154,870664,793509,920474,10,42
656047,777823,259655,340191,2,6
708121,910157,24426,850277,36,10
13335,839655,561505,920087,26,41
167700,989635,752550,966962,18,41
125821,199996,140408,913933,40,3
194512,838832,35383,367750,6,32
40293,897212,460000,989934,38,42
84082,992388,314905,971745,42,45
334629,635153,313521,743105,22,15
40073,884664,476903,849622,24,42
36406,299530,296050,639931,16,13
15911,741046,141893,889289,38,36
357488,992976,797639,926123,11,31
488284,948388,415789,799611,23,23
115304,294925,270087,959702,42,8
419650,808884,14088,907854,41,19
71584,971819,458756,703146,14,45
286055,495412,673300,815083,10,10
475,985432,189811,442439,7,49
592851,868297,7008,786019,30,13
319286,744905,141101,911260,40,21
50679,783128,340537,689033,17,36
839129,876894,4443,569170,16,1
647152,996946,153287,859661,35,17
150797,998792,461420,736262,16,42
645185,780505,24463,637742,20,6
136050,991360,29823,811482,32,42
257393,257923,255466,859726,33,0
42336,781142,46462,662930,21,36
598262,876549,43186,831140,34,13
6441,958812,347485,524637,7,47
282113,678087,257695,767252,26,19
256450,500033,727091,949341,18,12
195403,910955,39833,936072,43,35
136704,833666,137082,541789,13,34
322073,447900,338257,584037,11,6
383675,668606,396515,987565,40,14
641500,928152,354494,839632,28,14
254531,961427,164842,935416,42,35
658899,746325,196945,550894,13,4
789415,825426,556936,986745,33,1
481139,937107,66195,253338,2,22
331560,844569,118918,812362,32,25
587802,732532,295873,760850,24,7
53952,381441,475392,962935,35,16
626551,834262,127560,821061,32,10
26112,451750,392775,931370,35,21
29177,311670,230109,514335,10,14
262294,524690,57829,873714,37,13
73847,751640,147188,909988,40,33
239986,416130,31993,684609,23,8
55937,995759,122261,904236,40,46
160576,484338,230187,956036,43,16
17261,510731,7843,717442,25,24
922,997344,330367,825907,28,49
185103,953097,324780,644048,15,38
18402,956884,493916,719560,13,46
140092,785204,311850,568035,11,32
169071,379963,408544,965095,38,10
20212,998445,610690,932849,24,48
327365,609232,409257,952409,36,14
2534,999159,293793,890790,35,49
356347,433080,12003,679418,23,3
159477,895239,202969,952695,43,36
35840,949241,14901,881936,38,45
1363,998641,346749,805833,26,49
62059,863197,95223,749769,27,40
563140,852567,545302,892428,24,14
631248,666498,33657,828473,34,1
7537,11821,8753,787132,30,0
507304,982268,491260,934344,31,23
629926,888137,59777,926319,42,12
334558,578020,251576,912646,38,12
12831,971562,400827,749865,20,47
1263,945588,192310,823903,32,47
495876,655377,217677,785477,28,7
206995,683104,85601,533918,13,23
10006,484677,57635,820971,33,23
29341,370409,414385,563981,7,17
508341,731678,33042,887035,39,11
39660,96411,10659,559829,15,2
54819,849057,513211,741866,14,39
295189,734867,332009,981806,42,21
224218,237739,268073,892279,36,0
377866,701268,211645,742226,25,16
66138,441959,112896,762076,28,18
241507,807259,202840,665125,20,28
815692,870284,378783,709969,18,2
324756,731355,255149,453036,6,20
553520,597499,44425,865237,37,2
10777,873653,19548,930612,43,43
706973,738442,167728,564469,14,1
231990,836231,116185,678461,22,30
199934,979601,227706,727425,23,38
452505,532569,369245,833875,27,4
161718,647530,102330,843616,35,24
766788,773732,109593,932110,42,0
329975,933481,185937,847249,34,30
178215,187520,610769,796146,13,0
129195,964857,127255,850728,35,41
173393,697901,22024,663001,21,26
27901,955166,320169,694193,18,46
252878,796557,236557,597985,15,27
390996,561086,136456,554455,14,8
208424,897710,97095,822834,33,34
848246,998733,203817,835337,32,7
21455,839715,50907,932647,43,40
387997,762644,781653,813437,2,18
624420,698558,25756,774796,29,3
772378,773322,563565,950707,29,0
332971,845298,131282,733333,25,25
21198,957692,444755,866909,27,46
47247,941072,53015,758858,28,44
464868,895766,643612,753146,7,21
83463,131459,451043,883873,28,2
9110,892313,330154,497816,6,44
566524,844936,603814,961438,28,13
284244,816233,62627,883087,38,26
587910,698186,117564,675699,22,5
199698,592883,385957,617610,11,19
19823,907566,109050,830737,33,44
40128,716055,6292,579380,16,33
522015,976758,53378,544913,14,22
735756,869493,102163,702849,24,6
97105,666147,326327,930015,37,28
36779,447563,345791,896386,34,20
378535,865148,18391,456272,10,24
530029,927174,613460,930403,24,19
436892,929275,384916,877103,31,24
184139,280067,94951,823358,33,4
584180,806712,44641,879546,38,11
404673,869070,444066,880399,28,23
458565,604089,89744,828216,33,7
352263,648484,226256,819183,30,14
8444,399843,759230,851178,7,19
750149,981018,241717,864517,34,11
37721,905945,83515,734913,26,43
366388,595894,147203,723514,25,11
109034,996795,498324,829285,21,44
12717,986612,189005,947840,43,48
108231,642102,380040,543909,7,26
414861,612405,44208,470994,10,9
33453,441035,105279,909118,40,20
252313,667100,468938,732940,15,20
3717,947177,56861,850017,35,47
308050,732729,938858,960508,2,21
455260,686946,167544,796194,30,11
29082,886562,111000,928951,42,42
191208,911782,633612,983232,28,36
4663,974058,418794,466585,2,48
689411,983669,555408,919644,26,14
73233,883083,126715,237024,2,40
13843,994410,201374,745839,25,49
125272,143054,493307,876280,26,0
115091,490092,433955,997164,40,18
15139,714872,795812,973853,15,34
41542,979327,386200,803090,24,46
486411,851983,27259,767587,29,18
7533,979800,693756,969327,22,48
51190,211767,328337,865330,32,8
334356,759052,670393,922169,20,21
439588,909914,26049,784954,30,23
159927,790818,172818,828694,32,31
186393,194749,355792,730290,20,0
52813,848169,207206,883316,36,39
509256,597042,636830,918341,21,4
68287,991025,52739,677343,22,46
343742,617489,299872,874162,33,13
7994,999026,558506,779657,14,49
204150,736062,218664,728242,24,26
33234,807129,55057,230878,2,38
159238,785111,173458,765881,27,31
671769,725247,684760,865634,14,2
3885,931553,304111,622586,14,46
64587,105452,135544,786098,29,2
398342,602803,656745,847722,14,10
61309,946038,46236,936817,43,44
68278,672921,294381,798048,27,30
297443,618608,342577,634759,14,16
6802,353379,666695,950090,22,17
16417,869298,841954,997852,14,42
224924,966792,119231,648842,20,37
22424,996710,6397,921270,42,48
157238,680832,191308,577759,14,26
37392,882927,381837,741973,20,42
102999,764083,87418,837540,34,33
260136,625678,757306,940567,15,18
571669,592030,127679,678022,22,1
36350,934548,221822,708779,22,44
82764,763083,73083,815966,32,34
874506,992122,348566,796733,25,5
123468,969508,260299,816770,29,42
41611,969965,69539,767621,29,46
182240,862645,384746,441400,2,34
268001,524901,162286,822585,32,12
592691,724888,47094,935069,43,6
93877,943706,135836,764211,28,42
401385,987347,614388,931921,24,29
179603,929986,746401,940442,16,37
200790,865415,93246,871490,37,33
151445,707333,189261,949088,43,27
4688,996776,235281,611272,15,49
23677,975789,162452,943163,43,47
151778,781155,606368,830433,16,31
661223,887297,195254,944489,42,11
124029,793603,675560,969947,24,33
319554,709806,256336,797751,28,19
297334,838813,65628,872035,37,27
32115,903331,439886,894088,30,43
406243,579878,515318,929804,29,8
86435,979636,149779,734353,25,44
24922,925825,203432,708409,22,45
971117,982658,32621,863891,37,0
128137,924932,451391,904049,30,39
71994,893229,296627,856524,32,41
662084,860206,88610,711068,24,9
34510,567390,67337,804475,32,26
742342,785302,276709,831134,30,2
402001,940843,621226,941014,25,26
813385,869848,74349,926994,42,2
198102,336520,232312,702146,21,6
82129,939752,12398,684274,23,42
12464,986377,402541,951579,37,48
30782,969261,87476,931354,42,46
89109,583425,45832,820668,33,24
535528,729296,24166,852197,36,9
195979,542288,43875,869984,37,17
173096,894429,594765,902426,23,36
395005,534144,665557,971277,25,6
19405,896591,520900,978333,34,43
710214,993766,3059,871358,37,14
97442,923241,233007,966321,43,41
225514,914952,136682,788631,30,34
864798,979562,26558,815244,33,5
333586,662374,281485,821794,29,16
170403,829078,95400,752110,27,32
246043,956906,255844,789620,27,35
17794,942996,349866,795716,25,46
620623,837726,263445,751135,24,10
297219,783124,11105,668828,22,24
150209,405025,90955,768708,29,12
137224,783291,280233,750656,24,32
614119,828910,14411,764802,29,10
606301,914961,59586,251109,2,15
740940,967408,770905,861955,7,11
23464,999411,493618,751701,16,48
175039,774698,404328,914422,33,29
241922,259605,73667,570423,15,0
597142,687777,536535,835971,20,4
313480,761152,16721,924806,42,22
44248,984505,522588,850730,22,47
11503,812324,40699,917971,42,40
124281,837749,332403,847911,30,35
193957,592873,40690,770268,29,19
231748,980007,193454,940573,42,37
9430,988205,514059,759203,15,48
90936,929962,106822,683417,22,41
837292,848850,18255,808258,32,0
72020,674002,411267,702540,16,30
279032,612116,279881,793749,27,16
31257,992938,62668,718087,25,48
38874,978777,398796,557969,7,46
5362,594815,305844,841843,30,29
13651,657260,181030,798324,30,32
418877,798448,714926,911991,16,18
291676,664992,260604,691401,20,18
502087,541119,220564,600943,15,1
339514,538811,343172,729332,20,9
212793,959304,280818,856912,32,37
572871,966130,219145,676672,20,19
337533,770376,24841,749316,27,21
203753,464648,163270,946454,43,13
100568,812324,131828,731263,25,35
149945,970707,152248,839158,34,41
66598,634057,146404,730762,25,28
582583,942391,594731,929851,25,17
13519,959496,121924,830669,33,47
170106,308396,211908,853989,34,6
85158,968806,182387,664036,20,44
453464,589852,559824,979184,32,6
247296,422829,61916,832329,34,8
177359,332025,420680,878205,29,7
421846,749997,19638,921159,42,16
118,995699,164910,843014,34,49
166933,810516,176492,741519,25,32
58030,949096,30452,768974,29,44
201301,821306,102927,774841,29,31
345074,857725,217057,774547,27,25
156379,974222,178010,594841,16,40
274012,480436,14332,583324,16,10
82722,911703,252528,683175,20,41
74447,323041,29036,661965,21,12
147060,652986,418963,880677,30,25
230385,780402,9876,642925,20,27
93801,833718,480480,849558,24,36
188328,937666,217998,727142,24,37
6631,853110,6231,381562,7,42
302250,933645,199982,812680,30,31
215272,681469,673410,974108,24,23
59433,138596,410156,848020,27,3
42343,547629,163877,867665,36,25
48100,676649,12703,635877,20,31
588110,804282,161154,793771,30,10
84,862436,339984,740602,21,43
45353,863920,37062,833021,34,40
134168,708979,42502,742847,27,28
92249,921546,70146,781340,30,41
231790,933130,92467,700669,24,35
78496,376729,417856,902608,32,14
52973,813019,37798,834786,34,38
6657,972677,388618,919686,34,48
35401,365659,68378,855680,36,16
773943,850632,84246,580239,16,3
177009,555603,103588,743897,27,18
233923,632462,208190,851738,34,19
543410,694083,160034,850258,34,7
93571,121309,565670,862314,21,1
312981,882491,419518,775698,21,28
465830,865059,61977,870910,37,19
82303,875470,75610,700424,24,39
304048,688389,138740,757498,27,19
203389,964759,69779,873235,37,38
236539,814353,153652,864310,36,28
656827,955303,537960,784086,16,14
95340,972051,629010,941745,24,43
192318,567487,97745,665267,21,18
169799,335739,243695,697973,21,8
25373,919522,187969,608934,16,44
211754,523114,84781,744973,27,15
261351,990500,307439,923937,37,36
43531,870668,407899,951590,36,41
208101,815354,513441,995359,36,30
83114,573611,150489,589793,16,24
54020,356164,450699,830946,24,15
83254,551590,345263,723001,20,23
20874,976339,137461,878974,37,47
94807,204117,115836,715414,24,5
679020,729870,36124,638920,20,2
447586,855936,69590,710592,24,20
37198,823987,205048,894762,37,39
170671,938808,531129,788648,16,38
