307841,879252,91093,872100,37,28
37758,989826,853023,894506,3,47
777106,840473,4018,927443,43,3
25166,988307,421949,980534,39,48
219302,938880,258148,988997,45,35
49498,649157,16939,991045,49,29
65920,316333,391536,573771,8,12
239393,568538,682432,709488,1,16
84696,637820,112620,513345,12,27
294627,896741,146886,926343,41,30
477949,540433,689003,752598,4,3
19663,792660,35345,276069,3,38
402703,476998,363560,887283,32,3
22368,327986,90355,833616,34,15
237054,767848,744467,841227,7,26
7675,802193,112168,786946,30,39
8206,952450,741533,918278,14,47
722792,763933,78380,568531,15,2
468899,658920,435095,584775,7,9
485631,806229,125611,258282,2,16
321616,524549,52644,610996,18,10
220999,428380,440256,688836,14,10
119370,877635,373620,609049,11,37
90393,790250,649302,886489,18,34
163827,899559,465047,848167,25,36
239676,342387,175215,352457,4,5
96319,747960,335689,755215,22,32
286633,830483,460569,878422,27,27
443381,714793,178225,848440,34,13
523138,723407,18993,994707,49,10
117157,657685,148649,292869,3,27
290895,685824,45541,574590,16,19
482667,935798,276781,897986,36,22
6751,942832,91282,996836,49,46
843230,892427,194837,728531,24,2
10566,998598,74416,366854,6,49
60382,518733,518866,786237,17,22
25090,973283,208094,632605,17,47
383672,894316,88783,764637,28,25
128110,987426,130611,884996,38,42
45582,860407,584864,639390,3,40
512372,867369,14457,976571,47,17
510210,902268,17252,658539,21,19
763942,986830,652506,842030,14,11
288205,654554,40480,904932,40,18
840768,854209,83180,989404,48,0
928455,935121,454934,981192,37,0
429585,869098,399170,855069,28,21
119630,963455,37672,238323,2,42
652858,721207,251059,875539,35,3
9555,981180,122645,249007,2,48
277262,361631,22160,984888,48,4
277918,682198,72138,979100,47,20
255693,748102,1434,999441,49,24
626916,940685,169743,960935,44,15
292605,848290,340065,762268,23,27
52193,849830,253019,297605,1,39
371527,564601,850363,999737,13,9
676590,963648,858066,873095,1,14
391058,784173,27367,632915,19,19
595605,993991,630968,726065,6,19
8067,941447,2589,985246,48,46
724005,832021,448953,939691,34,5
199312,925113,320366,499988,7,36
155454,933298,35038,814196,33,38
115784,993014,250607,716351,22,43
37816,965492,181137,358087,4,46
231873,798446,161963,676118,21,28
108522,792519,712389,857000,11,34
164302,818212,31621,984596,48,32
348924,805028,168775,357268,4,22
238649,966737,55797,863985,37,36
772526,981476,62333,393930,7,10
548899,712898,746944,870422,10,8
355793,601320,434753,873402,28,12
210694,998835,21139,987010,48,39
863279,902759,7249,970410,47,1
180018,472333,42759,486761,11,14
66173,249903,175035,903603,39,9
9704,910964,468286,824050,22,45
466458,468560,590713,643581,3,0
233570,978444,33572,62283,0,37
7654,823209,666844,949498,22,40
197043,708266,47607,302774,4,25
103550,385377,61649,990575,48,14
786275,802065,74538,880837,38,0
214286,866666,696379,735834,2,32
15000,999102,85808,781105,30,49
18246,963023,549084,726478,11,47
193041,994539,121639,755900,27,40
482787,660751,787215,921306,11,8
129884,752172,627718,660943,2,31
692172,817908,827236,966930,12,6
16225,996568,684954,935018,20,49
15761,418443,231390,430069,6,20
166849,864850,101701,950833,44,34
39365,981379,235544,841940,32,47
92647,493598,117487,945073,43,20
383385,947689,110940,916618,41,28
127270,399941,169482,798309,30,13
946516,998317,72476,811321,32,2
47009,965969,580766,976100,30,45
646527,767830,119055,918724,41,6
480235,503331,238393,533179,11,1
77754,445797,137591,860998,36,18
513426,533094,18557,976300,47,0
399072,543254,50294,770061,29,7
81569,961169,13723,135360,0,43
47636,945052,459871,558047,4,44
19624,375102,11683,63250,0,17
267080,687247,230636,977627,45,21
212315,813149,105045,996308,49,30
491003,909685,145550,800958,30,20
150932,924440,484763,875006,26,38
322319,997894,264069,947063,41,33
250438,847069,212495,322025,2,29
503113,787643,191136,969334,45,14
893489,971590,813603,956473,12,3
571099,868263,547020,944273,29,14
350396,549518,16364,436295,9,9
226291,885367,193336,552680,13,32
367298,980283,200837,243639,0,30
974,935289,616987,960751,27,46
187540,949129,77797,962459,45,38
1131,993855,831032,921904,7,49
177683,210847,383991,897649,32,1
596893,615730,686677,875813,14,0
23964,998727,20905,27803,0,48
246986,949903,455448,788191,20,35
93243,527566,77407,527377,13,21
50647,83465,517258,648313,7,1
95351,980140,429049,626105,10,44
459421,541663,533629,924812,28,4
140837,851058,308433,403967,3,35
134956,318830,115744,224118,1,9
426957,730217,486936,681600,11,15
638495,934497,227048,371645,4,14
68444,822455,96997,664417,21,37
549059,570962,16697,951837,45,1
7426,939292,134448,434188,8,46
126098,576861,119633,881608,38,22
8275,995136,354056,952377,39,49
81851,953339,483263,980164,36,43
1696,959022,137505,933907,42,47
155082,339210,740378,795857,4,9
268595,703466,94004,977335,47,21
604781,706520,32175,821106,33,5
83543,956685,383542,866979,30,43
80417,996197,10079,915082,41,45
46293,632871,680321,682141,0,29
497825,785334,5928,964151,46,14
25722,456189,320490,882688,33,21
207509,843438,52214,820130,33,31
57899,835903,330481,637693,14,38
128119,562701,286928,572732,12,21
427487,706375,23603,979458,47,13
21937,674710,40389,998417,49,32
110240,528189,249043,835132,31,20
96678,704852,30539,711892,25,30
436307,687585,321452,807384,27,12
449701,742278,514744,691875,10,14
9763,917051,659926,883105,17,45
1303,970873,125728,759393,28,48
318383,448348,95562,395888,7,6
314131,943861,536740,807507,18,31
314833,836799,106915,457233,9,26
759500,997595,114014,603282,17,11
87142,284757,46094,933982,43,9
69181,691485,71152,276958,3,31
313765,852256,38348,583202,16,26
34499,863662,92746,596288,17,41
836,300878,480996,897490,28,15
7560,445699,49398,163394,1,21
480855,650026,537285,925805,28,8
438969,700097,84647,762509,28,13
473830,528171,542782,738939,12,2
112537,224690,429210,506221,3,5
311928,526236,2200,270861,3,10
246082,842618,309161,662283,17,29
434398,792181,52012,982219,48,17
144713,974720,28221,949589,45,41
632259,909370,14635,494996,12,13
258700,674783,317975,632575,14,20
202251,906594,221314,539536,12,35
95440,551587,714100,794406,6,22
97315,857859,19007,366470,6,38
270939,699188,405296,951557,37,21
435759,600563,441376,744966,17,8
76054,873832,620248,787778,11,39
141869,467499,7841,609216,18,16
205488,581389,208512,388650,5,18
275913,643958,706430,891862,14,18
193193,805722,52930,990194,48,30
141057,533208,227388,866265,34,19
616108,699356,89135,665237,21,4
395114,678066,824113,890855,5,14
164966,824654,876972,883350,0,32
88814,995133,38542,769439,29,45
686197,936583,530618,700308,10,12
104251,236594,121234,376913,6,6
15955,982169,215653,363112,4,48
149894,998830,184728,552721,13,42
80243,321245,310902,491326,7,12
298075,739966,157122,168288,0,22
77986,625600,126701,960129,45,27
4299,573834,476310,506203,1,28
354371,487746,170988,218021,0,6
155818,217724,41076,961337,46,3
184026,970592,341847,981805,42,39
56681,883813,106735,991255,48,41
333674,663098,271958,823356,30,16
231735,986761,314141,644071,15,37
225435,994911,297738,496742,7,38
108367,686685,733257,816803,6,28
652899,686508,66004,536606,14,1
628236,775724,252139,544670,11,7
14339,607348,36130,952439,45,29
62515,980142,39379,471491,10,45
112171,840502,225726,649520,18,36
1739,999571,63645,595909,17,49
108542,170895,879729,991769,10,3
9713,967623,811420,837116,2,47
45434,839682,223795,699035,21,39
241277,565201,66831,796808,31,16
116069,960197,239218,526388,10,42
312770,833773,165532,271981,2,26
23456,920169,54782,114826,0,44
200575,888533,742485,794941,4,34
708273,891018,76387,860928,36,9
512216,972111,406092,904903,32,22
98935,978475,12837,738405,27,43
425520,668027,818207,831638,1,12
395676,572552,638155,821482,13,8
53608,839863,404013,613812,10,39
804885,887154,34703,824747,33,4
91775,427160,406649,861353,28,16
175307,274783,265471,906770,37,4
124488,958918,434104,911730,32,41
53088,984035,192394,500867,10,46
159827,784817,677262,955509,22,31
198087,324381,3181,984759,48,6
464569,772358,126375,904252,40,15
184950,348915,2078,718783,25,8
72469,335077,383142,899260,33,13
14784,930964,140595,850853,35,45
379326,613618,155995,992788,48,11
179090,961265,697781,882850,14,39
98005,924233,252344,513472,9,41
248774,523269,116203,899403,39,13
100812,938422,72084,633212,19,41
34423,814189,183320,710364,23,38
606868,916269,185673,448118,8,15
413707,791261,49536,576104,16,18
161244,998583,440016,816109,23,41
149053,785624,76343,802399,31,31
114060,886862,300059,525089,9,38
85329,915875,284643,942755,40,41
628,980124,723999,950833,19,48
183620,549645,89078,616759,18,18
145818,719912,293620,664264,17,28
112918,116815,520956,992912,35,0
12240,994628,35560,609857,18,49
436135,506434,127992,436706,8,3
448760,611912,520932,560204,2,8
294236,783234,27973,989984,48,24
566582,658587,26808,593958,17,4
3226,826159,112278,742310,26,41
244388,703451,409043,981051,39,22
93461,407607,207287,500677,10,15
242778,952696,738818,928900,15,35
14335,967450,72474,937336,43,47
472934,762243,125370,981019,47,14
161204,440033,48695,260912,3,13
221000,584104,500662,698987,11,18
131278,856967,4439,999392,49,36
42054,969671,1634,542216,14,46
104519,172202,333434,516677,7,3
330895,792350,334838,723036,20,23
70210,556117,15646,853908,36,24
234505,941767,214035,922199,40,35
564387,717477,172399,998292,48,7
223612,403741,12365,798072,31,9
37845,562242,32638,465798,10,26
882310,941583,573183,880065,22,2
58290,955310,75626,723970,25,44
304665,359717,352998,506790,6,2
124268,825377,261367,919599,38,35
74555,741444,191701,973758,45,33
293182,693671,93579,818720,33,20
39007,760425,28714,135194,0,36
47434,752670,95871,465646,10,35
820336,948517,274557,530909,10,6
281745,588259,122080,899697,39,15
114971,958318,772382,853757,6,42
227309,965365,220955,374111,4,36
234080,879050,150565,657458,20,32
190379,756691,272764,973490,43,28
341879,915351,10548,720020,25,28
10838,969318,71817,562746,15,47
568722,615649,91932,939270,43,2
145237,749603,36571,495618,12,30
244258,801269,130516,195818,1,27
40237,894976,4154,500849,12,42
711411,918378,148177,972223,46,10
56137,976219,594102,931642,25,46
35930,711827,71800,613516,18,33
20171,979045,194396,636475,18,47
597548,641176,508416,760857,16,2
752270,816389,85200,769060,29,3
58362,901872,236517,677464,20,42
231740,693672,406443,943533,36,23
150828,976620,660084,924583,21,41
327085,940654,822651,864842,3,30
246860,496406,388224,468357,3,12
115832,999313,489728,758030,16,44
412797,630401,63191,236627,2,10
246186,587644,51400,804732,32,17
220016,558407,9686,492304,12,16
172563,655472,7400,547011,14,24
397377,877241,115965,929505,42,23
10892,746721,523018,851945,22,36
252391,801329,139449,744554,26,27
51281,542561,528785,634283,6,24
218985,719863,185922,577826,14,25
264865,778165,198455,612840,16,25
67665,534355,262129,514255,9,23
387815,754438,87818,951841,44,18
153255,924388,51075,798057,31,38
2030,671208,337461,449952,4,33
259115,513954,54056,898683,40,12
18112,975757,196345,984942,46,47
424120,942611,866617,949753,7,25
50694,995010,558764,695515,8,47
186447,268564,322426,430304,4,4
385463,838510,33081,954158,45,22
23939,232845,544782,847774,21,10
524,992846,98004,268682,3,49
303975,554763,57171,992300,49,12
2884,993676,599849,609861,0,49
122668,208051,181173,197162,0,4
75189,305275,660378,700984,2,11
336341,916120,27132,272904,3,28
106268,984881,312719,932902,38,43
47637,997126,8382,793874,31,47
358226,957958,264725,470553,7,29
746210,951233,24959,96389,0,10
388850,639293,314379,755106,23,12
464564,908390,156111,490596,10,22
388449,620836,686274,996787,26,11
14942,940228,146310,582137,15,46
205200,806955,531641,958523,31,30
75628,859177,223946,677710,20,39
107224,504916,169047,534487,12,19
251035,794548,148799,846164,34,27
154040,442247,434109,665781,12,14
314936,732641,341478,664659,16,20
74202,926963,78307,306020,4,42
791720,966991,33598,969327,46,8
56426,884259,515786,872753,24,41
73543,887488,127597,803248,31,40
110627,901735,1481,955035,45,39
296300,576962,240103,357713,3,14
381909,905100,543558,734665,12,26
50188,410705,41845,382986,7,18
380432,693471,27157,968378,46,15
124757,947658,32509,996476,49,41
470151,999414,152365,977293,46,26
76877,318533,158719,858298,35,12
817989,935712,16503,914398,41,5
419104,660237,73711,795365,31,12
136732,358010,335863,536090,8,11
97048,938192,144853,684820,22,42
720633,991670,4023,917965,42,13
296415,942465,185553,797369,30,32
179583,761443,194475,946757,42,29
667585,928925,108677,781854,29,13
108414,741681,296603,791281,26,31
406224,980267,146971,936285,42,28
517705,883222,134151,995375,48,18
87500,893676,49387,535840,14,40
128290,836956,185459,796726,29,35
462500,716658,361175,879222,32,12
122142,804654,402554,424913,0,34
319576,902460,331075,997705,44,29
71187,987233,596580,873467,20,45
122513,537603,745691,908930,13,20
480654,748640,310196,531634,9,13
567394,793375,491391,922293,30,11
217111,886750,130170,876241,37,33
690759,859275,15094,327128,5,8
119317,849495,10919,908672,41,36
146429,779128,525915,991449,35,31
69206,950292,201892,552781,13,44
270756,685037,52364,845617,35,20
557872,672139,79313,740698,27,5
18199,529554,241021,942746,41,25
178958,550189,689137,757455,4,18
425961,861326,617087,743153,8,21
361169,715220,94313,303089,4,17
62498,816624,363744,826519,27,37
343225,662256,353452,513944,6,15
10849,717821,345249,628248,13,35
11592,863727,26556,849544,36,42
312088,753635,101097,833425,34,22
16318,919179,331658,553967,9,45
397166,735189,29396,999223,49,16
329812,712011,170985,660677,20,19
202796,487169,19103,944696,44,14
3704,570464,198236,898534,38,28
349585,557487,152228,223449,1,10
141724,146009,702782,940954,19,0
121667,387559,164028,263646,2,13
363962,980772,468689,890526,28,30
306318,850531,25115,752689,28,27
120533,478188,191229,919536,40,17
436758,884437,35014,516719,13,22
662528,815696,422449,981014,39,7
86520,670777,472618,643279,9,29
112175,162168,572794,893585,23,2
29034,769111,429500,514908,4,37
83549,724310,889459,965012,7,32
156310,639056,92432,810373,32,24
348062,704124,592007,720934,8,17
104820,236470,250614,639734,17,6
210982,951551,165460,833991,33,37
61626,640954,719396,859976,11,28
199262,933797,210804,676811,20,36
9430,387420,68789,762779,28,18
122026,610557,712444,771656,4,24
360442,672881,70708,345684,5,15
207558,591206,530716,893347,25,19
120680,638050,8262,991736,49,25
41149,660669,40218,654468,21,30
501539,520651,659799,955654,23,0
104235,823520,547643,952600,30,35
160356,487308,35238,976201,47,16
410975,720966,300145,619789,14,15
257352,957847,5661,939876,44,35
531025,882043,507216,722941,13,17
486725,925621,23971,938746,44,21
138252,502087,1346,998508,49,18
333788,731417,787148,791500,0,19
397013,929682,278102,321824,1,26
660491,885282,117017,999845,49,11
232682,874321,289417,928853,38,32
57807,430841,429590,632899,10,18
188247,248177,64323,131991,0,2
105443,763555,413879,755614,19,32
49764,933734,2471,939975,44,44
63720,577018,39577,598863,17,25
46971,975464,196683,517365,11,46
402490,754871,574070,965378,30,17
386778,806780,1585,999837,49,21
162312,995073,71191,920421,42,41
92289,160304,400703,816188,25,3
7875,986470,86494,954993,45,48
9037,405825,25592,995698,49,19
52067,529166,507705,762779,16,23
4161,967264,86319,795039,31,48
15175,816512,14548,917537,42,40
125188,967549,93953,406016,7,42
14874,92317,587000,673308,5,3
331457,858637,411634,993683,40,26
149997,928827,197798,301693,2,38
98691,931279,293696,504023,8,41
55467,917521,18037,973110,47,43
105664,611743,3775,985490,48,25
464232,956926,330789,900858,35,24
331153,600001,328514,953335,40,13
7520,24462,597979,943561,26,0
5757,381672,498348,540427,2,18
603457,717299,604142,616670,0,5
287180,524691,590925,847798,18,11
45149,470541,21263,836119,34,21
130425,547085,146446,949847,44,20
219380,622238,257972,353405,2,20
371829,820574,660569,776257,8,22
155022,663800,16597,817225,33,25
209485,779927,91641,810536,32,28
33160,736282,390947,486149,4,35
55067,955564,149922,901676,39,45
414964,892047,31697,608503,18,23
48546,324412,418497,770883,20,13
93730,363936,702360,876682,13,13
208302,882548,187449,512458,11,33
443233,570653,31156,610951,18,6
758168,839454,149012,895163,38,4
2099,977944,185231,864946,35,48
416767,625412,564128,877945,22,10
483438,868490,235806,458858,7,19
778315,804495,11559,898725,40,1
283092,841083,304366,542710,10,27
671640,839996,20604,830243,34,8
138627,328330,890709,899399,0,9
349176,886955,423852,795995,22,26
434612,763605,257644,586275,13,16
106214,660530,37143,305136,4,27
93560,897774,466415,676614,12,40
121775,821783,164352,884219,37,35
403232,850956,55627,866010,37,22
247839,378837,305028,928565,38,6
175567,987249,64903,910720,41,40
396537,887831,161182,416192,7,24
556782,864476,341217,403179,2,15
229133,749335,308919,664648,17,26
123243,784271,55001,132159,0,33
39538,946297,59268,868737,37,45
68591,821871,414825,872039,29,37
348878,663479,4291,998643,49,15
325863,522926,275396,505178,8,9
311837,338915,439556,553571,5,1
251894,510781,37363,294632,4,12
527546,648735,78839,680257,22,6
108235,714737,3109,512963,13,30
229174,882946,38017,422474,8,32
101815,893017,80784,931803,43,39
138995,987292,304481,986740,44,42
287008,972371,280826,820852,29,34
48865,971647,392975,638254,12,46
7840,889584,308385,814182,28,44
21475,210041,248099,537291,11,9
24675,960992,189379,913408,39,46
207274,884726,48087,945814,44,33
371040,651011,98152,691784,23,13
301991,611557,3835,988767,48,15
44994,944582,782063,894818,9,44
539111,842638,11102,783445,30,15
680517,706985,108898,436136,8,1
76644,902211,545267,785347,15,41
97565,962936,159113,968665,45,43
210565,859139,619404,715330,6,32
187527,883781,385732,843380,28,34
136446,357892,50134,101779,0,11
19196,747128,110050,852238,35,36
160812,981836,833160,862099,2,41
137351,892584,218987,854333,34,37
538960,668716,20015,827201,34,6
286776,292889,66310,958212,45,0
344367,568823,296227,426248,4,11
251160,284544,8458,279863,3,1
408565,745750,244373,670560,19,16
161676,215489,248962,590200,14,2
371389,832095,214953,810420,30,23
44051,149041,407927,552401,6,5
782059,846412,15353,594485,17,3
497942,739222,111585,515337,12,12
813308,857125,601709,948283,26,2
29843,225867,145837,631268,18,9
454910,723486,36530,992931,49,13
346472,516091,32693,979839,47,8
351592,875771,580791,796797,14,26
439007,814601,401949,766318,21,18
111127,504695,160176,463588,9,19
603110,822888,288636,532686,10,10
670573,736106,145542,871569,36,3
171133,715036,107133,493343,11,27
221069,522044,33732,873734,38,15
261968,279201,45171,919188,42,0
222432,948802,448500,672904,12,36
78059,292946,385201,609605,11,10
2775,999124,224723,886765,36,49
130021,337322,4109,986683,48,10
165297,730629,16958,967002,46,28
3351,640275,663576,957658,23,31
23,996045,126076,251842,2,49
138837,648311,390165,961277,38,25
211461,846745,151002,537601,13,31
580908,999829,6655,261636,3,20
214186,651716,50656,804242,32,21
142302,987486,590498,886968,21,42
83777,799152,113702,900728,39,35
451529,641807,363228,482546,5,9
196270,849036,132505,227721,1,32
692045,952664,430434,598897,8,13
311052,374313,652063,654295,0,3
474418,637206,68035,673425,22,8
544790,755549,270269,956025,42,10
120002,397841,303934,316155,0,13
826469,914124,202985,956951,43,4
120586,190168,40179,947954,44,3
170843,936743,131669,951114,44,38
9110,947016,167555,280977,2,46
191535,417240,48205,460133,10,11
709940,799414,116592,381792,6,4
376585,400036,173650,587348,15,1
557367,778965,31454,940815,44,11
57603,566565,51497,935150,43,25
11461,998854,686079,825865,10,49
61858,648591,216822,430689,6,29
168481,959936,19082,939116,44,39
15170,822314,186172,829734,32,40
28339,939166,745933,804260,4,45
679770,866737,130021,834069,33,9
102388,475739,262732,914487,38,18
26246,950889,185719,871192,36,46
30075,822054,60526,626566,19,39
121352,641312,115495,638296,19,25
196671,524150,656674,659886,0,16
391314,614729,60212,710762,25,11
174648,236932,32913,190218,1,3
169406,767275,605647,728051,8,29
66414,559093,225691,899372,37,24
444021,537066,221580,995936,47,4
26117,38709,24722,940995,44,0
153156,634884,59306,927959,42,24
11998,995139,288720,804997,28,49
317224,706289,42855,688702,23,19
398222,750695,309714,685296,18,17
174639,661343,269253,308423,1,24
42695,716567,392422,862000,29,33
7474,776648,76527,979049,47,38
17354,854753,212254,991595,46,41
437655,665056,686966,849928,12,11
265892,918843,190527,961950,44,32
147986,330178,114822,666865,21,9
520763,894304,239759,719237,22,18
620778,893531,63233,680905,22,13
766087,921158,682212,793911,8,7
1744,999094,443705,985512,38,49
11287,732171,76059,951606,44,36
611990,656889,382574,925636,35,2
6748,697906,390904,792651,23,34
608243,931137,68985,368377,6,16
714877,723842,10739,999765,49,0
526723,682778,24646,936507,43,7
223503,886902,7257,679188,23,33
7608,997866,49720,926623,42,49
41966,68152,245806,949892,42,1
252519,366797,488382,687214,11,5
448975,494877,237306,914218,38,2
109196,988720,586140,703484,7,43
258483,635034,452508,859359,26,18
133136,680417,78428,117874,0,27
158178,787406,18552,988507,48,31
83018,623607,33485,852562,36,27
559839,704615,228374,255510,0,7
605598,800188,76188,971685,46,9
469551,916318,220782,284412,1,22
180769,950760,27052,854186,36,38
94288,477482,639782,829208,13,19
98248,785742,142960,802391,31,34
204121,920722,340291,780513,24,35
161989,583981,628847,904296,21,21
98424,852966,24072,912441,41,37
40958,950351,235138,593690,14,45
12468,786574,20050,995818,49,38
439339,683093,754578,756269,0,12
197512,739796,68620,990022,48,27
217458,836891,122651,222817,1,30
196430,987760,439432,966338,37,39
290263,899827,264076,697003,20,30
8229,995652,30792,932589,43,49
60502,74164,555257,641585,5,0
97823,157343,708534,944635,19,2
440889,455645,165761,342937,4,0
79147,946397,605795,812906,14,43
191093,300775,93483,508000,12,5
145070,248825,119596,680619,22,5
1600,981634,45385,999197,49,49
112852,925996,38572,889557,39,40
183246,266235,753468,980836,19,4
66653,939749,338553,928972,37,43
54194,969370,148241,506832,11,45
362849,563547,146304,961302,45,10
50736,858195,62162,331183,5,40
553190,802805,8260,931362,43,12
8713,945567,78495,622044,18,46
694522,956768,483161,575327,4,13
610625,860579,308464,786987,26,12
76326,662617,148270,746547,26,29
11885,117982,455028,904714,30,5
361678,816404,305931,534034,9,22
134801,949166,300716,949428,40,40
614918,939099,61889,902839,40,16
68011,577357,435695,626891,10,25
96424,920862,257518,875269,34,41
190966,944187,3117,998060,49,37
625095,904596,100671,934202,43,13
225797,863731,3143,996860,49,31
363092,868389,193382,210848,0,25
277968,634564,124273,270558,2,17
303434,970387,370026,705178,17,33
19988,833763,126027,955849,44,40
749921,968833,318280,865928,32,10
517190,959177,17805,995925,49,22
381576,766784,718688,775897,4,19
12932,971857,83861,996506,49,47
109723,945071,427941,527712,4,41
44494,754826,551565,868536,22,35
755023,934527,41230,823304,33,8
257483,932923,113502,883636,38,33
29606,589655,116551,891585,39,28
5159,782099,494483,700907,12,38
419521,436402,365287,393181,1,0
776162,813940,155620,992483,48,1
45204,995334,25616,47310,0,47
98105,969923,155126,217120,1,43
47573,546644,787431,789209,0,24
32012,987500,201875,669283,20,47
24358,945094,881568,886953,0,46
740951,901261,172386,924799,41,8
747734,939578,232407,670836,19,9
173580,841288,121914,785598,30,33
736047,811904,419270,893625,31,3
86317,974852,168643,616133,17,44
217061,482734,32780,939245,44,13
275890,802687,164621,648523,19,26
437613,979772,443828,830663,24,27
315353,904001,557733,957415,30,29
110436,784869,496891,546437,2,33
328416,371268,18729,854855,36,2
5179,987740,961328,974082,1,49
196767,947994,216425,808917,30,37
56543,935670,423844,996429,40,43
110264,906217,475010,625960,8,39
716967,952700,272319,374717,3,11
516522,608651,95623,799652,31,4
189133,684653,634899,970678,26,24
189066,974023,139421,919471,41,39
154306,562417,200570,203338,0,20
416818,525644,455300,644308,10,5
99319,978627,113750,919270,41,43
430301,845746,15485,741416,27,20
319224,847976,233792,749383,25,26
63785,669902,609389,865568,18,30
338893,964679,257913,909378,38,31
193530,415917,14256,331674,5,11
477676,866987,217509,771980,27,19
147711,954555,216374,719357,23,40
238400,313090,315308,946864,39,3
51153,864793,143150,159834,0,40
16852,991498,87654,930365,42,48
72280,933853,21986,812772,32,43
591613,927116,103897,991196,48,16
19863,995304,7754,991229,49,48
36246,887323,271994,948831,41,42
17645,823751,131026,625609,18,40
4013,900347,340752,383307,1,44
177787,988307,307699,600107,13,40
355587,994193,69298,930433,43,31
388034,566805,227348,447849,7,8
508429,959509,493345,787547,18,22
145872,944876,237194,421738,6,39
36860,912870,428166,595549,8,43
650222,787930,613222,748965,9,6
13676,771897,165516,544431,13,37
50649,478828,163401,388602,6,21
550790,629490,581997,794745,14,3
77902,786260,90658,723028,25,35
41866,987220,346401,978814,41,47
283038,653304,261233,558645,12,18
62001,731891,439442,782758,20,33
663665,888280,262016,957212,42,11
684930,925926,593073,880095,21,12
197813,682708,593686,839106,17,24
137650,167260,62793,819624,33,1
76569,771528,650151,908336,20,34
721685,861438,141474,595435,16,6
59556,651975,141884,622260,18,29
10014,973977,171049,638209,18,48
65512,455596,24448,940225,44,19
208938,670329,219987,761511,26,23
152224,971438,141649,247049,2,40
266658,817316,71002,766449,29,27
393537,933365,293547,598554,13,26
428138,475188,13759,584987,17,2
103460,737913,352896,964431,40,31
177518,862042,133069,351179,5,34
538107,543151,23057,606561,18,0
310157,866463,57927,779827,30,27
3850,995937,672738,836424,12,49
54898,411870,55206,949687,44,17
55877,889106,12360,972709,47,41
380304,543584,658585,826429,12,8
83322,660970,237561,883380,36,28
72470,974672,356211,539438,8,45
46588,953577,27993,875136,38,45
153805,921622,88911,928083,42,38
19142,995058,907224,990101,7,48
65352,416313,110896,770196,28,17
136639,540983,193205,641453,18,20
39615,576221,315454,929125,38,26
4866,969741,238725,423904,6,48
472954,922479,396630,471855,3,22
220447,623919,667307,952304,23,20
108308,807604,621482,900896,21,34
54390,977460,182179,717389,24,46
127956,766030,125028,643037,19,31
300602,623215,125798,975526,46,16
247446,981422,67056,987040,48,36
462385,578843,1805,861312,37,5
128964,800564,141754,689453,22,33
10022,741420,319305,757503,23,36
394357,428753,208779,984243,46,1
30359,986822,217492,907766,38,47
562160,800378,74459,656212,21,11
350180,869646,953989,973972,1,25
781309,957382,333690,554045,9,8
188895,844378,30521,789718,31,32
466287,647982,187012,619859,17,9
48112,176739,412489,577716,8,6
253022,458193,283586,706777,20,10
856228,961355,192979,798629,29,5
893809,909011,316794,521286,8,0
49518,935859,214338,313712,2,44
33195,649419,56618,694198,23,30
628592,762535,330788,819809,28,6
20114,890771,26010,986023,48,43
357930,484704,13499,998422,49,6
784640,815642,88000,472204,10,1
223801,403711,391258,681454,15,8
471117,550271,476030,909996,30,3
125928,955269,112678,869211,37,41
66818,970677,337144,817329,27,45
148774,262614,427090,821146,24,5
219649,887964,118432,477026,10,33
81907,832635,23380,982911,48,37
195105,661243,97907,992062,48,23
32547,986630,247240,881540,35,47
418714,630988,262984,571323,12,10
5202,965199,44782,760032,28,47
242943,300943,230166,950700,42,2
50107,863318,365939,946357,38,40
513803,534011,432105,975988,38,1
143380,665400,422726,915044,32,26
355294,867446,258059,480103,8,25
555862,669548,348510,829510,28,5
238696,497734,12742,909005,41,12
112851,657624,618732,899921,21,27
221764,295762,283491,910426,37,3
199370,983040,219274,754441,26,39
370909,800921,60036,926652,42,21
350884,778265,119889,935805,43,21
114862,914603,121300,169886,0,39
491304,996272,235708,813497,30,25
556692,695002,452779,520060,3,6
55502,743304,62366,273283,3,34
69828,939873,375502,582951,9,43
1250,963015,127325,991270,48,48
112342,892076,203530,223253,0,38
690501,865182,15540,998012,49,8
195290,731547,299401,421911,4,26
438619,854297,29786,872735,38,20
73976,384987,40414,909413,41,15
55458,163371,51998,944700,44,5
586937,910788,751514,791321,3,16
179770,990990,412798,954348,37,40
48829,991115,74116,783391,30,47
300988,611265,4924,924923,42,15
262274,714456,15973,912887,41,22
8105,984861,138194,888480,38,48
849762,981692,317572,575911,11,6
83549,820206,184745,783248,28,36
21604,878518,49035,872374,37,42
426928,869907,85545,905725,40,22
17046,998531,20635,580342,16,49
287409,867865,105934,795481,31,29
666903,945667,266190,669830,18,13
273279,413664,243787,896586,37,7
877106,877733,204790,823664,31,0
333355,466707,431262,526573,4,6
261688,578961,257995,665804,18,15
55857,655809,62308,823643,33,29
5938,936896,132910,830692,33,46
126271,971416,167091,754257,26,42
398858,534606,105337,897275,39,6
1364,997852,182449,932883,41,49
653925,690662,562654,591820,1,1
512995,682617,619617,718716,6,8
515777,893851,16530,408069,8,18
458854,934394,561758,636925,4,23
123077,977327,32891,813951,33,42
114426,957380,133868,909016,40,42
582201,953851,112521,922977,41,18
89861,269255,410329,798815,23,8
1970,986940,359316,768453,23,49
197834,843380,12522,252454,3,32
583803,930312,53054,868290,37,17
72907,881821,257650,504383,9,40
6550,448393,116645,721777,25,22
58072,945295,185916,632676,18,44
53277,501665,168193,995066,48,22
335839,587252,800235,998356,17,12
646465,891273,416070,603522,9,12
138532,555388,494015,905477,28,20
151046,899856,342881,722296,20,37
440518,580342,600508,806115,14,6
231516,697235,128854,611632,17,23
45738,936032,150716,572499,15,44
205313,899902,178916,722392,24,34
48148,330327,13002,436124,9,14
365508,916970,429940,564815,6,27
160821,692590,86570,688765,23,26
376245,728510,466146,974910,36,17
931831,992412,1723,754103,28,3
143886,960207,235973,621529,16,40
591394,822106,186894,897732,38,11
85158,958914,48937,790441,31,43
444158,865777,375191,543291,7,21
355322,984274,53828,429731,9,31
284957,595775,489519,797014,19,15
236813,395747,240775,835784,31,7
671034,874170,127919,856267,35,10
28384,995371,14230,974606,47,48
207683,814705,775315,810849,2,30
323170,628510,606289,978680,29,15
768205,772025,502091,905219,28,0
358560,855086,375462,715583,18,24
858350,917994,405324,884752,30,2
360730,995432,202607,587011,15,31
6909,984353,339467,689714,17,48
280366,604571,220199,592383,15,16
207623,928159,70366,364982,6,36
96798,555359,550591,888974,24,22
4097,992670,230999,526232,11,49
497808,558211,30528,987305,48,3
469431,893030,446957,851298,26,21
412069,596193,57125,973759,47,9
117687,944777,29889,943006,44,41
246495,942812,474700,974401,36,34
21043,665092,274556,416862,4,32
222532,910125,53142,846569,35,34
221549,842768,492847,903481,28,31
200146,961242,115328,887158,38,38
819039,957406,41646,801968,32,6
782976,902955,338080,525057,8,5
544261,992431,101688,742367,26,22
71948,971783,7617,376096,7,44
71563,988543,451300,910724,31,45
228705,794149,114217,948133,44,28
417294,563629,215337,314960,2,7
188338,637480,154469,525746,12,22
77805,890924,501904,919688,29,40
491153,780958,556028,989300,33,14
92525,599100,140158,983045,47,25
142732,194816,234573,822438,31,2
30979,750241,516920,918153,28,35
248426,520508,68531,966980,46,13
110193,990180,483834,772691,18,43
263674,866606,265512,991652,45,30
121953,379840,253532,421874,5,12
29892,985775,550858,874729,23,47
303901,895443,53690,345927,5,29
366012,478416,12843,974338,47,5
20138,751826,417265,923868,34,36
448101,668413,794077,973824,15,11
244414,906137,96296,970737,46,33
385537,485950,554844,903601,25,5
104214,924031,604340,942088,26,40
252073,941871,125164,846288,34,34
280847,770153,32729,745703,27,24
764509,854365,296744,574089,12,4
73486,744882,57022,986463,48,33
303522,921670,205117,793393,29,30
82623,899258,71135,600417,17,40
58107,965228,528126,551207,1,45
287423,501000,16708,446357,9,10
108752,964744,30653,978391,47,42
48767,813448,187143,869147,35,38
587198,850816,277664,851256,32,13
246802,991651,19436,943748,44,37
290568,864465,656305,740451,5,28
62303,849989,345900,489489,5,39
843152,961189,193362,949204,43,5
256340,674120,201131,789963,29,20
484111,847758,31704,647042,20,18
544822,729628,48310,225013,2,9
767021,922993,428815,841713,26,7
307346,352007,546771,641321,5,2
122358,971415,6237,995734,49,42
215397,484748,512196,747032,14,13
498087,607704,44577,882229,38,5
43244,873963,658891,845678,14,41
32471,358466,51023,439780,9,16
2592,588922,531099,914254,27,29
61759,902976,289442,320707,0,42
234549,787573,145859,926365,41,27
169030,945061,139521,442354,8,38
818591,981786,341062,809972,26,8
481119,813539,358302,993681,42,16
84394,963230,120824,824158,33,43
552384,982331,37430,286636,4,21
61769,812853,97306,957998,45,37
148517,527407,5635,811037,32,18
125899,147363,103895,773370,29,1
26613,970760,52466,356375,6,47
752613,954520,503552,654947,8,10
29686,491913,278392,601517,14,23
318665,883146,641412,750055,7,28
293607,889980,484256,720423,14,29
203949,959189,282071,746896,23,37
268079,944264,469092,973467,36,33
269631,757160,394719,613492,11,24
287109,785308,327573,933468,38,24
357652,999856,314131,872692,33,32
44861,922926,13402,996514,49,43
271068,719469,143600,981407,47,22
697292,837197,149927,653060,20,6
37255,990909,140615,512613,12,47
78056,100920,425092,557156,6,1
13536,500014,22019,964346,46,24
427699,608327,179789,563747,14,9
149631,727376,137070,178729,0,28
712153,877310,143695,932774,42,8
120325,819458,94089,915204,41,34
761108,941116,727493,967659,20,9
79934,980707,468705,936276,32,45
498755,929184,347992,672350,16,21
29084,539311,295564,393460,3,25
23420,86010,336654,884022,33,3
334634,709562,286209,893680,35,18
666646,846109,581978,788697,14,8
243664,820937,120169,775900,29,28
239311,498529,32548,536360,14,12
656515,709756,146212,971922,46,2
137037,628039,94361,516475,12,24
286643,814406,124233,143743,0,26
245529,418116,244016,779611,27,8
37435,535637,333640,994681,43,24
159008,509621,84147,824924,33,17
36248,585013,3822,875576,38,27
85164,987692,211296,535090,12,45
133842,284133,226988,940232,41,7
98192,905670,54074,831028,34,40
342614,920395,601988,780024,12,28
14094,975860,222478,938364,41,48
80938,884448,5968,999035,49,40
478540,515202,93939,997605,49,1
86455,827569,30701,547253,14,37
211180,316611,67162,993023,49,5
3112,18122,62957,826840,33,0
253063,981206,203583,879830,36,36
212972,477052,103900,884322,38,13
264143,991456,229140,528228,11,36
529881,531650,241709,319898,2,0
298905,463864,4469,981415,48,8
360764,671765,128988,330201,4,15
370598,522998,104855,474924,10,7
98582,561350,9330,769604,29,23
8808,983936,101507,867727,37,48
182947,464159,319144,783577,25,14
32896,916851,355355,945495,38,44
90883,743206,824170,979185,14,32
12811,963732,341339,966531,40,47
218174,298121,14577,512919,13,3
423366,579732,1667,963342,46,7
25965,753847,377308,440976,2,36
421871,554340,236280,891962,36,6
284408,716165,131365,656650,20,21
202023,940471,113749,927934,42,36
132216,892847,767390,993435,19,38
6952,949036,182404,605338,16,47
91842,211691,24744,888707,39,5
89954,858035,164168,658976,20,38
54528,977793,81060,641926,20,46
216247,667933,622293,781505,11,22
89502,805193,39349,731317,26,35
398961,943904,490596,811378,20,27
69854,732886,318609,818653,28,33
222529,841223,220243,969212,44,30
504143,979399,57860,271877,3,23
28790,686651,51412,730795,26,32
23583,864167,61551,921677,42,42
424265,600921,584887,718532,8,8
155663,409092,142643,838842,34,12
46647,869036,570036,695648,7,41
62767,716915,61436,980270,47,32
41887,905176,169986,934595,42,43
427500,553118,142743,804615,31,6
172857,669717,494352,926753,30,24
477347,538811,34884,992160,49,3
588451,751657,191992,912994,39,8
150349,703921,19460,998658,49,27
137956,734655,140750,529720,12,29
181540,916987,251234,596769,14,36
112937,411822,42322,878596,38,14
68550,305550,14449,635141,20,11
95847,839043,62154,922064,42,37
127888,942865,114425,957449,45,40
81247,995090,177807,737723,25,45
89626,750831,12902,998734,49,33
43454,274500,90984,386796,7,11
144854,807238,37475,429812,9,33
271697,711020,520912,568136,2,21
584994,942721,80980,696177,23,17
495,778472,303698,813132,28,38
37411,561842,300644,475444,6,26
93899,238508,230665,448471,7,7
649894,694484,633065,705867,4,2
141019,165371,140850,736445,26,1
210952,771445,308602,557594,10,28
107515,712962,667724,888032,17,30
138430,512433,28703,928033,43,18
221381,767628,195052,820363,31,27
295242,847532,405755,457103,2,27
296475,319535,414816,932100,34,1
162233,853198,38490,665393,22,34
571063,950508,795227,905917,9,18
609354,955510,56115,995815,49,17
40034,938485,449449,771959,19,44
29763,200257,122832,127844,0,8
809142,917413,280167,468465,7,5
190322,615812,370877,861049,30,21
324101,787469,5974,342946,5,23
480673,875942,80034,929368,42,19
104727,294491,21384,938595,44,9
216073,476592,14491,556816,15,13
2427,598464,430027,532110,4,29
47551,816621,8516,986517,48,38
434683,767076,14117,832960,34,16
444193,634829,46482,863833,37,9
172316,793941,211412,991831,46,31
40388,673699,28636,172507,1,31
192377,547497,274856,447496,6,17
72982,737493,372953,828208,27,33
81607,409715,548863,906233,26,16
203495,874851,472162,803144,21,33
58621,752945,67962,406108,7,34
23723,883028,216919,525724,11,42
410817,851934,670134,885391,16,22
763318,915696,11712,659654,21,7
62320,964715,22649,254506,3,45
536569,648180,393232,933531,35,5
235275,947455,114045,243076,2,35
31462,317504,785786,810975,2,14
368073,874872,157406,282411,2,25
266550,653468,93388,991912,48,19
386489,771864,196882,460633,8,19
88045,460325,25743,970924,47,18
846014,918201,404836,596344,9,3
11293,965042,98102,985181,48,47
388720,671191,213650,955538,43,14
337196,906170,7994,990688,49,28
41498,952798,60417,948011,44,45
48055,941245,11613,984868,48,44
61066,984666,74011,752750,28,46
5552,885985,12458,868691,37,44
218106,676598,166910,660665,20,22
658043,720841,195611,938364,42,3
181041,814535,48033,501761,12,31
292317,744943,110806,687201,22,22
62945,434610,607978,614712,0,18
267577,859441,10525,684369,23,29
247706,283026,196622,652250,19,1
437476,691862,211956,411825,6,12
102276,750846,752933,965025,18,32
48373,807080,9178,697092,24,37
88976,993022,890495,899239,0,45
62,999965,54286,901370,40,49
36884,951923,353168,509194,6,45
74184,682701,700874,849801,11,30
209831,955714,72682,599475,17,37
567878,630066,113062,652076,20,3
32166,812200,23161,972887,47,39
360923,998464,46718,890447,39,31
267295,781401,284207,910947,37,25
8363,354447,311532,692163,19,17
35322,737690,20943,983584,48,35
165429,745788,71512,991109,48,29
15395,983534,301667,801434,27,48
528905,955700,455673,741276,17,21
786781,934510,466983,858872,25,7
142026,716715,758905,971903,18,28
755105,896540,402278,779805,22,7
5912,936635,218319,894835,37,46
184953,329780,275041,977949,44,7
137053,964158,141690,651133,20,41
778919,857893,278347,720479,22,3
700305,792459,5176,678322,22,4
49568,667606,415876,917026,33,30
141089,973827,283901,291883,0,41
77942,608861,486327,990669,37,26
601546,937455,260230,396393,4,16
50394,690309,733489,927167,16,31
186200,975897,29518,215248,2,39
355258,589923,201511,994202,47,11
119291,858576,6849,937169,43,36
40220,980826,45062,888167,39,47
87833,905877,815129,950690,11,40
58828,604220,288244,863702,33,27
38787,890427,169192,614387,17,42
3184,639627,225305,897162,37,31
815184,860470,231978,979531,45,2
5315,941238,40822,948718,44,46
96092,992410,161583,501084,11,44
768862,878399,913003,934190,1,5
131135,528811,248820,605290,15,19
91947,758222,277827,757414,24,33
147659,277930,90500,923224,42,6
64623,886512,659882,938949,22,41
322946,366250,35304,773740,29,2
37323,737360,8950,934299,43,35
141082,971064,137379,924650,41,41
492472,949124,417169,467294,2,22
160702,993330,48379,720557,25,41
272928,556376,459492,887817,28,14
56615,139411,3038,993279,49,4
65908,219311,77322,974769,47,7
876642,985374,264880,833289,31,5
325367,799175,235637,736743,24,23
66370,291891,569676,849161,19,11
517866,655674,553936,910833,26,6
204890,521131,29765,810029,32,15
349967,987119,524480,534237,0,31
32505,915300,63376,996036,49,44
627903,940257,190502,990987,47,15
354927,379467,180847,714055,23,1
7524,999208,54919,747129,27,49
449324,917456,410204,544382,6,23
136843,953240,299503,414084,4,40
60962,245572,132750,924523,41,9
76408,425086,5284,918291,42,17
333594,756356,6870,116245,0,21
44852,985415,86262,731690,26,47
16656,960622,200893,772971,27,47
367240,815170,15452,744065,27,22
24919,549614,140241,373470,5,26
110831,551832,179589,434420,7,22
98038,825731,11083,878806,38,36
174749,340923,152697,893615,38,8
113881,179153,234873,723855,23,3
242910,736132,46009,916560,41,24
354489,660764,307830,399303,3,15
378894,701037,465701,650686,10,16
67037,992901,300555,668641,17,46
22307,462535,230382,724371,23,22
48143,969769,97070,932141,42,46
199222,990495,1418,998458,49,39
465710,621906,117380,228678,1,7
77603,691375,37862,314333,4,30
118176,991738,85381,970510,46,43
307856,955212,231973,728894,23,32
177885,964379,94648,531692,13,39
459124,920618,686911,688797,0,23
584244,988172,368510,467443,4,20
182170,734811,197133,950091,43,27
520059,802791,35151,80284,0,14
158130,972575,371472,597915,10,40
488946,759667,363351,822505,27,13
312207,602599,150435,820655,32,14
73741,419258,618772,842490,16,17
556512,760414,203790,805238,30,10
499662,712351,155307,729558,25,10
280819,873957,46185,860324,36,29
258912,270864,59345,936869,43,0
316327,874099,344010,546853,9,27
72181,697259,80447,954396,45,31
2027,984607,136865,982959,47,49
377766,733816,212371,956079,43,17
111423,869051,9492,498898,12,37
274954,663518,25154,849564,36,19
66511,207398,84667,785822,30,7
700620,748913,563350,939576,28,2
733294,763451,153252,942354,43,1
344223,969313,14074,945137,44,31
286459,985093,2599,998734,49,34
163487,954221,709104,985789,23,39
254079,950439,64867,573442,16,34
148308,872813,10941,591988,17,36
457825,527564,180364,893569,38,3
66953,285999,161933,757820,27,10
116545,929984,38959,969527,46,40
7880,619361,397013,807256,24,30
137841,973192,239871,962965,43,41
202718,454198,273614,989898,45,12
297111,550960,18996,204398,2,12
347575,504845,531510,820020,19,7
219210,966818,266833,803395,28,37
256566,879727,227715,937551,41,31
251745,483860,8930,868846,37,11
10207,876169,36637,938070,43,43
418202,904777,689987,936182,20,24
68514,937046,186765,745928,26,43
212363,226121,137639,384895,6,0
439013,752592,5680,528374,13,15
241543,603202,488138,918091,30,18
348855,514807,34672,800120,31,8
201652,528416,490670,757032,16,16
605307,998493,215790,869509,35,19
982,988984,353699,749337,21,49
505760,653909,4200,999466,49,7
80855,615658,27078,843829,35,26
529684,888667,229661,831099,31,17
344954,956462,2747,726137,26,30
858696,952142,36337,892950,39,4
175952,924538,126918,903581,39,37
91223,981055,54361,637188,20,44
256439,836121,950566,975042,2,28
100471,910308,88585,715553,25,40
175415,541431,80676,603824,17,18
82885,160305,595985,947991,27,3
87809,163653,202365,917491,40,3
198784,676081,405663,847068,27,23
259597,946370,304530,876191,33,34
336634,935216,300548,974803,43,29
346609,987816,80869,811163,32,32
85134,857432,24067,806574,32,38
17972,577299,89634,944845,44,27
135359,955398,106049,268241,3,41
610766,894574,8065,992656,49,14
403812,503980,432919,484813,2,5
148148,921866,49240,872696,37,38
19063,990948,12699,948748,44,48
85140,947518,697463,975811,23,43
3074,986091,143531,575716,15,49
166470,598648,246590,594652,14,21
16582,460288,67231,534890,14,22
143339,768080,370527,930640,36,31
363994,897907,3045,996217,49,26
687744,847424,547856,875706,23,7
151383,865285,956641,966598,0,35
265459,726984,178600,703105,23,23
146591,679451,376557,746552,20,26
637275,949700,155115,869781,36,15
83655,995624,7843,993552,49,45
584837,895815,548213,840149,20,15
408180,750468,98949,891924,39,17
571953,852272,293230,836579,30,14
40143,799683,831959,865563,2,37
347247,780595,726121,868022,11,21
101690,947924,93717,755693,28,42
78837,376614,551334,785497,15,14
352167,719940,615404,803266,13,18
218696,679399,116972,632849,19,23
745474,992029,85022,898251,39,12
23911,694048,443719,466908,1,33
180776,520719,305888,762050,24,16
121991,697062,241624,987195,45,28
338265,873297,12333,983678,48,26
31933,903795,380722,596924,10,43
162422,914211,74504,182523,1,37
291613,455734,160793,962074,44,8
410446,808618,32507,810842,32,19
197787,988730,258254,364378,3,39
83496,842208,319413,686731,18,37
280806,306607,402952,471010,2,1
83766,136237,171215,995879,48,2
916187,953816,200670,912092,39,1
45345,961541,21854,654026,21,45
232973,362146,206450,884944,37,6
782224,979694,208146,903152,38,9
704686,994855,421400,731287,17,14
336487,999931,352828,991433,42,33
30493,788764,97590,682111,22,37
13624,892730,674214,822909,11,43
10877,998425,357674,721774,19,49
99573,965073,26461,351485,6,43
246281,857325,526093,979822,34,30
170004,208939,350045,868445,31,1
34454,676543,75066,936743,43,32
190468,730549,52464,918402,42,27
581908,765465,350384,792474,25,9
284270,719298,71013,912624,41,21
538576,787567,181471,732294,25,12
129926,598122,347868,545528,8,23
284924,484646,230465,720349,23,9
181210,957941,117094,921297,41,38
803075,805112,86611,504549,12,0
53464,77578,433128,837215,25,1
367678,834280,80552,971869,46,23
619616,811338,1863,999820,49,9
6479,999363,229172,830382,31,49
89749,626119,478317,890635,28,26
22710,890472,90930,765631,28,43
25755,883322,41533,622134,19,42
420559,692250,104517,915640,41,13
104940,324698,633418,888005,19,10
14348,411627,214340,815068,30,19
149387,971533,133031,780315,29,41
215999,313441,184175,554330,13,4
22486,437421,12211,994718,49,20
155043,929949,454051,843601,25,38
514031,881820,288879,999061,45,18
213551,576072,92894,742829,27,18
22890,957720,615856,900677,21,46
20259,602345,134429,907185,40,29
310838,749853,17817,799584,31,21
147340,562332,155429,510146,11,20
145760,686939,78107,967745,46,27
94054,971335,73167,254657,2,43
718476,754424,544789,556736,0,1
30868,380535,147036,556358,14,17
147658,474896,86810,748826,27,16
119802,519866,439599,737110,17,20
382969,831703,286481,430111,5,22
816061,910582,273485,486152,8,4
559073,778864,106162,588872,16,10
138665,826600,631611,834278,14,34
736855,814885,129897,963747,45,3
62953,889901,97024,611497,18,41
154215,605077,503638,940115,31,22
347139,612234,346972,595228,11,13
55410,930141,26116,509985,12,43
55107,906706,10468,838869,35,42
269805,834656,264751,794404,28,28
155550,235698,192628,971566,45,4
346235,587359,66997,924363,42,12
67294,543118,216540,897864,37,23
74488,387213,159279,808934,31,15
497450,891548,545861,961214,31,19
114907,689856,45311,987315,48,28
546080,965985,622629,751848,8,20
141399,652642,320797,952285,40,25
3062,990344,19411,813917,33,49
65646,750819,686684,719681,2,34
106875,834391,71837,905684,40,36
59903,932030,229504,401130,5,43
32253,885748,714830,830368,8,42
116111,243998,220102,556374,13,6
51867,804825,111098,939555,43,37
9298,955321,414323,826695,25,47
211563,913347,180481,866923,35,35
20331,691079,356776,806829,26,33
392424,718767,100574,824915,33,16
264724,565260,120444,134664,0,15
73921,628505,230508,753696,25,27
66913,612987,452955,955050,35,27
7628,912625,32887,334887,5,45
225604,950305,42832,470381,10,36
226628,577242,124140,468311,10,17
390348,976935,461408,847459,25,29
8853,626465,45804,336729,5,30
180408,663336,435608,839100,25,24
30843,176949,142930,318184,4,7
102100,876967,720070,979781,22,38
270860,358670,142529,732153,25,4
39855,667217,331493,449031,4,31
73871,784780,651277,789816,9,35
208258,807871,19544,562655,15,29
423738,991550,351964,852316,30,28
408018,935406,105916,860216,36,26
389853,854008,21344,873911,38,23
792391,905833,24403,953441,45,5
72266,953965,104692,973731,46,44
183533,648647,780959,867692,7,23
756394,909417,436263,748913,18,7
170560,513316,450899,557607,5,17
266052,353734,125036,200834,1,4
136859,932226,396591,941444,36,39
3762,999601,165599,357162,4,49
742814,992035,696667,938494,19,12
158443,983393,86803,492865,11,41
23087,917771,63558,660028,21,44
155502,851060,670438,849234,13,34
248954,535834,23751,871690,37,14
111485,432279,189571,447738,8,16
12056,998783,143004,874723,37,49
4381,333320,316424,582338,11,16
426423,712088,517536,728449,13,14
102287,973624,398152,974647,39,43
112529,829890,151984,937063,42,35
238312,924058,97386,879119,38,34
36125,590935,37306,564844,15,27
208336,844598,52468,741716,27,31
319229,715752,80010,729389,26,19
584051,894611,106085,826584,33,15
213284,997086,133261,519809,12,39
188349,669551,153003,962773,45,24
93288,991810,208162,881893,36,44
873455,894777,337103,693290,18,1
88864,561729,48867,976114,47,23
3010,936246,182605,895316,38,46
307480,847069,154658,925296,41,26
57391,951406,187076,337374,3,44
8368,936001,679407,699063,1,46
741853,995770,26406,942489,44,12
942124,961827,61955,711284,25,0
121360,971066,357119,710372,18,42
108475,873531,570527,653411,5,38
44603,399254,144360,734597,25,17
13040,975333,60903,650253,20,48
24693,838679,638855,905926,20,40
209447,896102,151056,751673,27,34
237765,435905,260521,845725,32,9
117405,731644,231030,458008,7,30
33717,930488,36871,772432,29,44
293137,893144,229592,922362,39,30
400477,577934,292620,703599,20,8
321255,493510,294167,390709,3,8
928138,990696,279386,753891,24,3
612470,740025,280634,745928,23,6
70911,234985,227322,890174,37,8
168394,643029,426492,899010,31,23
54796,953692,11594,928304,43,44
424570,924048,327848,943082,39,24
268909,542848,45212,960002,45,13
341143,991141,313577,781991,25,32
109718,747997,590183,673262,5,31
109103,493438,321409,922261,37,19
147384,821515,93684,581847,16,33
543308,567447,95478,847646,35,1
153235,169719,49489,56459,0,0
526428,731419,53483,313637,4,10
237805,396199,266595,505744,9,7
13094,510160,425683,483550,2,24
27767,535529,227581,496950,9,25
1136,999914,826564,929731,9,49
176840,956908,553270,824751,18,39
145648,947717,73338,992647,48,40
454202,852793,207942,582833,14,19
22721,991643,210817,553960,13,48
678381,736310,97344,995864,49,2
91935,290376,6528,918665,42,9
607892,618480,98844,479263,10,0
30247,992046,661124,705490,3,48
71237,753274,12140,985489,48,34
908489,997278,318470,664369,16,4
388907,777420,241433,936647,40,19
161725,788854,85220,605202,17,31
135,492005,114800,457503,9,24
52782,866110,42192,382289,7,40
88200,932914,28756,990355,48,42
47613,564484,50610,923241,42,25
630662,908084,394817,955404,37,13
430538,622740,9678,673854,22,9
6410,946105,458005,810055,22,46
54398,755764,72606,536702,14,35
529429,950605,21359,983438,48,21
217017,984748,263337,924822,39,38
50258,301682,216124,564847,13,12
669911,759087,409863,678603,14,4
249895,534043,266393,487775,8,14
16031,964876,266411,406154,4,47
71350,896079,209285,915924,39,41
694478,730863,225810,543280,12,1
131899,135965,49275,968271,46,0
518400,923576,445067,961629,36,20
223905,958540,314077,520920,8,36
591150,977141,486091,951018,33,19
354305,829073,41673,889809,39,23
149552,947730,2058,902229,40,39
87394,740781,49628,922138,42,32
80597,449457,134432,632951,19,18
38043,117565,310574,957859,41,3
165896,962325,82570,892639,39,39
200647,517744,722064,975859,21,15
27768,729793,14467,990967,49,35
49168,981270,59471,917351,41,46
472758,718329,113405,674882,22,12
520734,875668,30198,912513,41,17
68351,728248,226994,398397,5,32
12723,683059,303915,860767,32,33
215010,258110,296760,931802,39,2
39421,785533,19365,962547,46,37
40767,983202,180449,878230,36,47
113991,518505,324039,948534,39,20
127345,448983,251884,464679,7,16
38175,987454,27274,942070,44,47
290247,984181,103876,631714,19,34
341053,702504,528471,937377,29,18
130316,595840,413398,789910,22,23
293466,577428,44123,383674,7,14
588689,938624,88324,173257,1,17
472846,847828,433541,993119,39,18
14038,956606,37249,959900,45,47
58330,91983,61388,950737,44,1
688371,985129,327308,702200,19,14
394034,408271,491016,825870,22,0
183065,837047,350986,606664,12,32
117406,943285,262030,431585,5,41
137629,809643,55699,824579,33,33
116655,788539,266697,926085,39,33
879755,942791,473295,517950,2,3
244795,669572,162295,320694,3,21
62198,962200,189521,956029,43,45
595620,684681,205005,930340,41,4
70592,958416,49431,980662,47,44
116315,989583,98341,285816,3,43
180809,733377,6079,405862,8,27
24557,494407,27187,998887,49,23
419913,461109,91566,718493,25,2
469523,976891,287373,567432,11,25
618514,773008,307298,456986,5,7
31928,970107,300776,829628,29,46
186671,336132,415481,866350,28,7
132400,513236,815201,938546,10,19
453757,690914,314712,875288,33,11
638036,737699,212315,476680,9,4
163877,727478,1983,843683,35,28
385671,918577,25694,947950,44,26
604678,984883,409361,622808,11,19
9483,970441,321809,895358,34,48
123583,730582,278827,964135,42,30
180827,966384,179133,358594,4,39
199350,447517,1495,981203,48,12
214402,923502,416460,547636,6,35
301542,822909,35210,920663,42,26
387185,806159,187770,496341,10,20
126539,969639,93765,837427,34,42
46917,965011,70421,704976,24,45
188561,749891,715541,892441,14,28
171673,551425,63614,266297,3,18
116072,848689,283051,867306,33,36
290076,441510,263568,871492,34,7
45729,849900,714955,906047,15,40
68528,129024,130845,619230,18,3
611769,912208,592980,914258,24,15
156405,589768,385051,771094,22,21
195940,848356,357244,791858,24,32
251618,376774,113060,979993,47,6
326068,460588,14133,839407,35,6
671233,813522,13796,950555,45,7
309426,837008,128390,809640,31,26
393120,405810,146426,450256,9,0
18489,116197,431591,855923,27,4
572116,841158,30779,980702,48,13
378141,515002,82211,957358,45,6
6316,979848,129578,490951,11,48
273945,473237,145788,779103,29,9
258219,468938,110498,388202,6,10
14904,701584,289297,586648,12,34
552528,798041,106552,875880,37,12
86167,982250,203845,933665,41,44
376312,927579,809666,987531,16,27
277488,889179,453554,866195,27,30
158917,549628,15347,282644,3,19
127497,954917,396121,658748,13,41
579232,811305,232962,531929,11,11
642773,883071,228657,888741,36,12
266782,824396,74092,398737,7,27
373834,954672,125990,885818,38,29
316779,424612,62044,736617,26,5
177193,312639,423004,831102,25,6
698461,783257,380634,934222,36,4
169209,540365,227568,944508,42,18
55896,726456,160166,862187,35,33
107138,714130,570036,736838,10,30
110449,831776,291227,527520,9,36
44837,562015,30292,945926,44,25
62356,203892,105620,824922,33,7
199605,381794,130817,993255,48,9
25090,242190,42067,863574,37,10
395441,887060,294319,806905,28,24
9141,965889,421387,788911,22,47
3165,72791,52303,370756,6,3
87671,104004,343001,677561,17,0
151219,879044,138595,985667,47,36
118326,828828,4997,830343,34,35
155077,918869,583688,783777,13,38
192656,983842,776995,868357,7,39
435,998703,120799,813640,32,49
62248,955381,258942,867023,34,44
177330,499590,79752,914852,41,16
372792,838791,12479,761734,28,23
274980,910423,153203,488884,10,31
139897,842596,130914,916322,41,35
407589,834321,382452,834048,27,21
131814,910948,383114,981808,40,38
529797,740138,213202,753612,26,10
190088,412244,547386,918172,27,11
291369,792068,120110,351985,5,25
265370,868765,447303,611392,8,30
4407,921111,153530,645884,19,45
119325,967205,66840,284234,3,42
407915,823154,148279,816944,32,20
1455,227388,177924,467658,9,11
178243,501815,114259,558880,14,16
247330,832462,123782,844490,34,29
334870,377739,437583,794426,21,2
757597,837734,292812,992263,44,4
8332,995989,20090,944941,44,49
262858,829370,355630,553340,8,28
49932,528113,609680,646257,2,23
93499,957660,424789,825606,25,43
167461,533186,321873,474715,6,18
775365,979399,44685,832952,34,10
477925,860432,663547,702779,2,19
270656,404229,4511,564991,15,6
265284,588249,188028,744549,25,16
13709,370988,662788,938272,22,17
41159,721959,677079,900654,17,34
88178,955643,411776,516121,4,43
6227,969552,368163,818205,26,48
94319,378848,177864,937433,42,14
62909,714637,181345,790246,29,32
31326,950960,66794,897569,40,45
27163,791057,341710,464319,4,38
286458,759231,21311,941302,44,23
269819,650032,105629,884632,38,19
488509,904352,824375,846554,1,20
23853,730743,407628,752236,19,35
852838,952719,7419,924734,42,4
52670,731381,21182,550459,15,33
506288,807726,508611,854451,23,15
526268,584257,604535,649212,2,2
39291,861525,47970,860448,36,41
598602,729240,74914,255935,2,6
25123,958890,112792,275136,3,46
52650,537288,63148,428004,8,24
179933,918805,285652,822069,29,36
352193,846683,892258,929937,3,24
372661,750400,116577,184638,1,18
143360,850434,813685,949111,11,35
374557,485543,788080,944498,13,5
328033,547512,91413,882643,38,10
194977,922376,283804,785956,26,36
365057,893196,64401,425037,8,26
134517,887199,60494,805723,32,37
98287,963868,138051,952373,44,43
147520,904702,484646,998204,38,37
530635,734780,117929,824001,33,10
34871,365217,19041,654300,21,16
208934,439670,14018,512136,13,11
213079,863177,7216,838465,35,32
16343,118439,51561,918883,42,5
23780,727530,383524,688261,16,35
113105,311947,586225,749748,10,9
36144,284118,331726,668598,16,12
245709,592332,863395,948925,7,17
425512,448329,599789,670513,4,1
307928,354676,583781,840540,18,2
208878,510357,183363,524654,12,15
125237,236294,59194,665139,21,5
53110,718020,131773,533912,13,33
336190,494769,257712,640515,17,7
188449,505001,32924,733822,26,15
478711,500709,326632,736523,21,1
25365,980425,505613,719069,13,47
578834,942455,598757,908591,23,18
209221,634367,458644,825686,23,21
114682,683501,654416,716252,4,28
10855,515623,43742,963741,46,25
90999,632735,733207,904771,14,27
677113,679274,291695,791115,27,0
402940,500382,182887,279111,2,4
588145,975271,76515,342588,5,19
1253,998756,343417,797146,25,49
17751,996080,35370,446673,9,48
19167,981477,339492,539624,8,48
47093,849133,212593,778824,28,40
254584,982117,138336,974758,46,36
5420,958291,47695,466486,10,47
241075,329166,503379,789618,18,4
649010,877011,350564,834046,28,11
406566,678520,460298,583901,6,13
709385,982290,90581,605130,17,13
15977,985147,49799,660105,21,48
10029,663001,285731,999343,45,32
189242,714074,271755,878512,34,26
117822,195067,83194,830796,34,3
4796,907001,66986,989554,48,45
417186,855553,29441,449273,10,21
116117,917197,5307,979347,47,40
620431,747227,203770,961568,44,6
183749,344073,159724,341881,4,8
164055,984952,30137,883274,38,41
149990,437520,213528,675746,20,14
299550,767451,42780,651820,21,23
332358,706228,165385,849454,34,18
159511,889048,221676,686565,21,36
40692,783107,615943,676123,3,37
124868,881350,124654,397341,7,37
29966,962704,626962,813019,13,46
30033,948033,119489,259635,2,45
688885,955193,426759,627489,10,13
344699,398069,788158,916623,10,2
220978,689706,240931,537284,11,23
37916,989194,350839,938518,37,47
469346,651426,630937,969775,27,9
5967,998808,145495,563407,14,49
250500,958802,98622,213103,1,35
74932,582065,609403,865936,18,25
814193,945324,361016,388227,1,6
331084,962188,164378,719077,24,31
269234,723204,102653,853637,35,22
159937,173924,714047,815310,7,0
1528,821443,805359,901769,8,40
332137,899532,511801,901412,27,28
576521,857607,190640,927872,41,14
314943,835445,754612,896938,11,26
811767,960570,522644,628332,6,7
30957,87801,97939,975261,47,2
75181,872719,203174,705400,22,39
117014,270262,276792,918847,38,7
376485,472743,290090,886259,35,4
34991,862304,118770,379570,6,41
43481,965457,314878,904608,35,46
250,937135,15000,968530,46,46
434161,942045,127153,700289,23,25
78453,975861,721645,811147,6,44
68292,110561,627832,685031,3,2
238073,270966,55259,862111,36,1
552236,944842,607111,847280,17,19
548958,881870,311570,942140,39,16
318807,901044,69083,966594,46,29
382687,389193,797248,929494,11,0
159563,911341,310002,955578,40,37
20254,863962,295942,748654,23,42
81825,612709,85135,736781,26,26
278913,689010,175330,966145,45,20
30720,967678,86414,909199,40,46
153275,808454,127061,905140,40,32
646831,965567,127648,401754,7,15
66584,978839,203697,940498,42,45
270983,796375,153504,297362,3,26
453014,634919,208004,861506,34,9
56647,942961,277767,997801,45,44
329493,943397,354341,650813,14,30
799333,869212,5046,975584,47,3
882,975727,581304,924561,25,48
347196,536622,498321,705064,12,9
231092,332963,13221,692486,23,5
176278,782313,97809,885911,38,30
496046,987113,247320,853763,33,24
86671,867982,72810,876864,38,39
397940,778929,171269,258046,1,19
361605,696469,50912,851865,36,16
254164,926729,90870,292896,3,33
226585,856241,69214,482734,11,31
76493,659610,339824,390805,1,29
295943,751597,371002,838350,28,22
80069,783990,277293,489426,8,35
214907,651471,23254,878517,38,21
11433,998467,500627,966559,34,49
589445,948568,15920,969491,46,17
58339,993386,132457,968345,45,46
23975,919131,222588,921620,39,44
323715,553618,371014,788605,24,11
382317,760488,156696,814129,31,18
296542,923130,514248,649030,7,31
420778,853860,387289,972897,39,21
545496,895243,398367,620586,11,17
112547,863526,858974,936444,6,37
429819,769761,189452,888401,37,16
690368,983319,314070,937940,39,14
464742,876436,154466,995163,48,20
96643,144632,47358,948620,44,2
110260,681131,360190,901388,34,28
317747,754043,144878,449361,9,21
39528,703597,448367,553726,5,33
15546,897527,344908,640634,14,44
61166,982189,614376,923897,23,46
77394,376216,87114,745763,27,14
259754,811059,668604,890518,17,27
66283,304642,16165,967315,46,11
70934,770012,213525,975431,45,34
57093,350767,218184,688137,21,14
336184,897211,172178,652592,19,28
36693,806923,46415,965308,46,38
235606,847603,71794,966177,46,30
67911,967564,165330,824647,32,44
79202,997514,217879,451564,7,45
186877,587293,126697,915796,41,20
140336,968094,36524,197529,1,41
22861,925723,409824,668067,13,45
322533,335970,146546,921741,41,0
19867,988713,513075,754520,15,48
248838,665405,419506,816316,24,20
48239,851265,383176,935692,36,40
558007,872268,37395,563675,15,15
276733,881736,321801,901760,35,30
254809,458427,822278,882168,5,10
3963,999805,53988,847647,35,49
337969,831522,116659,695959,23,24
350307,797968,16647,964385,46,22
419324,815421,187134,779905,28,19
440485,617144,25546,898207,40,8
191434,828592,190875,580764,14,31
66811,417575,720111,935890,17,17
451668,949827,21851,943454,44,24
188632,885162,293832,965190,42,34
51297,273547,268641,740335,23,11
108755,755293,106590,897766,39,32
41356,249879,67771,974889,47,10
162647,509580,38936,847314,35,17
84105,347627,123176,667395,21,13
179386,764851,33707,885481,39,29
324672,971446,144101,492262,11,32
328908,929361,600054,695723,6,30
690609,796355,170361,625819,18,5
227039,428813,224049,637399,17,10
12762,572967,560181,856457,20,28
18657,915451,231062,719093,23,44
404495,728685,104777,952527,44,16
433979,843380,8356,836212,34,20
321132,766295,87078,631574,19,22
2238,465637,43231,713519,25,23
119305,895943,213219,612448,16,38
16004,794529,444533,483802,1,38
346644,945031,428930,826651,24,29
45108,715251,51661,979863,47,33
311228,771998,278831,864117,33,23
84045,656516,124972,542972,13,28
266553,472853,1882,797021,31,10
228150,985647,246663,486916,8,37
296653,533176,329859,833710,29,11
98933,103531,153925,867635,36,0
385541,797981,681940,783892,7,20
86877,382164,750569,920076,14,14
29594,874716,173623,789984,29,42
108896,942391,397112,875111,30,41
556170,597762,15183,415998,8,2
396578,671835,86074,854237,36,13
351552,755117,106242,871189,37,20
59468,268507,266135,981019,44,10
295130,583772,394707,527744,6,14
213857,935069,705812,757252,3,36
279351,976810,110511,423888,8,34
326055,874002,365282,633808,13,27
479659,507755,749518,868818,9,1
375865,889879,42171,651657,21,25
584795,980364,223749,803248,29,19
181000,637723,151861,957347,44,22
419136,973891,15044,866300,37,27
120917,808054,24445,733046,26,34
96847,762623,841988,997459,14,33
210808,445207,238795,943705,41,11
380,997882,22081,986368,48,49
1163,853484,811502,987236,15,42
61699,401832,418004,656814,12,17
287437,872765,341438,563294,10,29
25317,388680,730633,920488,15,18
836459,970406,262348,972639,43,6
131241,814567,289765,517675,9,34
621059,950034,103150,881907,38,16
192688,532499,118859,940023,43,16
125726,152165,57274,918184,41,1
417262,539332,55688,969973,46,6
56849,617975,351995,894929,33,28
488064,580073,36023,391167,7,4
50174,627023,67848,733062,26,28
385237,906916,712096,998372,24,26
15084,998504,577397,929404,26,49
155854,944421,7386,771094,29,39
830935,989170,45889,538636,14,7
553160,842791,692279,978432,23,14
191897,925017,498411,888918,27,36
12690,998768,174741,449211,8,49
4218,996427,48954,966739,46,49
154294,801368,793076,903100,9,32
382733,533976,325096,913719,36,7
777237,911644,162035,678359,21,6
405300,629193,63220,887445,39,11
91650,791274,804626,828904,1,34
42205,665066,154438,431267,8,31
20223,958189,213318,452883,7,46
767978,932131,181332,954427,43,8
633850,939406,39521,867158,37,15
329098,609350,142013,803850,31,14
86220,872634,63704,969108,46,39
39864,319357,632967,888548,19,13
35329,621387,347003,846555,29,29
44597,787648,203538,997057,47,37
385318,970374,382500,945051,37,29
11,840880,75945,716076,25,42
202840,451643,96073,567493,15,12
79892,746242,682739,984353,25,33
251793,402680,381768,743697,20,7
12292,976123,171853,559563,14,48
249196,894090,546423,711375,10,32
240267,510538,3164,846593,35,13
343725,994100,243382,792325,28,32
94799,443160,217816,909701,38,17
92639,569032,4004,158314,1,23
67842,795681,36647,951238,45,36
20055,751098,279207,439280,5,36
273577,986551,939831,995804,5,35
120899,520073,273662,989470,45,19
141581,658795,359606,916203,35,25
446389,502780,569670,691803,7,2
353741,933316,84240,687529,23,28
43961,991128,160954,715259,24,47
42256,999824,673620,781120,7,47
371549,871813,286871,467004,6,25
4766,918858,619999,838237,15,45
57637,930621,293254,604998,13,43
54623,904764,229411,588451,14,42
163917,625733,471847,963046,35,23
74178,656910,12126,916636,41,29
246054,351658,178298,869689,36,5
240570,967338,176302,586608,15,36
712184,888622,280648,991106,45,8
192867,993969,743337,757711,1,40
24250,686012,367726,550900,8,33
248947,596046,317467,801080,27,17
351626,775142,324618,694712,18,21
40,999873,232632,985947,45,49
99878,805505,42433,960848,46,35
760334,770833,627298,899313,20,0
211107,978655,26655,591630,17,38
618059,770166,78015,261746,3,7
86301,814519,341161,877410,32,36
211782,332132,537883,976188,33,6
282104,628065,48118,955049,45,17
7973,660860,461461,743976,17,32
21847,31066,214662,556319,13,0
229253,279864,81129,198092,1,2
162126,907692,295777,894922,35,37
441282,772746,442256,742802,17,16
116557,458583,246013,770879,26,17
81171,972125,103800,422398,8,44
171049,799862,230828,807292,29,31
428497,686177,8786,606627,18,12
97027,692174,67932,756186,28,29
85604,388201,36770,959015,45,15
613128,893395,140606,744754,26,14
116775,225886,8150,983258,48,5
412519,573329,501780,802959,19,8
335225,573671,557635,968600,31,11
18175,998086,84260,515024,12,48
103315,605431,259359,895265,36,25
8726,968554,425016,449859,1,47
1119,909012,360055,839776,28,45
671375,766154,174196,800530,30,4
304548,916445,260618,619429,15,30
329437,885432,261730,929733,39,27
138403,922398,36667,750008,28,39
525305,649833,7277,740817,27,6
477957,732219,524985,932006,29,12
67625,924576,31103,161917,1,42
69386,142672,427107,641798,11,3
38395,79114,273724,589774,13,2
511239,552741,488509,994371,37,2
321056,357416,479055,799759,20,1
451099,522686,131321,571908,15,3
447459,898659,206659,689170,21,22
105642,216921,152798,561554,14,5
1150,961821,74536,967243,46,48
381714,936135,263488,673049,19,27
69849,682357,129321,988320,47,30
184785,843245,254144,887186,36,32
434808,843299,147407,521781,12,20
179932,748484,489982,933845,31,28
4113,950709,64793,976900,47,47
200068,661689,187797,556668,13,23
445505,669619,949944,963288,1,11
8311,485736,198495,933016,41,23
121041,626842,43326,524715,13,25
1254,977353,431602,808322,23,48
469297,491318,91176,755892,28,1
59363,783538,147802,641335,19,36
388203,804649,113686,645513,20,20
229065,573231,290988,525538,9,17
206380,687450,189007,684662,21,24
101009,927827,201827,492982,10,41
579735,608533,14754,591953,17,1
722376,965821,14698,872740,38,12
260944,777806,110218,900385,39,25
335170,829679,107261,984659,47,24
263953,748327,376161,774676,22,24
11329,154413,122358,533607,13,7
533572,947233,14284,903845,40,20
306357,506352,23508,957452,45,9
60696,980626,470597,836453,23,45
475786,890591,278830,774949,26,20
229686,810243,226487,996907,47,29
199478,951835,60797,460651,10,37
500058,962263,25703,459285,10,23
327987,958676,61230,837674,34,31
43577,624851,351430,632084,13,29
434868,765579,605136,973125,29,16
44116,694816,336396,971315,41,32
287421,872611,134469,503101,11,29
7512,973478,488210,665224,10,48
384078,656337,380095,802827,25,13
651876,736354,91261,471919,10,4
74733,916080,379933,964115,39,42
120499,829899,38849,797593,31,35
204613,965771,281514,630199,15,38
229663,920465,451402,848661,25,34
10853,987222,47735,826167,33,48
55689,248263,523577,988603,35,9
13285,696866,519118,697409,10,34
520537,921470,275626,965004,42,20
26616,936351,445839,751188,18,45
740156,741470,104088,898884,39,0
299757,562347,592392,618278,1,13
196419,417350,144912,941350,43,11
607216,872305,675099,772925,7,13
313821,523158,212022,722159,23,10
859,969628,115918,862040,36,48
402623,846683,79812,777620,29,22
6985,967457,632238,852137,16,48
940441,980870,470518,676690,11,2
641952,787440,202350,588679,15,7
304741,907870,112721,934923,43,30
10846,796626,294975,526629,9,39
425627,479772,223367,942765,41,2
588950,998102,91238,666315,21,20
79032,399293,17019,839472,35,16
405009,862417,270267,956111,42,22
375493,983048,530422,778277,16,30
178988,927713,354105,479806,5,37
352200,560570,385087,852894,28,10
440679,934277,382546,645553,13,24
133316,994500,10766,839890,35,43
23536,946533,9130,928245,43,46
710252,930576,389520,930330,35,11
562694,902172,5629,956973,45,16
39298,759243,93279,694160,23,35
12581,983254,916706,929556,1,48
44066,425142,84829,607860,18,19
119682,855891,35880,890302,39,36
177280,605484,204880,391809,5,21
1662,923002,827472,888701,5,46
103445,273950,260331,296577,1,8
145330,618684,136854,938012,43,23
94450,974731,206043,708129,22,44
119826,553795,698287,991971,24,21
101613,837837,163763,234599,1,36
167214,990156,293526,809462,28,41
16309,995718,42313,937833,43,48
71449,991749,294462,788947,26,46
18727,756482,56690,798751,31,36
265839,668746,282316,771931,25,20
806022,950604,4478,699217,24,7
603619,698723,236919,734037,24,4
223338,757509,304000,938900,39,26
170187,611162,7554,813279,33,22
34528,410855,347056,792982,25,18
232650,470463,105467,960539,45,11
163385,930950,784101,905593,10,38
374506,551306,487497,988323,36,8
46455,954627,25502,724112,26,45
439270,625069,120837,765672,28,9
23611,693463,30139,376257,7,33
141955,861745,194853,877163,36,35
230603,842515,1941,631991,19,30
27417,970497,53485,830847,34,47
803790,878973,403089,831242,26,3
246261,552744,118449,192013,1,15
129503,239098,53505,645616,20,5
371420,513924,271497,962967,42,7
299208,990708,360468,960528,39,34
71003,967507,354399,985075,42,44
340792,776384,174381,578183,15,21
159230,421359,219982,755923,26,13
388555,701363,193073,864535,35,15
79199,811445,149760,794225,30,36
31303,930729,88772,742389,27,44
33386,687783,34255,871865,37,32
255238,506819,282871,561242,11,12
38167,253174,241018,941613,41,10
257717,896905,146389,929346,42,31
431177,492470,957778,991119,3,3
16030,909511,582434,969156,30,44
319651,358308,554603,953882,30,1
34408,937621,93049,864742,36,45
396620,624157,133044,817857,32,11
97132,796567,104427,378521,6,34
203749,483894,36776,839985,35,14
417397,564798,111660,904102,40,7
117680,981073,93618,566537,15,43
520500,734720,62498,522835,13,10
181889,883808,432293,728948,17,35
102669,886879,41209,826832,34,39
80340,731358,61332,653495,21,32
251207,745881,770925,897662,10,24
161883,903259,245634,886159,36,37
200892,628194,179515,858475,35,21
108262,532555,101185,771369,29,21
382254,862433,365664,973281,40,24
235241,566687,629952,929335,23,16
857596,960462,594373,809224,15,5
529878,627114,53031,970167,46,4
593266,800904,241200,921726,39,10
188520,740341,39636,977256,47,27
501817,502838,325633,843149,30,0
5996,815387,27898,778218,30,40
319109,773645,183065,946434,43,22
116091,890217,18588,479706,11,38
42776,565218,66480,608769,18,26
295828,792758,764775,942470,15,24
350144,652612,240710,968109,43,15
468435,998088,26034,954892,45,26
162346,879532,4640,649092,21,35
653654,836672,477644,604125,6,9
788975,885607,122640,903306,40,4
1339,995689,348182,754339,22,49
16444,759707,350677,802232,26,37
101800,820652,125143,986397,47,35
168834,538240,320197,766720,24,18
829734,989945,370264,747620,21,8
226483,761491,186506,997170,47,26
326938,556473,567427,667014,6,11
315550,972100,563354,808935,16,32
191923,386927,263375,385531,3,9
255930,880619,229977,423214,6,31
51804,635212,582600,888227,22,29
74824,970263,126503,825644,33,44
21406,946564,187731,605226,16,46
46494,147480,447557,766699,19,5
315446,947485,633882,914018,21,31
208804,712700,57445,737131,26,25
64999,662743,36958,837975,35,29
658991,913873,257504,684006,20,12
9232,791342,240088,854245,33,39
635061,720502,177039,709516,23,4
581431,777323,91143,738648,26,9
181909,879705,111928,905012,40,34
398523,493713,311906,639218,15,4
128041,873081,152817,882729,37,37
91454,991885,66535,974062,47,45
126969,805009,54174,504330,12,33
204912,809965,490904,656926,9,30
1518,953844,272147,515591,9,47
205375,386937,489696,735119,15,9
177922,823853,11076,961664,46,32
197260,925758,786408,939758,13,36
15712,885222,385252,696610,16,43
345113,870962,459119,795356,21,26
30672,992112,288797,429554,5,48
179176,896261,713609,806330,7,35
83458,451435,10862,965469,46,18
34404,130721,370743,598258,11,4
145185,870872,353638,673439,16,36
230522,843177,36345,860995,36,30
4227,859297,46403,572123,16,42
109677,964888,26735,959689,45,42
520821,678724,223787,557137,12,7
25666,959464,184762,404016,6,46
98482,882062,55662,594014,17,39
90711,906686,734393,823904,6,40
181561,695377,714519,905456,15,25
304735,857344,220130,647002,18,27
86997,974337,664621,827111,12,44
24272,925679,532175,986701,34,45
139762,804955,262161,452665,6,33
139186,636153,802861,872159,5,24
13893,909791,138049,742807,26,44
30189,961721,243558,832200,31,46
78436,970460,272739,429539,5,44
43368,793590,244661,624465,16,37
754,997870,513050,918470,29,49
605393,913140,665296,891002,17,15
604018,736418,55815,897271,40,6
128936,945363,341967,913354,35,40
656628,817037,454520,761074,18,8
112872,292324,352477,779156,24,8
353527,986385,2109,973907,47,31
20439,517873,352600,716162,19,24
5450,989101,139690,355140,5,49
107942,531603,22323,969642,46,21
52111,444589,19159,931916,43,19
602282,941495,217376,407553,5,16
259300,953542,380853,870327,30,34
380556,891141,381186,630061,12,25
38491,959766,15071,975252,47,46
35348,597119,71999,978554,47,28
300779,963228,471370,923754,31,33
9392,98698,320452,801364,26,4
531211,999779,112838,509245,12,23
348021,406192,332322,717889,20,2
93346,776520,119316,985297,47,34
100544,607699,60517,790638,31,25
48928,730528,191575,886049,37,34
123741,627618,34890,951740,45,25
17611,950971,242292,505600,9,46
57261,821871,35757,771864,29,38
238346,459277,41098,835385,34,11
72913,974197,1360,953264,45,45
118161,220270,72192,900048,40,5
74036,253078,145439,780438,29,8
41980,917133,730644,983194,21,43
82813,905865,25762,494252,12,41
2,985519,491466,718666,13,49
232673,831303,333216,659509,16,29
370880,490567,568910,721499,9,5
107658,652783,187058,919220,40,27
98736,346448,85386,978432,47,12
525693,929950,1546,964926,46,20
74572,934001,42220,965631,46,42
217125,327216,217455,634431,17,5
42089,673439,49322,715709,25,31
72383,749720,405957,742763,19,33
601076,996771,157065,923224,41,19
2435,958567,299669,445765,5,47
450794,617009,340852,911367,35,8
598791,947120,92679,707549,24,17
166474,466660,511052,874600,25,15
273795,965148,66464,962830,46,34
220104,366889,454084,954873,35,7
171815,491598,540466,861154,22,15
4312,881789,617470,886845,20,43
68764,138570,38074,569428,16,3
188382,531938,293502,826357,29,17
306148,593694,19899,675845,22,14
100281,633068,145145,833773,33,26
368762,764446,397054,804510,24,19
621838,661386,7987,525912,13,1
147209,419912,159273,722643,24,13
353936,916076,17649,674383,22,28
49772,689006,28676,785490,30,31
736045,908668,427670,715034,16,8
243700,273413,33548,864245,37,1
63882,354719,67967,907871,40,14
27307,889696,121258,600381,17,43
357162,774151,628694,841366,15,20
103179,463056,155865,670686,21,17
3219,557486,254708,427681,5,27
176644,791953,22788,861206,37,30
20140,803649,154693,853690,35,39
930675,955049,429245,790923,22,1
248931,379555,173483,372675,5,6
78974,163087,853079,913711,5,4
425033,532836,731051,931045,16,5
254490,967473,131635,619461,18,35
449478,928031,43599,806956,32,23
150039,913848,41291,654490,21,38
534824,824945,117610,627107,18,14
420729,982152,581483,799407,15,28
786025,830177,6916,443352,9,2
382989,954642,14442,438576,9,28
311181,528440,56949,861582,36,10
88977,991838,86126,579630,16,45
878511,923561,21910,835495,34,2
292703,689310,91195,974583,47,19
114465,705495,618474,672957,3,29
71285,484301,295284,529753,9,20
250610,843161,447514,779923,20,29
25531,787825,392957,727849,18,38
155740,530217,52143,870516,37,18
73147,152229,752953,995727,21,3
461787,589770,82187,633262,19,6
515690,595776,682695,736803,3,4
60354,316103,28672,966780,46,12
130143,949337,113146,827337,33,40
330629,672767,106001,654527,20,17
78266,970656,16430,905395,40,44
71930,544679,227456,980642,45,23
175322,859510,378274,678096,15,34
25018,995868,373248,790770,24,48
34804,982152,545890,982252,33,47
83980,943223,509902,935452,30,42
819055,931360,81566,963217,46,5
23205,448200,3370,855144,36,21
328964,647151,398063,596182,9,15
566008,925889,388731,920344,34,17
496083,703473,186794,792008,29,10
772685,991731,178516,948702,43,10
9571,534415,35499,559216,15,26
186314,936563,558910,905959,25,37
15883,545584,269987,813895,29,26
158958,249010,564050,849861,20,4
360797,953539,39593,626151,19,29
207394,991109,49995,723320,25,39
136294,789821,430150,700793,15,32
114897,618677,136289,729434,25,25
33671,881367,515669,668306,9,42
121027,876395,439393,618306,9,37
9456,307082,38241,572860,16,14
39909,98270,234731,780056,27,2
118077,993349,59679,776882,29,43
832712,877444,14803,819314,33,2
294961,717371,646528,959108,25,21
49131,935049,313160,896836,35,44
72233,978828,5250,967938,46,45
468479,689726,353283,752223,22,11
21006,260443,302203,647025,16,11
169673,991853,171501,855239,35,41
624540,921579,325855,910690,36,14
538625,647621,287047,431550,5,5
51446,995537,297382,714447,21,47
399116,946824,133779,684047,22,27
15327,986884,373328,852123,29,48
140487,914377,328008,779325,24,38
341223,692691,27387,250040,3,17
120661,536696,877564,935904,5,20
730440,735576,18020,563566,15,0
495467,586836,409253,921589,34,4
223169,870191,163720,851220,34,32
142415,614238,30993,896396,40,23
84077,472441,203033,911709,39,19
49066,965101,444781,928806,33,45
378858,458671,462613,778768,19,3
142236,655099,61705,741475,27,25
140926,773690,100226,654179,20,31
50124,437062,488408,826558,22,19
15582,986642,447763,904335,30,48
168747,827727,255953,784804,27,32
244027,431233,67113,899673,40,9
46039,822748,158506,799724,30,38
69133,991105,135802,633117,19,46
20651,851232,280871,861975,33,41
166850,669308,51158,641496,20,25
226260,719498,654632,875862,16,24
13483,179562,35436,788022,30,8
745048,986524,5087,820825,33,12
106863,890553,166823,584258,15,39
407865,789435,45275,966978,46,19
243571,248689,693580,952783,21,0
134081,413606,8056,795866,31,13
274630,937252,134173,839371,34,33
637775,963763,226095,704876,22,16
459201,681171,18874,855954,36,11
81462,962173,12999,795949,31,44
136900,718728,97000,670222,21,29
5701,796687,291330,798665,27,39
50410,835694,502026,940831,31,39
25190,892901,288695,879644,34,43
11080,525834,206797,801703,29,25
286521,754085,235535,605304,15,23
551266,814380,292517,437649,5,13
257192,581504,339972,725404,20,16
178969,900381,275058,749955,24,36
182967,929869,31159,791779,31,37
6405,930461,363329,901342,34,46
292443,905178,282440,854870,32,30
308981,998927,289688,977691,43,34
416781,831504,465277,821423,22,20
11454,854635,399255,526226,5,42
165124,381155,223419,606640,15,10
494954,922139,93150,637925,19,21
46508,523376,6900,825231,34,23
103270,818073,25550,823015,33,35
52026,905804,316885,851645,31,42
30378,987655,643660,901664,19,47
250239,286786,26897,702852,24,1
466797,735984,151237,588846,16,13
50490,174497,373976,857749,29,6
670412,721040,168998,911224,40,2
6991,990062,350183,784227,24,49
463409,470514,208704,615704,16,0
492617,508655,3018,773372,29,0
84188,315687,253032,932902,40,11
32855,780194,453474,766984,19,37
62642,926819,176888,644213,19,43
244264,757997,41697,667716,22,25
10974,909942,488134,851748,24,44
275148,885437,48689,671864,22,30
118666,896156,299850,974812,43,38
282729,771898,91227,830655,34,24
322065,696752,11227,822902,33,18
267010,827830,95213,575988,16,28
110982,968428,27491,928062,43,42
166,804346,71590,934507,43,40
350389,864244,213957,839334,32,25
1517,790410,290096,643842,16,39
69571,740905,26343,933247,43,33
4170,789919,316957,762655,24,39
31940,336650,9074,735942,27,15
43386,578377,285509,835300,30,26
874117,888206,130353,719260,24,0
215613,706139,144516,782448,29,24
258946,825004,487148,847919,24,28
184074,995674,21909,650435,21,40
484213,924394,612260,996065,30,22
3593,975240,242013,712690,22,48
252259,345282,439173,888922,29,4
18799,997326,225027,929219,40,48
38123,996919,498185,919738,29,47
609924,913086,194659,613770,16,15
150852,967254,217815,662375,19,40
101518,936513,254002,786226,27,41
164802,932363,42138,838108,34,38
142832,973603,5190,797932,31,41
468671,818283,39104,558632,15,17
73419,998982,46925,787597,30,46
424324,922570,708156,994208,24,24
177990,854798,345126,959675,40,33
850693,881724,115184,757717,27,1
158429,612209,83845,557771,15,22
57855,68409,42754,826535,34,0
641259,923827,31790,836361,34,14
453862,981165,72838,939646,43,26
130879,541022,35010,619540,19,20
729012,947491,390285,983069,40,10
103808,696403,227783,839713,32,29
218526,366823,334993,814707,27,7
406881,914043,179921,850133,34,25
4767,848421,30319,804145,32,42
54730,619230,181793,917164,40,28
337034,832845,513324,948374,31,24
495821,931480,336272,960194,40,21
326894,526439,105279,788694,30,9
138061,757575,172750,806120,30,30
19750,943923,18305,812314,32,46
142706,151667,293829,950053,40,0
29801,864987,625115,848787,16,41
300795,907286,21905,904363,40,30
199248,446541,1738,783445,30,12
56095,765119,33713,812353,32,35
25419,871339,24448,739411,27,42
128230,338218,632212,941554,24,10
13769,825402,320032,775563,24,40
826407,855500,370508,685632,16,1
155916,924720,203746,773141,27,38
575226,742051,30205,804438,32,8
111462,632579,521628,904368,27,26
138826,922723,184005,823636,32,39
276126,407322,196819,807677,30,6
232342,937035,204797,771557,27,35
553207,680467,27871,703988,24,6
597804,788618,85860,576551,16,9
347289,498357,76460,577833,16,7
247633,927952,412397,909234,32,34
640851,939374,658310,960263,24,14
407399,558472,453920,923383,32,7
407251,519443,65104,804398,32,5
168974,680859,64670,702379,24,25
60556,929390,476409,842052,24,43
561018,759718,132405,711051,24,9
5613,983671,259046,843498,32,48
547705,807560,207983,724189,24,12
57024,904581,51473,704562,24,42
467638,797613,427221,909133,32,16
451206,536597,317128,863134,32,4
507,625730,465581,935946,32,31
350208,364916,53329,812358,32,0
105107,647044,125211,817363,32,27
