518,999095,298546,818624,29,49
471104,756973,155205,761869,27,14
252557,994609,25960,346321,5,37
72729,552805,50208,913743,41,24
348526,798783,299754,562943,11,22
129806,549908,556149,904764,25,21
408244,480478,184358,979216,46,3
464151,586051,108140,461046,10,6
555550,777839,355980,642527,14,11
123975,434130,433887,962044,36,15
61905,114722,128120,846996,35,2
277092,806302,178448,787061,29,26
165704,458497,54089,796717,31,14
212405,959131,889530,986110,9,37
598478,900453,243700,784208,27,15
214499,841040,70857,984709,48,31
37706,521680,368863,922056,35,24
522631,857510,69251,831554,34,16
465798,841710,499124,918495,29,18
681250,778621,213364,677359,20,4
348601,534789,269285,934857,40,9
467869,981671,53882,570721,16,25
20083,848690,65706,448214,9,41
194480,653418,57167,998987,49,22
535365,943780,47385,759366,28,20
242746,892946,52212,641207,20,32
269527,558126,195143,972704,45,14
213951,960911,16945,796529,31,37
149541,959753,220627,740210,24,40
89795,416925,135487,944441,43,16
9564,953539,20777,980464,48,47
497506,888672,108356,938275,43,19
65385,834811,321511,416486,3,38
620813,841335,298288,980439,43,11
81224,617433,755766,945774,16,26
61454,432864,454176,997075,39,18
343004,360175,168661,458718,9,0
402520,617471,7413,891363,39,10
157715,819978,27287,973993,47,33
367825,388480,57306,581322,16,1
1446,985055,557175,712514,9,49
98116,449416,653674,788194,9,17
300648,467485,164168,675604,21,8
18335,877668,13905,989730,48,42
231802,624788,2484,849531,36,19
38755,713894,812873,844432,2,33
203859,972021,80145,938820,43,38
165118,598549,311647,565479,11,21
515842,947846,55340,148210,0,21
152248,274873,190573,934611,41,6
420862,904245,362420,907062,34,24
178515,757641,143216,215433,1,28
318829,865759,4187,975672,47,27
317029,637866,76941,886969,39,16
28843,251665,468359,733544,15,11
84803,920368,52254,481557,11,41
150347,708382,220192,319975,2,27
575488,719864,85350,940663,43,7
268090,970160,479082,479107,0,35
42779,588232,75388,339647,5,27
43681,931097,736631,790269,4,44
45792,905334,237611,699368,21,42
3232,62249,254265,751940,24,2
2238,894573,44138,889824,39,44
33108,331702,14425,992427,49,14
520325,892626,61390,987796,48,18
46804,984415,318974,946644,39,46
32595,854943,13441,993723,49,41
23680,796022,163929,260672,2,38
96745,884738,524012,580406,3,39
485946,590006,251012,733543,23,5
22688,768748,538714,547804,0,37
98856,852394,637742,689719,3,37
99990,325125,622229,954767,26,11
323809,526972,408139,760077,20,10
80655,996230,513732,672615,9,45
215105,308027,649115,858857,15,4
80498,934783,141075,965797,45,42
394716,600807,771982,792035,1,10
343172,694805,10604,993334,49,17
122407,344717,587291,853197,19,11
5428,762775,765285,989865,19,37
494074,916105,762071,786040,1,21
382252,682774,64031,892333,39,15
107823,221860,155544,460074,9,5
419337,880745,714208,720742,0,23
127982,739814,266954,433129,5,30
67879,997840,326614,922872,37,46
385013,510801,916045,976418,5,6
250780,976828,17173,38055,0,36
188397,597255,134163,561195,14,20
410341,571079,51394,981585,48,8
50787,769895,552990,686639,8,35
11390,622624,635505,973899,27,30
452383,802135,699709,957987,21,17
112579,778217,139339,431829,8,33
1226,733996,394759,515459,5,36
380112,812077,475456,770050,18,21
565010,916004,94129,704223,24,17
33649,34407,22775,971232,47,0
121822,766031,781500,882381,8,32
92711,997151,47631,766734,29,45
164894,170853,50979,947978,44,0
235718,455548,241933,732897,23,10
90453,985980,38195,879672,38,44
88497,106989,121585,867899,36,0
77674,225604,6659,761313,28,7
142683,992910,488927,958848,34,42
386183,662780,80815,952614,45,13
14385,983835,388624,931737,35,48
121188,854150,1882,948257,44,36
12254,708074,156167,720117,24,34
54922,557012,403558,685621,15,25
344748,760996,99362,877482,37,20
286947,896028,291524,996501,45,30
79363,785187,65686,989610,48,35
591316,966888,209358,561295,13,18
8914,981960,281176,769531,25,48
246290,968198,130288,939182,43,36
25969,766994,17726,869931,37,37
816866,849079,50699,682145,23,1
524386,739225,681045,904739,17,10
302438,872781,117944,787054,30,28
96597,559201,361948,860606,30,23
322441,704895,212062,814377,30,19
722766,924073,174024,739967,25,10
330664,957749,210606,225939,0,31
88412,396178,333995,408291,2,15
802951,944898,560074,799915,16,7
151782,982992,274652,684130,19,41
745202,877108,25844,961298,46,6
40486,994493,209679,952991,43,47
509204,992643,203464,997579,47,24
132008,566298,516846,694008,10,21
178428,580916,73093,682537,22,20
161984,692320,251968,302593,1,26
609473,766158,471707,660206,10,7
17387,935764,685741,919570,18,45
459945,798385,579142,715840,8,16
409349,442088,114889,847253,35,1
757058,991238,248947,983329,45,11
57826,451662,588800,874762,20,19
425508,484225,396194,859423,29,2
150925,556848,115281,624984,18,20
122238,627306,39637,496615,12,25
145817,668843,146656,803826,31,26
473468,732050,182101,956598,44,12
274536,404047,95988,963361,45,6
131281,992248,123460,923921,41,43
334212,750978,56305,875938,38,20
215564,888113,182592,834598,33,33
30699,592505,173228,178304,0,28
11643,936669,35556,375172,6,46
463921,761138,476250,724643,14,14
353973,845047,369394,866366,30,24
219934,792049,769878,956510,16,28
82043,299045,208393,300511,2,10
106845,989362,573664,788232,14,44
36673,887712,35031,96643,0,42
4609,938137,159594,951337,43,46
325564,755092,8900,816559,33,21
204998,725075,374738,631289,12,26
144266,893987,332195,455966,4,37
640130,732967,391143,984241,40,4
228329,878262,87535,405419,7,32
685640,758697,424873,584425,8,3
464715,818375,160570,821479,32,17
29248,504572,489026,995992,37,23
881107,932232,204477,875117,36,2
180296,825611,65390,814443,32,32
625027,936945,156279,208943,0,15
210306,834788,103075,780000,29,31
3141,948774,455041,694195,13,47
199512,689516,839900,928692,7,24
183619,495487,394666,828344,26,15
47694,517354,77652,244508,2,23
67361,843888,535678,669563,8,38
49045,996819,7211,971700,47,47
235880,952678,273739,671328,18,35
424024,588405,22239,640042,20,8
306701,612546,652081,923920,21,15
497984,976043,68178,741364,27,23
144075,993367,162685,633688,18,42
251868,401787,192352,416016,6,7
289282,932488,52479,997505,49,32
117888,992183,421443,588120,8,43
55400,787643,34983,899241,40,36
117030,995858,122889,815186,32,43
18762,608337,90319,571373,15,29
602812,933352,419451,969025,38,16
200489,676849,271017,603931,14,23
3646,860211,156232,572232,15,42
161576,372686,11192,927750,43,10
287515,783668,116260,687698,22,24
37766,602073,258257,954051,42,28
812219,967310,294096,417739,4,7
654583,989853,136746,627112,18,16
26690,959119,275170,805111,28,46
529543,855046,149603,993176,48,16
145695,951174,41576,664084,21,40
776,999364,50738,407352,8,49
577033,835399,663468,881417,16,12
108018,830976,191998,476104,9,36
280675,873390,112476,819507,32,29
593247,971177,13826,396027,7,18
843095,950310,438597,875245,28,5
203540,896591,634428,999910,29,34
227633,659759,54127,829787,34,21
10539,996061,217536,709077,22,49
356234,736770,112378,300070,3,19
148117,737821,349657,533938,8,29
498144,940661,203582,398085,5,22
390261,441117,68566,102953,0,2
180609,828514,291218,875045,34,32
118619,631100,300015,331272,0,25
795855,992646,536643,608891,4,9
113929,828538,400773,972407,39,35
134156,903052,504696,976238,34,38
38401,783487,279166,960878,42,37
278299,782611,395622,881439,31,25
10998,824743,61283,615741,18,40
345664,752836,78681,956827,45,20
254932,870154,442591,502156,2,30
34405,273708,543895,646907,6,11
61546,994626,197879,235526,0,46
4486,945187,13798,992310,49,47
404148,961213,482958,892770,28,27
129484,182062,729033,854419,9,2
95182,747194,201883,716187,23,32
16841,417888,319758,346267,0,20
40648,632681,230236,832295,31,29
111211,710803,147611,369496,5,29
339964,616550,423455,777211,21,13
318671,821088,691155,993524,25,25
11647,980188,5377,954115,45,48
640273,711130,200909,890235,37,3
85558,150337,443976,910523,31,3
300728,811097,906291,994795,8,25
195749,291714,111519,470821,10,4
58671,882574,308370,993490,44,41
297166,900217,59286,966947,46,30
2252,995206,142610,370559,5,49
15303,958561,105215,961289,45,47
244578,852717,261220,608931,15,30
260195,310217,834214,955478,10,2
13406,735107,746283,884050,11,36
27712,604202,833006,921830,7,28
24979,801443,55526,916629,41,38
634981,973986,84519,955574,45,16
202246,934260,435662,973472,37,36
627579,951220,139958,679668,22,16
124258,774009,44156,912714,41,32
205415,502558,229429,737482,24,14
208,981747,134460,325106,4,49
7733,919979,598774,811924,15,45
56178,838798,28864,996619,49,39
573077,799807,137908,430864,8,11
538,998614,40785,984816,48,49
22262,904718,369775,922186,35,44
17966,843771,25312,932362,43,41
94739,751491,444721,894592,30,32
205565,287191,261034,626990,16,4
278997,965666,212112,709629,22,34
413928,842905,251726,898677,37,21
169757,776806,40156,979855,47,30
130023,980401,305242,874806,33,42
47915,912960,469690,763416,18,43
328771,877379,257516,729619,23,27
387810,479700,283147,574348,12,4
123475,753350,154075,386722,6,31
220375,259404,550117,964022,31,1
15149,995757,84189,961488,45,49
391101,614512,362154,482536,5,11
426467,992315,267496,921848,38,28
567501,834256,1529,999551,49,13
116536,740173,8007,789027,31,31
65541,878130,148841,770813,28,40
148708,711350,511749,997834,36,28
454268,994689,386367,546973,7,27
473722,928887,617188,647594,1,22
174115,365415,241202,756355,25,9
480381,752006,644833,907857,20,13
142843,395910,107740,849540,35,12
118057,797445,969336,974696,0,33
257847,327000,84807,993921,49,3
354501,728945,21965,649061,20,18
57998,927045,61765,946805,44,43
278008,668595,666442,978133,25,19
166761,946910,250522,439751,6,39
189649,198105,307682,678165,18,0
388110,756772,25943,916313,41,18
630361,850564,6899,923410,42,11
465744,564568,345202,436366,3,4
144030,730182,192899,748162,26,29
316979,967621,473783,675804,11,32
859058,963440,480279,789116,19,5
8746,927044,816005,871930,4,45
19306,957829,183473,360284,4,46
120578,875707,284559,677351,18,37
266777,941621,228739,414006,5,33
139858,999621,287136,609808,14,42
20907,668129,789005,952232,14,32
64444,102450,205881,944210,42,1
46436,965013,90790,488721,11,45
109346,954131,48615,899933,40,42
789681,984423,475751,523718,2,9
191598,888530,43549,969624,46,34
2409,949934,689688,766501,5,47
196496,598352,147063,804370,31,20
237873,708684,416646,522903,4,23
9173,252066,735761,992762,22,12
437976,460101,737644,855780,9,1
20542,696174,239051,972748,44,33
225848,981240,3912,976203,47,37
214403,387454,263754,715830,22,8
493266,906786,300484,775550,25,20
531360,801940,473323,569181,5,13
209406,992877,438056,883223,29,39
133486,971744,209588,842891,33,41
11546,967681,451255,491479,1,47
74590,799741,223668,598310,15,36
81068,702854,422776,849661,27,31
751911,839932,393799,913473,33,4
760934,880721,142820,783250,29,5
403518,887410,24777,900018,40,24
333019,534369,549925,660919,6,10
128047,878624,10564,980962,48,37
241080,407573,281790,290758,0,8
625224,856246,507754,941080,31,11
347554,720109,846837,880864,2,18
189200,475132,384942,755407,21,14
695441,846434,217563,831417,32,7
278359,488795,102684,802124,31,10
362030,723324,291974,922140,38,18
417234,936756,504143,779109,17,25
107848,863213,23382,647389,20,37
274002,984789,4502,996762,49,35
695819,707568,143977,897589,39,0
480018,868198,469824,716524,14,19
74766,396203,219946,351876,3,16
20215,221256,416808,907206,32,10
43033,956396,88496,751062,27,45
551707,596760,131762,807357,31,2
199956,762002,27458,593736,17,28
7155,937704,147166,742745,26,46
36170,998071,688950,868562,14,48
75247,986999,18090,980136,48,45
151102,645741,63565,624557,19,24
53029,182571,94207,688803,23,6
190396,935036,586925,692308,6,37
192903,630261,56839,928618,42,21
681464,991918,124734,781707,29,15
619490,995578,173899,592824,16,18
2528,850041,522885,884031,25,42
70328,829634,477768,735681,15,37
54467,855063,227701,604385,15,40
96020,705794,222606,574247,13,30
455616,723582,151027,797980,30,13
270732,930957,57635,986121,48,33
37617,160611,357176,538139,8,6
79204,459346,336547,927768,37,19
79835,480738,242766,581041,13,20
254638,804482,325942,608549,13,27
430655,667620,121810,839171,34,11
232495,257213,521194,573191,2,1
146519,945537,47432,810658,32,39
198538,239560,667895,722302,3,2
18197,966704,373388,855082,29,47
21296,807296,32564,526989,13,39
118059,898038,196950,822184,31,38
235631,849649,287608,491996,7,30
129695,934252,361761,525559,7,40
332621,874463,657157,755331,6,27
220633,893463,161365,386880,6,33
136272,956656,65103,982467,48,41
128621,602287,26581,894834,39,23
211765,373733,302108,821736,29,8
25487,997968,280971,326783,1,48
432660,646859,367531,784749,24,10
523576,633186,371233,902322,33,5
176951,191854,621316,975162,28,0
252,979187,155065,905848,39,48
133560,241036,92138,477192,10,5
115015,576716,190804,743790,25,23
29608,458381,347418,826251,28,21
48680,645869,153396,557168,14,29
196767,998374,219437,749192,25,40
555161,744480,221123,886071,36,9
69550,764527,36292,981633,48,34
287750,946940,163788,755340,27,32
174728,829108,241470,352298,3,32
169857,424748,300304,637011,15,12
44208,511913,29541,382490,7,23
14040,996002,44237,809785,32,49
179056,694383,35054,893676,39,25
435824,714248,844648,993840,13,13
54909,982369,338897,875687,32,46
83803,984995,107268,999771,49,45
42773,925693,177001,917144,40,44
633601,713300,386027,652038,13,3
10203,934373,59400,912797,41,46
178473,921618,175066,930151,41,37
575891,580833,50908,872598,37,0
122238,892073,90212,993776,48,38
41584,990289,406895,463459,2,47
823144,967786,108252,281927,3,7
518342,887169,17679,979266,47,18
291595,944063,167184,906236,39,32
50966,998225,641843,923889,22,47
33575,583382,272806,545210,11,27
321830,931040,72036,929046,42,30
42767,810156,49622,301736,4,38
29273,963618,42329,922236,42,46
250780,866746,390064,929593,35,30
470045,816763,218380,605539,15,17
437256,803343,27558,850360,36,18
325796,925348,243217,626913,16,29
132797,205506,34481,107242,0,3
91199,984694,696142,920515,18,44
387027,393057,508214,662111,8,0
366580,651643,144361,994798,48,14
565334,829112,575031,615031,2,13
18194,499177,1611,998927,49,24
624766,839507,415452,592747,8,10
136414,379688,211866,448553,7,12
499785,546287,345733,957227,39,2
189439,885488,412361,455677,1,34
7729,987668,20880,230522,2,48
218548,623183,25527,996592,49,20
9638,121204,112340,924141,42,5
53851,939774,339669,922287,36,44
66313,866725,536847,940122,29,40
117693,755793,323933,972032,42,31
85244,799812,556735,809205,17,35
600649,870583,96876,634552,19,13
388678,740494,335913,561524,10,17
80212,984169,50929,921236,42,45
401829,689703,11996,802655,32,14
230600,561096,168744,806078,31,16
214900,994067,184047,966309,44,38
270797,947263,50716,306025,4,33
230078,243190,158142,944061,43,0
151040,533706,255726,998847,46,19
235159,479428,509618,795094,18,12
364031,600801,51729,211839,2,11
674543,954196,58255,991302,48,13
311806,454519,31934,962248,46,7
167694,759538,147446,999695,48,29
238161,486363,6212,998041,49,12
364055,378075,57184,996691,49,0
195422,686177,620490,886758,20,24
76868,812016,674404,976447,24,36
394035,398948,41098,953481,45,0
217250,819576,410710,811393,24,30
55595,772113,298314,620708,14,35
133364,952488,316406,352564,1,40
1945,374202,600362,869300,19,18
241448,419853,26183,734718,26,8
293619,588305,94734,594704,17,14
218047,595953,553241,993758,34,18
523211,969741,58505,753268,28,22
540236,713979,124150,848193,35,8
332343,738103,808392,852393,3,20
83774,808692,143504,925478,41,36
252293,412326,256251,764024,25,8
426052,483456,78005,566535,15,2
7045,969554,236315,737042,24,48
104117,902326,17281,442275,9,39
66496,361631,3032,964940,46,14
62963,896830,73684,652192,20,41
44047,980833,414213,663184,13,46
209428,829877,413723,452248,1,31
399819,753778,34680,373679,6,17
472294,866796,40492,501300,12,19
237327,412681,13442,972045,47,8
145609,740869,397035,766607,21,29
248180,702793,505331,618359,6,22
133097,721205,469953,971284,36,29
241065,333386,295030,970174,42,4
806645,921285,76779,585065,16,5
168286,843241,187579,906023,39,33
154585,272585,268834,880909,35,5
193206,256018,255194,983305,45,3
356506,679019,326228,330568,0,16
41242,883260,739861,761640,1,42
17352,22792,435272,466244,1,0
202162,855238,567953,798515,15,32
77743,735154,172114,879964,37,32
556476,736842,119476,665656,21,9
138179,938281,178233,537069,12,40
143998,667852,338910,896807,34,26
140132,962320,53148,133645,0,41
598705,828859,201409,666065,20,11
5003,293654,22367,853336,36,14
115304,833330,12796,185741,1,35
191247,729680,452701,529353,3,26
189992,855828,475093,701743,13,33
420455,655810,530924,724091,12,11
361001,997798,2232,652665,21,31
144797,493505,96450,609078,18,17
39623,593995,358283,891903,33,27
601512,812904,429982,620956,10,10
162082,976815,249569,541556,11,40
94495,977535,334731,414309,2,44
213337,390405,46079,362249,6,8
36433,966275,208465,258749,1,46
179433,665759,625047,631812,0,24
215979,945548,133744,443433,8,36
222431,857613,648448,972299,26,31
274624,459533,36689,807490,32,9
771655,876581,37965,974018,47,5
114212,634866,583479,950465,28,26
70692,769410,227513,425137,6,34
140436,981260,427163,825944,24,42
25195,904596,501506,690816,11,43
169830,598738,40883,897116,40,21
239543,438561,3090,951857,45,9
429486,628477,470865,657875,10,9
19824,685739,568100,632486,3,33
603939,681981,276222,957157,41,3
263854,274741,152765,524406,12,0
333045,674436,340193,414883,2,17
1627,945798,351839,552360,9,47
451120,890578,430274,478864,2,21
531918,758102,130596,777022,29,11
408802,854498,44924,86131,0,22
265409,938663,542193,851568,21,33
183921,507905,231071,769228,26,16
105569,428537,546709,771924,14,16
469570,487361,20516,534266,14,0
198303,920037,149261,684932,22,36
731979,928672,363736,613756,12,9
97683,672201,329128,909221,35,28
928644,929378,861820,898305,3,0
625581,861346,40451,703267,24,11
125023,673525,208821,975899,45,27
714616,816260,323472,519814,8,5
410239,436202,87764,947297,44,1
345440,920577,107742,904740,40,28
616252,955080,12487,696508,24,16
366199,544112,774235,898351,10,8
300946,783190,62918,862286,36,24
115868,800469,466325,827054,23,34
11383,977398,88654,949872,44,48
2045,882029,224153,882454,36,43
376642,618139,230937,592314,14,12
118416,987509,562587,953180,29,43
96354,966559,178496,866725,35,43
148127,827585,375576,854568,29,33
69282,954985,406134,903693,32,44
473829,600947,33889,375842,6,6
113307,368019,163809,883553,37,12
247347,505248,293708,315623,0,12
96901,813752,527065,596094,3,35
487634,591450,491902,528952,1,5
547686,665661,22212,988040,48,5
435117,759727,505382,779400,17,16
25732,115792,273123,922765,38,4
259629,447095,360945,959827,39,9
893894,903894,337343,871927,32,0
304494,909604,458392,478245,0,30
90060,969666,302723,313857,0,43
47578,943558,134218,811058,31,44
205468,825141,112922,921170,41,30
952330,965159,321775,838838,29,0
64181,227276,12610,575578,16,8
665847,903565,113090,969906,46,11
225862,564786,396348,949971,37,16
267377,877424,530355,644068,6,30
282046,861101,612524,931860,24,28
59281,694679,295236,358463,2,31
356438,740803,711125,917039,16,19
436248,793394,448882,962346,36,17
52183,764464,212920,710356,22,35
178525,429587,247906,724848,23,12
21371,895460,584334,802159,15,43
66794,855893,2493,342020,5,39
40495,997076,149056,746402,26,47
164901,919680,384216,967529,39,37
2960,993943,37987,643191,20,49
15163,924974,762212,997665,20,45
846190,936172,790314,985206,17,4
56874,226537,435797,936451,34,8
6056,886547,285951,309982,0,44
8535,970550,608369,911046,23,48
356496,634815,219798,246736,0,13
141077,535084,17924,416207,8,19
62842,959768,397120,849882,28,44
423490,936370,105706,945156,44,25
314615,606004,45043,514685,13,14
951272,951809,693930,983981,24,0
65797,917276,135562,657921,20,42
60516,906034,25412,892042,39,42
113755,389098,215333,731012,24,13
447078,531019,105868,543098,14,4
2477,536964,292253,418220,4,26
331905,977572,92777,586413,16,32
355988,482572,136459,998312,48,6
86498,945933,134272,259985,2,42
678498,746195,813812,889076,6,3
52656,935345,318786,830213,29,44
370849,826100,117660,286155,3,22
364259,987662,257821,688922,20,31
4015,244916,276597,437190,5,12
287953,319752,202859,676043,20,1
445469,626663,425094,892954,30,9
26544,866573,123554,921933,41,42
581210,838667,728266,841337,8,12
75102,749032,263217,642543,17,33
140149,958214,659723,783966,8,40
801635,930265,735397,927028,15,6
268659,812818,20227,840087,35,27
15979,43714,240589,361349,3,1
39748,972825,651889,941175,23,46
349283,874462,648643,851145,15,26
14734,929375,235962,641227,17,45
25514,608580,1769,993476,49,29
96447,453547,640463,893538,19,17
42317,863491,120787,672520,21,41
58024,372241,363914,593440,10,15
311435,940264,17347,782575,30,31
23563,826376,256572,852960,33,40
100967,907199,333412,993117,43,40
12854,431152,345944,855672,30,20
24390,478876,72334,613775,18,22
280243,804904,81913,993734,49,26
122886,478384,232532,592485,14,17
36868,958086,8490,955461,45,46
12176,819828,348115,863508,31,40
25768,996002,13516,813384,33,48
355624,831561,345499,829794,28,23
508261,994144,58048,987253,48,24
258810,658685,511119,590461,4,19
100843,989306,81178,992404,48,44
301296,985782,412687,924116,34,34
229965,918163,226884,261061,0,34
58746,980662,657299,991523,27,46
517291,635229,283250,759715,24,5
92635,463986,146361,948321,43,18
583493,867839,97611,952216,44,14
80470,964401,217566,958795,43,44
338451,648187,83384,936565,43,15
97756,859781,9113,783613,30,38
355526,511753,322544,914985,36,7
242427,509776,51867,760727,28,13
82990,372943,136688,418286,7,14
347893,718424,50954,136066,0,18
36894,135649,428989,876474,29,4
198798,643212,435740,952051,35,22
738346,764168,169337,221729,1,1
744495,928941,135502,987924,47,9
512785,676326,570702,684517,7,8
47197,890563,34292,676848,22,42
66492,984752,370411,953995,38,45
394274,853830,53071,908168,41,22
471621,902605,782181,844800,5,21
21647,976432,504071,780367,17,47
471374,534291,26011,332640,5,3
104408,186750,127213,794663,30,4
2536,984199,108071,887661,38,49
569098,605974,393003,634321,12,1
217085,338281,278615,361078,2,6
369258,714739,380159,850310,28,17
97317,692514,90740,712863,24,29
59668,216660,546796,946248,29,7
276830,740234,11112,964193,46,23
124666,992130,142337,717278,24,43
199606,497216,48167,913185,41,14
121555,853031,22084,956108,45,36
650524,777783,8074,884119,39,6
419013,966977,150006,947077,43,27
45071,663762,52535,762931,28,30
538336,698000,720305,880806,12,7
74549,884705,424857,957884,36,40
334503,701629,31935,953550,45,18
352883,631374,64378,854257,36,13
343476,730095,3017,982655,48,19
338770,706589,211699,349651,3,18
281576,812479,91445,521876,13,26
21595,882784,476135,703121,13,43
111285,439933,724916,921089,16,16
20908,791769,707242,892824,14,38
816080,969824,181000,923578,41,7
133678,885417,550156,942145,29,37
659193,740447,197845,364503,4,4
722738,889919,19610,965122,46,8
263621,985554,68666,920032,42,36
71123,958773,142393,412684,7,44
215329,548134,235407,846121,32,16
10706,913596,592733,896213,22,45
13856,153722,204804,942666,42,6
267903,383031,416008,418047,0,5
618873,824151,233926,990571,46,10
49732,443684,628213,905923,21,19
659350,996203,737775,926569,15,16
110634,427918,386032,877304,31,15
100024,983062,445711,568174,6,44
117395,981402,31982,891825,39,43
416236,850893,568343,937733,27,21
261585,343893,83379,891413,39,4
187363,987687,573008,895838,23,40
31859,873475,73304,572610,16,42
230849,267477,15173,986674,48,1
22787,556401,111932,944951,44,26
509104,722827,600995,888257,21,10
630124,931798,171846,451281,8,15
67625,293494,135634,909852,40,11
72650,742975,178096,764560,27,33
790285,862460,178608,999650,48,3
694321,995169,309168,505236,7,15
208467,627995,241288,644926,17,20
339746,988038,24196,973860,47,32
131576,954797,43764,856577,36,41
6699,901250,27079,320859,5,44
183687,850972,480223,978652,36,33
314909,744464,73643,522386,13,21
443613,515987,190407,792239,29,3
311734,313796,157775,996228,48,0
817398,988583,295010,328497,1,8
594280,911761,134202,346276,5,15
540784,713661,162895,334975,4,8
103374,943676,939819,974690,3,42
326629,544150,8853,46692,0,10
628925,683436,409854,712838,16,2
613598,803959,179126,235973,1,9
280209,317390,529155,656512,7,1
33542,736916,768483,908534,11,35
394657,736328,98849,274348,3,17
146156,711199,139943,781460,29,28
118882,562821,43827,982966,48,22
184865,342650,240648,899135,37,7
242211,931287,496340,896553,27,34
215195,710429,154133,385906,6,24
333686,932204,400688,970252,39,29
226461,589578,71098,699492,24,18
388183,405114,412873,804045,23,0
386756,610259,537110,614611,4,11
232104,725063,359463,707615,18,24
325541,597695,89521,813892,32,13
194179,752161,550702,951347,30,27
2036,999516,275155,362791,2,49
270337,969320,113653,792520,30,34
88640,735415,319918,440694,4,32
903426,981298,106552,923357,42,3
147415,450008,157492,875954,37,15
2857,991401,346009,889162,33,49
4816,799395,534811,566927,1,39
43840,511396,39275,946397,44,23
189097,991069,483243,493624,0,40
3502,961478,132589,923038,41,47
232719,888716,396494,647547,13,32
206558,318705,738880,982274,20,5
70510,949262,318479,792035,26,43
293121,744428,749248,784330,2,22
178383,537744,300739,483806,7,17
166495,932466,306997,573343,11,38
232547,896015,258686,985120,45,33
659183,956063,27032,844705,35,14
59258,943758,166895,301116,3,44
546946,963382,190447,989533,47,20
125159,640452,107755,214843,1,25
71503,809239,10443,763482,29,36
40870,758552,184089,480634,9,35
245215,683971,80943,773554,29,21
429339,460031,108651,972305,46,1
114170,905678,551552,893444,24,39
746907,767541,184056,724712,24,1
60709,727532,7299,997216,49,33
53378,987719,290664,440203,5,46
22966,318915,333745,458683,4,14
350144,528118,74715,867735,37,8
10294,619940,251698,885624,36,30
165451,633493,49141,926181,42,23
433137,905888,464204,630943,9,23
195154,568263,685951,799179,8,18
39446,227101,6096,352678,6,9
630659,751125,312503,343500,1,6
12654,705936,54916,899948,40,34
563313,829157,156126,788951,29,13
275570,276005,335458,974205,41,0
48441,929436,6957,998500,49,44
816140,829611,150071,656338,20,0
922566,951862,172972,698843,22,1
153623,917639,222052,793771,29,38
106594,688259,250129,800127,28,29
184379,748475,455979,794945,21,28
218719,745528,501127,621576,6,26
406679,671725,712259,913092,16,13
343557,766078,255607,915843,38,21
139672,990380,537131,968214,32,42
228598,779208,58087,790292,31,27
444804,923783,315461,726784,21,23
195494,931851,272660,916393,38,36
662147,971229,7537,647887,20,15
791424,857490,5035,749763,28,3
357575,988595,310573,605799,13,31
29930,862125,351883,767057,23,41
367137,646049,232239,898161,37,13
32859,277298,227415,360241,3,12
391920,847783,360532,906783,34,22
501672,889274,249925,810044,29,19
36380,988428,505528,693335,11,47
304843,469001,420852,481952,2,8
168235,590649,293250,608473,14,21
213467,838226,488779,766693,17,31
228675,909673,50449,601640,17,34
8136,992525,107678,925291,42,49
29032,999615,587035,823740,16,48
25166,876616,74353,923734,42,42
90446,978312,200512,735107,24,44
247840,656027,217649,459150,8,20
331581,936523,685273,908227,17,30
702100,821770,424562,658558,12,5
310894,580159,175110,922025,40,13
398269,852710,53208,768549,29,22
349101,378638,4775,953037,45,1
181149,921218,355301,770543,23,37
115672,982513,175536,757828,27,43
199240,706532,150931,873188,36,25
63904,253943,173757,885819,37,9
763326,839491,196212,650155,19,3
741179,862251,68204,136165,0,6
63540,916548,396568,500804,4,42
61443,617527,352878,743851,21,27
174616,992613,81070,971613,46,40
278717,755193,476409,849021,24,23
337216,564410,7598,999749,49,11
67851,74556,479818,744237,16,0
114190,973773,517522,808993,19,42
104453,517087,473716,803414,21,20
100482,922431,61633,408537,8,41
65159,126878,64995,549565,14,3
3816,802118,158046,770203,28,39
185426,874111,75260,936487,43,34
145297,945511,327774,682754,17,40
183572,554982,112899,797482,31,18
459513,939025,800200,925304,10,23
109045,369829,267293,957672,42,13
360976,664828,205277,269391,1,15
309884,352254,224856,809425,30,2
18531,133721,107293,873405,37,5
73490,879007,17298,915891,41,40
560184,675849,383328,883391,31,5
7406,166270,87562,954059,45,7
329870,656047,124653,275330,2,16
309363,687900,28920,994294,49,18
430259,790180,88063,731310,26,17
40876,222172,844263,947443,9,9
159936,358838,139354,494688,11,9
116988,719353,237529,358622,3,30
268566,630059,201717,771306,27,18
45573,955656,97227,292746,3,45
20571,990656,201914,792400,29,48
377324,923529,187648,453758,8,27
421416,693217,283122,509309,8,13
50530,976675,161692,565549,14,46
194973,635533,143953,582859,15,22
359192,779732,766717,944946,15,21
423446,985575,32400,870893,37,28
18345,993030,673832,822248,11,48
278705,768638,123123,818182,32,24
562584,882801,320571,979777,42,16
8699,296277,280242,344870,2,14
117915,807600,293873,998789,45,34
811856,986145,68654,763772,28,8
266612,428363,303095,763154,24,8
889067,977193,55762,952868,45,4
80299,402810,19583,999011,49,16
301660,935026,202236,989908,46,31
22215,993809,204515,383522,5,48
427553,748673,365516,394041,1,16
64200,394295,156009,854086,35,16
156764,873735,23682,972107,47,35
615203,923649,188897,598931,16,15
12167,978811,65507,968412,46,48
460681,956000,294344,985266,44,24
295435,696017,33706,763488,29,20
29090,914367,360690,681891,16,44
387068,529048,71414,695756,23,7
76282,918268,263951,890917,36,42
390828,895631,338854,503384,6,25
434510,806013,276531,942584,40,18
67538,831177,220978,641869,18,38
9846,998618,362731,693945,17,49
48278,977715,36539,994583,49,46
288701,877782,85745,278722,3,29
167580,776696,201790,667690,20,30
135528,256098,29596,383368,7,6
257397,833699,315310,458378,5,28
125891,342964,42512,627214,19,10
78382,772320,239473,453305,7,34
7312,912836,58016,805881,32,45
663370,677633,377295,909723,34,0
602980,715488,615576,896150,21,5
593764,655871,459565,866132,26,3
193514,943248,522547,938441,30,37
225684,936953,228075,420593,6,35
647815,807283,247673,548811,11,7
412831,883899,358610,907512,34,23
77070,142168,285676,938069,39,3
486775,541591,56428,921152,42,2
52891,378513,30828,716221,25,16
185511,352539,111430,534641,13,8
8511,990147,167751,947675,43,49
27455,855254,641890,709616,4,41
28822,843450,43165,571962,16,40
70030,505234,179558,807724,30,21
38272,277007,121312,196836,1,11
180073,668181,226009,990025,46,24
228435,952340,374281,893788,32,36
126582,617651,808410,951112,12,24
252965,824259,50754,942930,44,28
201381,809418,562456,592056,1,30
123862,499806,474922,832745,23,18
69803,988958,561378,655992,5,45
188185,223262,2321,448241,10,1
139194,703390,293252,876951,34,28
293123,994639,246103,683713,20,35
42390,942588,89647,413213,8,45
39879,847830,11975,924498,42,40
682362,710676,313062,826599,29,1
131123,845417,433953,894017,30,35
34054,977535,7723,658559,21,47
228783,819018,83997,506677,12,29
172821,590514,464596,490191,1,20
220240,862233,499355,916205,29,32
11225,974248,427882,597462,8,48
44663,861366,171946,295669,2,40
627403,816876,37376,993046,49,9
202562,406570,13513,729868,26,10
391747,412362,923105,980015,5,1
126035,650278,22418,418785,8,26
512267,695505,619927,852514,17,9
396756,866100,261954,489808,8,23
148922,992169,47095,485985,11,42
211183,734932,453301,922605,32,26
329519,842125,155607,789006,29,25
682586,833163,448671,831034,24,7
56435,182174,235411,531605,11,6
10570,906298,640192,785569,10,44
348866,388027,374343,489607,4,1
11274,471608,344710,397320,1,23
97712,799944,222691,804779,29,35
26268,719026,359451,679363,16,34
332740,780352,313076,783000,25,22
22574,977539,178121,882499,37,47
79850,756500,414857,681919,14,33
213710,997551,377027,726249,19,39
55395,854306,201024,957410,43,39
94287,113594,131982,791449,30,0
173148,911432,572407,967748,30,36
386334,848016,325083,918030,36,23
645170,885132,128237,446839,9,11
609936,951650,521063,727157,12,17
104502,406236,34864,900516,40,15
150206,269304,56229,964108,46,5
19475,985521,174503,644271,19,48
105540,812178,321594,381361,2,35
331939,437037,337637,653771,15,5
28885,807089,138944,163374,0,38
840835,946227,113637,898512,39,5
10185,935219,723286,879517,12,46
840927,924672,109323,165492,0,4
28595,689867,643056,854550,15,33
96287,863806,189818,837781,33,38
23431,991284,596817,946712,27,48
71597,622710,121985,990132,48,27
636754,850449,49004,518091,13,10
61852,927113,2362,954669,45,43
139751,459476,73181,975514,47,15
519539,902464,178481,910051,39,19
725343,993069,115207,280481,3,13
548876,759331,479060,744294,16,10
83268,947350,175572,848500,34,43
69555,960282,293652,559412,11,44
302186,736949,134207,662568,20,21
51163,537223,184797,676856,21,24
391316,444001,95124,995186,49,2
589147,990527,10614,396873,7,20
468831,998638,25057,984447,48,26
25405,858076,18601,709558,25,41
242597,997103,30663,936303,43,37
217936,795468,10923,991447,49,28
138144,541282,61737,557176,15,20
165343,817048,385250,401736,0,32
27353,975558,813285,885815,6,47
92162,702560,165684,674383,21,30
203962,889201,472789,580863,5,34
61918,988174,309817,692851,19,46
63537,684807,741597,929350,15,31
323462,791016,74328,999959,49,23
3877,996329,879231,959239,7,49
93420,946251,2888,990243,49,42
439427,705725,611119,856520,18,13
113882,508673,585758,669776,5,19
1312,998239,85894,900604,40,49
10292,994432,443403,707060,15,49
257578,998968,53420,746379,27,37
178150,334677,392432,687009,15,7
167903,221756,106150,948993,44,2
794779,827995,230750,694083,21,1
230317,630507,5912,888804,39,20
21458,602433,334493,839579,29,29
510945,951236,66841,872075,37,22
264291,824121,85541,268943,3,27
718294,777382,59081,211609,2,2
94176,186875,118266,497173,11,4
323086,893306,289816,938353,39,28
524991,906706,144723,961385,45,19
133942,947028,435457,501704,3,40
94968,557135,746600,913792,13,23
298861,628012,73374,858380,36,16
17791,959448,368098,741424,20,47
528056,769340,30234,917315,42,12
22089,741157,257565,761943,25,35
225110,775953,122362,737250,26,27
301714,694080,208308,931718,41,19
397793,839699,191609,546200,13,22
573405,961639,148567,286015,2,19
132425,893252,438771,628727,10,38
6866,999678,22605,151025,1,49
744965,837904,90138,847848,35,4
116580,804106,5066,993553,49,34
329257,851123,300350,383239,2,26
4642,382901,418273,692422,15,18
283970,961776,313941,693067,19,33
180423,921262,283062,904976,36,37
249577,655627,69369,983263,48,20
112964,948394,307725,345978,1,41
315698,410297,17681,913441,41,4
113814,789119,266374,912322,38,33
144567,764512,418246,828782,25,30
257000,917645,446011,903879,30,33
140078,231088,42749,999085,49,4
55592,888232,435474,888412,29,41
577409,602683,124597,910234,40,1
52243,400073,257507,636062,16,17
41231,987340,125713,441181,8,47
387985,757238,203042,577886,14,18
4468,992180,160190,921707,41,49
393467,913165,554696,887190,23,25
310361,562700,665690,684649,1,12
215207,361087,426485,487938,2,7
76685,984046,249859,963269,43,45
161224,315385,277780,790080,27,7
437126,587579,231232,585923,14,7
147107,923033,29155,991466,49,38
28267,969190,20626,918237,42,47
24161,47738,67340,838772,34,1
174985,761681,14152,145982,1,29
313481,908521,42985,915155,41,29
505992,773362,869372,968142,9,13
239033,768579,27530,119186,0,26
276750,728724,167580,694910,22,22
484851,601003,195214,960869,44,5
28085,522934,30704,772392,29,24
203731,962163,11190,994258,49,37
32550,407987,286162,440472,5,18
773108,987232,13143,851632,36,10
241442,679938,442823,814688,23,21
666887,830721,59991,929108,42,8
100175,986205,381414,992880,42,44
272484,656905,485161,945158,32,19
800512,927350,661759,915088,20,6
182830,991516,452715,955298,35,40
232313,871569,36828,932166,43,31
96734,984008,307935,363071,1,44
634239,936338,745160,970692,19,15
237366,959243,8624,729688,26,36
136140,835034,152534,880115,37,34
102213,727962,60087,957724,45,31
464680,484591,385701,931540,35,0
387143,864225,470693,904893,29,23
101923,989211,332666,618553,13,44
29465,968275,137458,914567,40,46
374175,577717,885837,939764,4,10
72140,972359,159081,871291,36,45
31290,968304,47025,857758,36,46
1937,749272,242893,285640,1,37
199656,917707,474834,891266,28,35
117963,173138,157225,949086,43,2
385758,671715,704149,710162,0,14
209291,630909,25479,577306,16,21
3239,997914,60430,981512,47,49
198798,916933,57477,962738,46,35
290086,988936,421271,917144,33,34
92204,882492,91566,683711,22,39
75595,490547,415385,705905,16,20
211095,668297,320741,858849,31,22
55690,888010,66117,907886,40,41
174033,967774,182466,856492,34,39
59378,706738,719533,796096,5,32
77906,696451,276190,926798,39,30
1268,991772,76054,483724,11,49
314773,918155,48391,941563,44,30
304896,361439,226071,993050,46,2
420334,794804,295680,787103,26,18
183984,208992,30289,822827,33,1
521962,996102,58776,960598,45,23
260448,950687,15351,811148,32,34
9213,357634,31596,774456,29,17
58531,883303,29633,926451,42,41
411454,893746,385492,998279,42,24
121996,410589,257997,864976,34,14
311320,581393,185213,932216,41,13
37380,960349,194279,793688,29,46
154846,255570,366820,862771,30,5
139094,923123,333102,675938,17,39
283141,850224,38408,308182,4,28
398022,987176,568336,576445,0,29
30509,908647,52129,333711,5,43
514817,675071,358607,718560,19,8
4978,872116,341658,510584,7,43
481582,985009,160907,355170,4,25
45363,992643,63608,383700,7,47
161928,989589,25424,747715,27,41
22956,827655,135243,845512,34,40
4867,870822,487962,515237,1,43
92046,851995,443083,944232,34,37
26839,789588,35908,969213,46,38
47904,584987,57215,852400,36,26
188318,896530,473920,962296,35,35
28558,395588,184674,511227,11,18
50299,978874,412694,590314,8,46
29907,941548,562934,882498,23,45
421605,871267,41939,450858,10,22
157632,647283,576399,812221,16,24
20439,729377,316190,493355,7,35
72237,617595,261583,811632,29,27
62144,213305,179407,226737,0,7
3784,987659,447089,459485,0,49
589580,835076,19465,214562,2,12
280080,889242,163685,994712,48,30
60044,633033,27335,790708,31,28
223290,926618,98633,917447,41,35
30823,974614,325849,781269,25,47
107375,711739,352092,771582,23,30
237295,369201,50930,994651,49,6
240119,936274,41130,971921,47,34
6763,878022,37059,929162,43,43
622604,697625,538664,598042,3,3
94205,660298,638564,985406,28,28
356326,356582,106069,376251,6,0
44923,918785,102858,675104,22,43
715248,856753,340183,686100,17,7
976,747787,918609,944667,2,37
274020,622290,16640,415699,8,17
478929,658007,109847,915120,41,8
113427,401584,42253,771861,29,14
472724,591221,77725,536376,14,5
181028,752615,556046,988820,33,28
24538,995547,189251,994865,47,48
46405,925921,24922,863976,37,43
48876,429996,148367,771074,28,19
65630,902665,75385,890597,39,41
253832,807393,27360,968067,46,27
18430,939961,77804,461648,10,46
136077,229113,112151,192519,1,4
51369,694413,184870,732287,25,32
122574,844499,245328,826417,31,36
249387,945211,686858,851515,12,34
210746,553140,108279,869167,37,17
785630,975707,17407,106017,0,9
39419,847233,264225,993600,45,40
19854,411189,273560,545355,11,19
63817,997230,172362,809204,31,46
68082,854149,49995,653844,21,39
103541,830359,143461,854038,35,36
52466,687517,262961,946310,41,31
67394,433112,499209,827163,21,18
160624,800196,18653,884485,39,31
31720,699014,177497,920611,40,33
295580,957232,211833,854447,34,33
88140,785621,839433,866172,2,34
465263,575764,19038,851137,36,5
415566,929069,4510,997058,49,25
19590,929073,25818,52019,0,45
442792,590037,4014,979134,47,7
12817,704306,182510,757318,26,34
243036,995027,71263,488556,11,37
365764,995219,11074,994836,49,31
190445,862583,742922,983337,20,33
270776,470764,530175,913008,27,9
121883,997942,15326,990567,49,43
45101,926283,429489,887518,30,44
284805,661406,675387,744409,4,18
76267,845088,106650,582159,16,38
369537,639362,521037,861565,23,13
302408,560273,577004,961691,29,12
209191,788498,407316,627720,11,28
85,951141,228541,915598,39,47
35560,632692,198201,946249,42,29
329434,787819,25932,873735,38,22
651165,798395,15517,720718,25,7
136452,894855,11262,953177,45,37
42804,946506,204228,860739,34,45
78642,617399,127967,987422,47,26
103848,400227,198276,994957,47,14
189180,492563,43443,994756,49,15
10861,366767,169153,994768,48,17
92945,925416,622981,953958,26,41
103288,984637,5011,870568,37,44
202016,776088,236840,469371,8,28
524068,575227,374192,909432,34,2
424250,663330,482081,881278,27,11
14229,916216,93375,867734,37,45
239117,685619,54585,930987,43,22
220927,333730,623322,972016,27,5
579335,588013,246399,705305,21,0
295635,820787,177614,468947,9,26
2945,749637,401827,770508,21,37
481511,991771,111175,974482,46,25
60129,781709,64599,975699,47,36
28181,421164,598455,787051,13,19
387696,875039,447960,522357,3,24
30207,605650,509080,570114,3,28
14903,30139,141237,885344,38,0
101132,990831,87426,963963,46,44
496362,877061,330524,674063,17,19
316010,612294,103441,497059,11,14
53251,653276,79248,875588,37,30
789987,859768,130024,982382,47,3
215216,856252,259782,323955,1,32
487948,847856,66172,956720,45,17
33119,891757,35901,746310,27,42
406656,561572,28729,618207,19,7
452621,761163,151462,579790,15,15
45952,865600,505580,799107,19,40
174182,785214,589573,969037,29,30
483782,999381,256990,581351,13,25
246166,878236,578664,740442,10,31
71945,408914,11899,960664,46,16
101503,780093,363951,943925,37,33
305788,715392,659443,693114,2,20
250594,751060,549733,696629,9,25
292917,560638,80107,298740,4,13
580145,992057,22044,643073,20,20
137003,975928,353252,779452,24,41
596062,939767,159644,936719,42,17
304801,905081,265575,971706,43,30
202948,242416,310279,801043,27,1
266479,327637,53289,901578,40,3
286614,572962,108687,698441,23,14
125181,693108,162768,531902,12,28
379884,873474,340684,594170,11,24
679842,693979,760460,924250,13,0
309836,753325,328413,979940,42,22
51310,549032,81234,556693,15,24
428877,715116,777573,800945,1,14
75426,794323,14455,956445,45,35
261804,625759,114829,208470,1,18
164851,372902,75179,983210,48,10
56319,797323,626867,960496,26,37
210309,898565,195237,689443,21,34
852143,890128,28816,584923,17,1
60539,640922,732949,877853,11,29
86774,870116,393646,950953,37,39
385149,945850,159428,995682,48,28
40819,989765,778298,941381,14,47
455870,582591,187639,954290,43,6
118705,900712,140553,973484,46,39
142298,741276,402039,551841,7,29
8707,996102,103035,863455,36,49
3736,998540,632120,984243,28,49
88032,933537,70502,413328,8,42
88459,115575,575045,582056,0,1
213511,719633,49826,789101,30,25
616766,692534,149256,798482,30,3
3889,435998,45673,705093,24,21
86089,749145,118882,700731,23,33
319934,874265,147603,926001,41,27
36460,939700,78366,383390,7,45
117641,587608,709110,953551,20,23
148886,997014,224033,806748,29,42
387456,946184,350041,961634,40,27
279138,872883,558992,964005,30,29
121709,598707,118006,338893,5,23
26978,894861,3740,926959,42,43
425885,975858,38715,887983,39,27
215710,819899,435922,847477,26,30
62095,771893,620217,814005,13,35
616028,762519,53248,651858,21,7
102346,586948,168257,831425,33,24
279464,510019,110221,894608,39,11
32370,979035,52333,777283,30,47
9396,311600,110467,558189,14,15
290411,429643,148987,782589,29,6
131619,370475,113795,619725,18,11
2740,895578,95380,920756,41,44
233204,673059,318642,999874,44,21
49593,997178,233042,976790,44,47
12333,173796,301370,907941,36,8
36333,851356,416756,789398,22,40
4732,913365,165273,793979,30,45
29968,710547,399979,758899,20,34
41516,994270,384195,471460,3,47
507714,902659,306223,631587,15,19
498095,696743,132661,939686,43,9
551631,773840,177664,674770,21,11
190734,414571,296063,956145,41,11
607162,772631,121341,567265,15,8
35900,937754,655702,831122,13,45
10022,766288,90893,531845,13,37
102331,813718,289502,873656,33,35
162337,865163,19169,942116,44,35
674881,869868,365911,856784,29,9
603400,949289,362889,380373,0,17
156634,194754,26106,932102,43,1
356268,432930,345063,795791,25,3
935033,955682,61521,997526,49,1
12076,931522,333802,367560,1,45
13145,810670,89962,91565,0,39
17304,858114,138356,984396,47,42
53003,733645,245321,474892,8,34
757815,994145,72574,80111,0,11
338164,453011,68300,679704,22,5
444981,829544,102339,694076,23,19
5020,521154,308740,791171,26,25
49460,153410,196706,370951,4,5
409118,500637,212626,819975,31,4
732570,816321,84244,831789,34,4
48741,605142,164930,210209,0,27
75284,579259,16451,921985,42,25
335245,960706,303322,446282,5,31
331618,537575,200882,799367,29,10
474096,735341,248163,311341,1,13
340079,810743,21972,980170,48,23
212277,847361,102747,442415,9,31
12385,966157,368296,905046,34,47
315291,578299,61630,936810,43,13
169512,408634,188742,843084,33,11
87957,932196,127546,937923,43,42
723849,868135,7562,993988,49,7
242076,635095,54009,112881,0,19
775137,863503,64149,680775,22,4
305950,521931,517587,964222,33,10
357070,431416,740455,922020,15,3
316603,430553,51630,726740,26,5
55576,970921,187337,650069,19,45
243928,885461,6256,732220,26,32
671751,779518,419356,501171,3,5
343854,386501,223899,835429,32,2
218642,981519,437567,978674,38,38
291633,881519,112923,963871,45,29
236282,411563,214632,767000,27,8
324274,556587,23215,872285,37,11
189157,816448,321683,936416,38,31
807283,982142,555368,981565,32,8
204426,961617,402237,814553,25,37
204339,845456,49977,508558,12,32
570768,973555,367975,726104,19,20
336848,935707,17025,967819,46,29
81055,824362,32570,539443,14,37
84243,511162,22093,979030,47,21
619071,657757,121780,557408,14,1
22656,801996,418158,535476,5,38
218983,471978,164575,949002,43,12
126583,137577,445778,744178,17,0
152221,463265,604438,795215,13,15
286404,810792,424325,981264,39,26
702279,898584,28330,547902,14,9
758216,971206,118648,413304,7,10
4994,976416,631632,779837,10,48
38439,849811,714941,787027,5,40
103240,713781,290741,925489,38,30
688672,921168,325231,414567,3,11
295715,973439,14834,790217,31,33
238828,629503,273761,660529,18,19
280976,299376,163716,418595,7,0
41105,216477,29406,998195,49,8
94469,749386,327372,824346,28,32
204573,437466,768284,893687,10,11
881666,886496,43460,227877,2,0
500309,757189,13373,962521,46,12
666894,775468,154364,826521,32,5
17685,980473,65019,997182,49,48
102258,406503,155812,771078,28,15
597714,869578,105900,518631,12,13
194532,741796,410030,963035,37,27
9966,157922,332595,933609,38,7
80112,277730,4115,567362,16,9
4384,947032,66307,620390,18,47
286293,828816,120177,215554,1,27
40009,58836,171604,198790,0,0
20891,825516,53133,891629,39,40
350897,911088,191959,580226,14,28
23207,928890,680060,893071,16,45
245254,319280,176692,431335,7,3
396309,984788,18712,307053,4,29
102602,437728,382276,783236,23,16
558093,999549,2966,962248,46,22
22185,524161,61619,840186,35,25
240823,856046,130595,469180,10,30
25849,786763,148944,933762,42,38
250326,829235,315546,741234,22,28
4745,63236,64468,989458,48,2
41205,779276,278995,859349,33,36
295043,979649,131678,338138,4,34
612685,802062,52806,636185,20,9
2009,295388,276148,808998,28,14
58507,551632,390857,439770,2,24
54184,478589,39775,888189,39,21
40337,987537,275438,309484,0,47
108090,786276,419770,907877,32,33
12666,915525,32865,233954,2,45
512666,966239,781410,973132,16,22
346712,966218,359108,763755,22,30
804313,927988,18118,755493,28,6
267366,718614,295360,902287,36,22
210735,407810,192451,446908,8,9
326057,776051,237385,643098,17,22
343120,681611,611406,771319,11,16
193197,330971,72093,883111,38,6
134811,915747,192962,989411,47,39
544403,800340,233650,933594,40,12
202500,910140,140554,888698,38,35
67545,821458,9194,401448,8,37
301565,526483,686576,834045,11,11
818,966380,279360,302823,0,48
163882,994457,319390,926462,37,41
323763,503850,23545,691738,23,9
31957,597979,192059,304687,2,28
62357,493860,371747,575201,9,21
243833,380718,287775,674493,18,6
146902,176234,104852,866329,36,1
99106,653587,37090,828150,34,27
3643,984633,46831,617981,18,49
561886,985833,117469,429222,8,21
423312,710240,279664,491232,8,14
257131,801135,158011,557403,14,27
304334,604062,73569,934155,43,14
67914,798333,102119,646448,20,36
646924,831780,184253,959700,44,9
148415,872736,25929,179263,1,36
155909,862229,26457,653763,21,35
216408,277414,336986,692913,18,3
521821,782750,169802,431507,7,13
348108,970767,242745,976660,44,31
908335,967378,42288,355818,6,2
4303,596494,414104,923633,34,29
46023,679634,670976,912108,19,31
791939,990110,35088,625538,19,9
12217,975312,441546,593800,7,48
928694,934651,17410,677327,22,0
255512,735774,36831,936838,43,24
135007,966942,327355,677118,17,41
480800,879410,52942,992231,49,19
328628,807536,228762,936004,41,23
283440,629834,397409,424084,1,17
714841,788934,71905,697152,23,3
485919,661566,36604,881927,38,8
477097,929315,196368,998332,47,22
15333,968187,359763,622976,12,47
212341,928427,195539,749281,26,35
197481,556027,38742,964930,46,17
304619,869425,30721,977702,47,28
170424,816050,352011,698397,18,32
435236,641689,382844,454931,3,10
67182,946668,335616,764054,23,43
29102,416056,199632,853435,34,19
597892,859550,84569,569194,15,13
151407,468336,1362,282000,3,15
7754,999305,164578,793915,30,49
264507,383259,1447,997665,49,5
641099,996520,316770,964819,41,17
339223,445588,28587,876431,38,5
12338,133321,341806,790335,25,6
399404,963401,20104,936265,43,28
330641,849605,910586,985865,7,25
10818,97139,63014,659962,21,4
24735,920988,35110,686246,23,44
84463,869674,252210,779243,27,39
373742,784479,603224,785111,12,20
656558,832277,104321,948369,44,8
96066,938803,617135,794303,12,42
282864,996894,26298,864589,37,35
59386,595487,432552,686321,14,26
5983,999821,106216,832058,34,49
159389,962677,28246,991803,49,40
29605,924849,184860,680349,21,44
16299,930178,178570,685576,21,45
3547,633249,64319,976405,47,31
204583,823726,236736,819455,30,30
83682,944004,604427,839765,16,43
543773,632238,58932,859539,36,4
259129,923491,448101,645805,10,33
468468,681158,78161,980186,47,10
441452,625934,45888,517674,13,9
88689,811448,34034,998056,49,36
433609,964813,196744,845300,33,26
372205,922739,137874,927991,42,27
8211,680161,423260,832245,25,33
95036,831293,8966,302244,4,36
27572,715392,370541,586097,10,34
2519,662351,49192,983425,48,32
145716,347541,5612,994915,49,10
247855,811354,3120,729831,26,28
204739,807123,1655,994636,49,30
250077,986965,546513,859228,21,36
28602,474360,307733,746246,23,22
793859,936438,305053,952877,40,7
117311,773060,98669,969682,46,32
701482,925919,247433,465583,7,11
214091,254497,604369,801291,13,2
97132,939247,265590,804369,28,42
52720,904926,35407,725289,26,42
239566,639318,663356,806151,10,19
189920,847706,643329,920145,21,32
100693,857450,614956,796978,12,37
244257,362384,18797,957572,45,5
337976,668104,261190,813146,29,16
560462,805011,22277,314898,4,12
320450,615857,35994,563405,15,14
162067,905489,28063,810360,32,37
404491,501733,226648,334130,2,4
259122,276558,252176,832673,31,0
411368,803618,540691,645139,6,19
69841,935825,9906,903785,40,43
263470,937280,389365,585440,9,33
10338,982462,421680,693392,15,48
530855,971250,749260,995681,21,22
16466,755421,84134,587286,16,36
866646,956666,43847,937846,43,4
96807,777547,613961,832092,15,34
457366,466973,208666,941406,42,0
111392,508484,26179,201022,1,19
143260,938720,155729,999613,48,39
139125,755813,36475,298664,4,30
215665,354440,16613,579518,16,6
152812,432990,89651,275359,3,14
651307,719810,72857,854591,36,3
29188,759444,590822,773293,12,36
48659,570167,7173,392360,7,26
6366,947495,96544,910317,40,47
1167,622469,629705,948582,25,31
313428,832032,2232,985072,48,25
125521,797899,446237,727977,16,33
3459,990018,264383,452401,6,49
29858,197653,356562,552044,8,8
2992,977420,169810,911066,40,48
85208,286721,8298,910449,41,10
55881,651412,328379,409344,2,29
101074,905536,206815,666801,20,40
720728,868596,74317,339812,5,7
386720,909652,634590,801043,11,26
18101,998206,256383,557740,12,49
576999,910787,284992,445926,5,16
428001,946080,633729,826857,14,25
213669,951369,209539,773598,27,36
344128,866727,763037,832581,5,26
65784,971382,87266,953597,45,45
28971,669373,70046,897733,40,32
84711,941986,272010,842746,31,42
54357,884093,81360,231682,2,41
282273,967965,134802,310726,3,34
581288,789866,799793,978111,15,10
177776,295287,184422,383059,5,5
325738,434887,171723,923208,41,5
202670,873602,179681,234863,1,33
18709,949138,220862,857374,34,46
41710,934174,892941,988326,8,44
386620,780526,108083,803088,31,19
389576,870649,350659,456419,4,24
134791,820099,8065,942036,44,34
347473,863711,376683,733502,19,25
525494,887537,142724,691513,22,18
11358,996216,580473,853109,19,49
201011,359971,82494,843330,35,7
315207,640862,118249,647593,20,16
313255,606539,642149,861930,16,14
273724,999432,48396,856739,36,36
150173,840266,27437,914783,41,34
22600,947475,273466,628925,16,46
412083,835170,1923,997927,49,21
257279,672790,200046,925371,40,20
37484,753516,291700,847178,31,35
683080,788083,916455,993544,7,5
167572,988673,236793,418080,5,41
383541,631867,144606,708738,24,12
68113,421289,240204,566571,13,17
506138,833024,722776,954802,19,16
2818,997221,60143,992935,49,49
52984,944693,727560,970549,20,44
632223,945159,15841,692566,23,15
325961,871446,5979,992574,49,27
25607,369866,56722,972203,47,17
79805,784155,5142,451338,10,35
46995,804523,302812,898697,35,37
559371,882404,350047,976297,41,16
384798,794712,725475,782551,4,20
222478,865339,267591,338564,2,32
780019,787393,24461,967129,46,0
33132,909392,270694,373809,3,43
10861,974184,317206,909357,36,48
750541,807895,8809,952506,45,2
40974,943309,1823,968656,46,45
9765,553923,31921,701443,24,27
476020,604927,38976,596964,17,6
683595,744110,933648,947856,1,3
142893,552935,315948,894608,35,20
18977,943734,627646,954837,25,46
107628,166804,569621,875053,22,2
22191,984659,137150,661660,20,48
12326,851443,347916,902285,34,41
109554,368437,201710,999397,47,12
141036,678031,5764,957357,45,26
31273,995114,99484,917049,41,48
342976,609779,132470,971434,46,13
523598,664492,511804,645148,7,7
12272,911744,751721,960119,17,44
99824,798550,527979,918265,28,34
740385,823888,184749,984254,46,4
193882,959497,407270,960912,37,38
316488,816663,73363,872876,37,25
405861,629245,192769,878936,36,11
119527,487506,51536,783621,30,18
52699,696984,46152,701773,24,32
563556,877016,198598,977527,45,15
12619,643080,164498,536584,12,31
24907,591924,83328,471711,10,28
63700,190009,302464,985590,44,6
48217,355847,153297,719711,24,15
543563,998426,581127,852888,19,22
204430,291094,892764,961825,6,4
164599,681823,464951,763459,18,25
6951,560113,97038,319689,4,27
243506,635468,465376,879873,27,19
154545,198112,294627,775748,25,2
588168,715934,60629,662818,21,6
617842,973493,316379,742766,22,17
114250,567924,357486,645541,14,22
122103,663843,62204,885698,38,27
574662,841954,628658,959574,26,13
20960,489088,142060,985259,47,23
153702,922617,287965,930194,39,38
113032,748058,137816,493271,11,31
9967,747863,95022,262037,2,36
126000,130364,806685,861187,4,0
311800,613804,47303,432585,9,15
54641,994862,35425,619113,19,47
150708,410379,202679,971319,45,12
50528,99790,342701,727136,20,2
11748,979402,5519,761706,28,48
735865,800308,211103,531130,11,3
300512,774769,293042,465591,6,23
87517,963073,562045,856318,20,43
391952,721503,321981,511271,7,16
293631,508558,289348,604985,14,10
348902,836783,757065,828601,5,24
237924,709864,371925,954155,38,23
112627,228552,659754,814560,11,5
192061,963248,218810,973969,45,38
326520,343664,154089,479320,10,0
949408,986940,451630,723277,15,1
420657,631732,190786,918901,40,10
399368,570609,143019,829275,33,8
275494,469318,319981,884695,34,9
255279,514679,14584,791205,31,12
56025,973238,66293,705093,24,45
629848,714116,864114,944577,7,4
512489,791967,156498,558963,14,13
127887,653521,435091,779556,20,26
229115,275608,254549,601316,14,2
932374,980489,545593,664664,7,2
103410,328076,756320,914454,13,11
10724,391116,315798,955394,40,19
320107,745008,10136,981473,48,21
43242,409429,448218,668201,12,18
41545,791347,273012,531949,10,37
807434,855852,188079,690238,21,2
12832,167334,167133,437929,8,7
263135,882782,727774,832166,8,30
182993,304487,188839,335106,3,6
356677,481889,361434,828718,27,6
640985,716996,177694,962811,44,3
97400,890549,311489,913839,36,39
39950,984615,65900,969368,46,47
80253,158777,472799,993295,38,3
355222,903879,396438,937183,36,27
239264,900426,9052,508815,12,33
623699,698676,42041,310318,4,3
50897,424344,235602,956219,42,18
93569,329277,43200,989471,48,11
142421,911920,297929,906153,36,38
172980,961082,800369,898485,8,39
152883,623477,448322,722787,16,23
30538,955173,559439,865873,21,46
941901,976300,130997,892319,38,1
213075,342469,241594,878830,35,6
223734,727345,16485,949294,45,25
743733,800642,179843,988871,47,2
48262,849686,29507,739669,27,40
416156,900547,40840,715460,25,24
365670,525977,414122,684084,14,8
165930,988618,282824,645373,16,41
146984,225784,3577,653053,21,3
261,999712,804382,983187,16,49
266344,306345,65020,743566,27,2
51103,199846,180688,260294,1,7
92951,676128,179477,959232,44,29
327504,684851,11977,936067,43,17
248770,305682,317405,791486,26,2
181372,827656,301281,851565,31,32
212017,640306,24864,626630,19,21
6229,888974,378610,773999,22,44
403936,900640,46471,548777,14,24
165683,719627,213546,649162,18,27
526474,955276,33788,969474,46,21
323527,370315,278628,948591,41,2
303062,862809,70955,576151,16,27
297359,812655,88949,900426,40,25
680090,801540,208406,379082,4,6
208113,996747,144921,827259,33,39
78075,918895,277269,924607,38,42
401567,860081,245922,457450,7,22
600414,935296,250694,980537,44,16
66442,818253,35908,941654,44,37
59566,934714,100981,512101,12,43
63417,974843,520418,635480,6,45
242952,559472,106099,603407,17,15
271964,991751,705263,898633,15,35
18248,996159,43094,656629,21,48
130699,299103,625140,679497,3,8
271460,389978,20963,210603,2,5
187271,976352,121558,887254,38,39
40122,810106,670075,846290,13,38
110203,878375,305278,727458,21,38
804644,854074,202512,664726,19,2
39392,616758,103099,814397,32,28
655873,762265,42093,901719,40,5
293585,447956,424416,677166,13,7
103488,177772,506893,894304,27,3
83827,564429,656531,772475,8,24
162466,846750,169066,478574,9,34
318883,757824,67118,258976,3,21
95770,733704,41828,903973,40,31
22905,961783,79491,968415,46,46
71424,950288,416656,829483,25,43
272287,779016,224633,839582,32,25
19821,543572,680866,976507,24,26
2636,988842,30328,658798,21,49
166582,706922,417024,730747,17,27
258835,947779,626495,880876,19,34
694556,964275,121745,686282,22,13
608990,787399,129060,904637,40,8
176270,577700,199485,858560,34,20
205267,991597,117607,896597,39,39
221034,784583,39427,747594,27,28
316172,810665,188622,465304,9,24
294058,658903,364915,515095,6,18
60972,865102,321704,994885,44,40
15953,436332,138711,673768,21,21
225522,796889,12497,967687,46,28
258343,476474,211244,783552,28,10
492740,649120,236286,770284,26,7
509265,723550,77373,958700,45,10
441938,990561,23919,641382,20,27
368878,993189,481652,622128,7,31
317287,973868,229980,672770,19,32
61088,934806,105424,366419,6,43
110644,993229,148060,760500,27,44
482595,572883,131400,439347,8,4
20503,804749,20468,847623,35,39
41419,331339,230049,955382,42,14
94345,628206,376154,975027,40,26
106373,746830,422491,919659,33,32
106387,321702,101782,753251,27,10
190525,986786,298446,617622,14,39
31661,817906,336232,866449,31,39
277669,885924,138202,823958,32,30
79184,912794,474386,773899,18,41
12376,980518,212523,853350,34,48
9422,902629,128653,637075,19,44
283236,937882,102052,886181,38,32
191897,595017,139891,742211,26,20
35393,857259,652747,938022,22,41
421960,863565,209540,833783,32,22
605068,920116,8637,964074,46,15
99939,834039,187899,418433,6,36
234323,859711,39914,417510,8,31
727720,871088,449450,802202,22,7
34957,965512,637157,680835,2,46
664448,674767,828124,960376,11,0
79710,576418,430307,463147,1,24
378501,630012,650786,989104,27,12
53177,989554,149529,622727,18,46
15349,582408,207646,427709,6,28
45066,969446,335377,417977,3,46
739932,908739,135638,895251,39,8
48280,188884,226988,946435,42,7
2579,807428,706830,794243,6,40
404432,740213,58296,516454,13,16
519261,541058,446473,995261,39,1
5741,32443,288418,856769,32,1
314490,565327,80520,915207,41,12
183817,810467,169551,849941,34,31
82139,985383,569964,992445,33,45
223,999179,44653,943587,44,49
423541,919636,183257,892061,38,24
114214,648882,206944,809811,30,26
92098,927361,872869,981994,10,41
7409,990121,268761,903354,37,49
180199,636085,11719,443782,9,22
20258,993293,24182,870259,37,48
26377,647218,19882,839267,35,31
52845,472543,123586,698045,23,20
166752,739602,20972,684486,23,28
151157,941752,96768,557862,15,39
19531,538669,184562,287304,2,25
112149,971141,81259,408890,7,42
516964,779304,35000,814539,33,13
319206,675732,291058,408516,4,17
71179,858777,839479,896405,4,39
525143,705608,364829,915089,35,9
527387,817866,519667,830080,20,14
90522,853267,56391,639102,20,38
77864,845621,816331,836769,1,38
654612,851583,272902,728934,22,9
7091,238701,363944,833615,28,11
498601,562533,296575,858483,32,3
604983,779271,314984,581593,11,8
259102,612675,178001,379171,5,17
317139,948572,461073,532251,3,31
316658,821567,244549,687047,20,25
865044,941052,151652,721724,24,3
40970,289189,245468,695877,21,12
477418,996291,78519,934822,43,25
100200,976633,547219,585084,2,43
117853,803920,44297,924923,42,34
133014,865731,593806,910779,23,36
126068,210448,7652,987169,48,4
77695,999381,114959,793800,30,46
4777,876597,474115,554686,4,43
762657,849753,115314,873705,37,4
283203,983372,390950,922208,34,35
177981,375814,14292,964153,46,9
20567,328587,335339,967451,41,15
212677,701948,132148,879368,37,24
596487,669816,39690,576777,16,3
105690,810692,625197,923889,23,35
727198,877126,126842,990067,48,7
1294,273699,55427,941520,44,13
387808,962845,18777,913586,41,28
137928,328380,505197,576213,3,9
194840,666696,722683,763425,3,23
279128,729853,150819,964805,45,22
142619,965298,825328,865734,3,41
96837,529352,482001,614942,7,21
25631,282979,31233,985447,48,12
316629,780559,703358,933051,18,23
13680,730748,623839,939051,24,35
24157,998033,19328,877656,38,48
79106,707176,62736,752540,28,31
27803,933194,675183,992753,26,45
141370,733103,21082,671803,22,29
156618,668106,96501,674784,22,25
175700,967533,61989,908214,41,39
462196,641363,142245,962939,45,8
269098,976785,50014,929842,43,35
232780,603548,202927,741651,25,18
379493,914071,132466,677491,22,26
259209,464691,132350,836568,34,10
519519,814564,51744,342985,5,14
539338,811780,106686,983844,47,13
370270,599181,130141,584975,16,11
14566,650710,76396,859788,36,31
34357,356753,927036,979134,4,16
10723,742131,2126,985934,48,36
77640,837439,426765,993968,40,37
308968,386650,215230,306547,2,3
165808,963559,738277,768647,2,39
114171,118859,667137,983017,26,0
26466,983679,203438,898938,38,47
165125,806579,176861,873431,36,32
416984,658227,403583,617285,10,12
44623,836122,258011,962427,42,39
248086,878539,48216,685053,23,31
172126,910706,127536,300781,3,36
174956,814584,6246,532691,14,31
69272,937680,694994,837688,10,43
289221,297896,398857,844018,27,0
39963,996468,142453,582113,15,47
240058,445520,223804,708534,22,10
18752,954367,803627,894009,7,46
91015,974761,17457,954973,45,44
121000,942802,1334,969611,46,41
349615,743365,29665,975220,47,19
841748,891997,687516,757981,5,2
80112,816530,57190,964550,46,36
76469,696987,636413,948930,24,31
84701,870159,422670,743034,18,39
16869,795060,129379,714603,24,38
317433,724679,35945,941230,44,20
129273,383447,28695,891916,39,12
44474,886300,16728,963195,46,42
39344,974062,204785,734213,24,46
69291,635075,95614,644801,20,28
105515,256414,329531,947458,39,7
52592,768620,251246,958015,42,35
250933,591682,228536,851217,33,17
114820,732132,79323,450367,9,30
132867,893461,366978,838590,28,38
355948,925194,53792,950580,45,28
6930,861573,680532,751668,5,42
64194,964595,433965,668252,12,45
6011,903671,413358,686622,15,44
503489,902460,261022,885215,35,19
182931,422757,275678,914436,38,11
296095,748763,82572,949399,44,22
869,999976,15653,963560,46,49
185422,267018,144325,952619,44,4
134384,964209,320152,901438,35,41
157274,458546,293728,677743,18,15
329372,988943,165900,392305,6,32
133695,258830,23402,871771,37,6
48384,761992,446317,924365,32,35
77785,910649,66316,957116,45,41
477725,510135,209311,568418,13,1
852757,962563,64805,936947,43,5
167273,748355,348465,799082,25,29
621666,663950,329893,364905,1,2
112613,173348,466603,950791,34,3
182876,723103,32649,812175,32,27
47799,53243,742968,922954,15,0
69671,850991,126132,957813,45,39
686483,914555,35113,813292,32,11
144354,340927,2212,979838,48,9
1289,997131,163519,730947,25,49
32642,989017,139011,486205,10,47
507554,843012,51922,980518,47,16
81038,660276,596744,789515,13,28
631026,903081,496811,897964,27,13
54139,991421,720255,866104,11,46
174080,663285,247021,829287,31,24
682749,894931,180746,898977,38,10
427099,800962,430029,612725,9,18
6241,988223,230159,563188,13,49
38916,973030,248581,915606,38,46
599125,737995,583852,778086,13,6
335324,919758,146717,651396,20,29
28304,491333,147835,497753,11,23
108773,565517,92868,827915,33,22
525586,881767,55947,640429,20,17
415609,612017,34454,879969,38,9
94917,153326,555694,734916,11,2
215812,398845,123628,397764,7,9
155347,952590,407805,708957,16,39
234593,371824,21643,633575,19,6
245716,408908,811743,879481,5,8
46751,362060,51771,488630,11,15
311272,815196,675477,832211,11,25
530719,987316,276722,939923,40,22
75462,471272,18350,388641,7,19
206553,679756,399531,980697,40,23
309359,961264,60732,958882,45,32
323165,781315,320031,792941,26,22
737368,838129,26826,524412,13,5
827907,850861,555167,735701,11,1
2524,989581,283106,934224,39,49
74300,952349,78608,828079,33,43
44605,819613,301672,638538,15,38
529012,572051,735820,848773,8,2
3458,991054,118652,287200,3,49
41077,323102,263351,937719,40,14
36053,944515,116240,978144,47,45
153678,941263,401138,990114,40,39
119007,769596,77373,930432,42,32
3551,979331,132501,287468,3,48
14112,967877,263882,404713,4,47
120531,450683,537367,843384,21,16
450645,985934,507260,778558,17,26
565645,779166,727866,870500,11,10
331991,934781,747684,899223,12,30
136976,655995,795881,837608,3,25
10049,999240,162456,700978,23,49
255959,303927,460855,880647,28,2
28638,166252,509150,891034,26,6
210415,940277,7309,382797,7,36
2580,122767,178891,851002,34,6
660747,965330,11507,986028,48,15
51316,509244,878546,925852,4,22
331443,847602,561276,926607,27,25
48057,925082,179613,986919,47,43
177476,836238,18742,674903,22,32
63202,778887,467088,569870,5,35
493204,971554,605139,825893,15,23
208399,332693,21231,822244,33,6
44297,993954,624082,937849,24,47
47509,925445,80530,969952,46,43
265691,949468,58342,875129,38,34
138667,951619,54863,985631,48,40
786044,807063,73622,866829,37,1
289462,806749,413721,620036,10,25
3871,779025,69390,393900,7,38
337590,751761,93420,913728,41,20
230201,990533,348522,498372,6,38
674570,920450,40967,804336,32,12
129458,975684,417232,964649,37,42
97772,509062,308292,474358,6,20
101386,673998,287473,620612,15,28
102657,421177,97991,945261,44,15
132387,871151,187488,551084,13,36
330703,527795,58694,344070,5,9
519688,951112,17071,929183,43,21
177610,925905,224686,703860,22,37
260607,899547,191767,828140,32,31
28495,523711,13101,949022,45,24
323497,584721,154080,842665,34,13
634256,665701,142916,432821,8,1
152332,316399,204065,956619,43,8
437515,558200,546173,973786,32,6
45845,707368,19087,922556,42,33
290763,725083,110769,307272,4,21
275244,492606,141216,365731,5,10
43220,708404,613726,906434,22,33
43477,413437,428162,623962,10,18
3062,998407,89458,803167,31,49
453941,884703,57922,959907,45,21
70484,133382,423646,925540,33,3
354614,939254,18145,931893,43,29
670754,972666,77151,842563,35,15
600472,757353,127894,949483,44,7
379094,423324,141530,883097,37,2
23262,416535,270364,680025,19,19
548095,972192,24522,843053,35,21
209198,509654,894373,943136,4,15
754573,778341,174143,391432,6,1
5159,728489,113516,546213,14,36
500228,574762,69617,940621,43,3
407911,688660,15610,865699,37,14
83342,916109,2825,552879,15,41
39018,717037,260671,669361,18,33
114069,802434,22297,889167,39,34
16984,785502,165966,822732,32,38
225271,797661,276915,686592,19,28
123250,956798,458457,580654,6,41
200708,836536,254687,388864,4,31
139262,672139,28397,933757,43,26
79574,999528,286578,541931,10,45
281669,805400,278336,909599,37,26
202300,928638,26169,829950,34,36
376658,476421,88845,808987,32,4
356505,673762,32618,501713,12,15
325808,980484,137306,939070,43,32
521182,900004,150015,614282,17,18
29875,910029,55167,831067,34,44
264005,949871,204975,552487,13,34
499233,550517,352205,462668,4,2
444031,799011,25208,890816,39,17
192341,575322,61110,877348,38,19
702254,733706,386700,853434,28,1
67412,937823,8993,985930,48,43
475185,644833,183133,527786,12,8
31088,961910,103501,653524,20,46
484892,615189,482783,934027,31,6
346931,375126,320718,962872,41,1
37050,581753,39225,620746,19,27
49373,866365,175922,753699,26,40
440156,510459,766523,994265,20,3
39916,850086,228556,841840,32,40
153280,189054,207814,748753,25,1
276918,884939,559908,840817,19,30
151411,884927,117402,620777,18,36
147138,393125,59939,785426,30,12
578129,713005,221858,879091,36,6
778,963094,11559,935473,43,48
681781,946828,174672,897446,38,13
59869,898040,126906,979243,47,41
43548,969192,33347,985593,48,46
540894,860326,213707,743588,25,15
88323,427702,113140,823353,33,16
249002,638103,140530,933746,42,19
35855,227619,563435,830481,18,9
536363,663746,379228,578563,9,6
127796,878000,490095,761206,16,37
85120,163607,685308,904070,17,3
272282,850940,349991,553887,9,28
583672,988420,715722,849865,10,20
395457,836481,176525,452577,8,22
415,749929,55983,602981,17,37
229329,687395,265133,700272,20,22
289871,899344,41903,903694,40,30
728,994890,253763,789366,27,49
365591,947041,447106,871143,27,29
1351,960438,9802,679880,23,47
624922,667711,331206,882037,33,2
244098,846361,273861,641406,16,30
3675,998167,264678,533890,10,49
92699,972873,58620,973015,47,44
90301,570086,273511,675334,19,23
663771,992370,407523,601269,9,16
45144,994711,311856,647386,16,47
52744,612059,554889,899042,25,27
357273,758039,254559,966919,43,20
452016,695844,603103,935795,25,12
300148,761490,326958,872051,32,23
471475,817687,613543,994114,30,17
430422,845442,11900,858584,36,20
413719,846468,359657,516296,6,21
275053,941781,60468,936655,43,33
66098,856038,552472,667724,7,39
402294,724473,584764,939366,27,16
184382,992406,644347,704281,4,40
324846,670345,139625,908775,40,17
243044,899249,457940,961638,35,32
14527,987878,497448,583452,4,48
156143,860834,861789,910122,4,35
81066,991779,12566,942870,44,45
2367,957192,414430,906158,32,47
327557,848634,732452,978526,21,26
199288,810597,210512,856449,34,30
179298,807872,422944,796240,22,31
49912,98974,203812,712696,23,2
249516,569817,98970,765301,28,16
609293,722482,303696,882477,34,5
262119,927641,3796,968538,46,33
73593,748745,204556,752426,26,33
453914,958968,92146,980511,47,25
5796,390757,601894,898497,22,19
146168,348564,233827,874532,35,10
91352,805176,159173,652124,19,35
404899,417423,39885,326225,5,0
98155,736334,181949,602880,16,31
76618,997382,5659,839308,35,46
751153,979896,334390,749215,22,11
77702,923942,64927,941060,44,42
35015,591687,701956,830742,9,27
251555,978331,34267,887226,39,36
541706,828925,558488,989105,33,14
93589,998547,422827,988456,39,45
61763,772989,108156,861303,36,35
297585,959171,242774,452234,7,33
5580,976707,46827,918681,42,48
100733,807056,156593,601939,16,35
148599,893369,309515,871624,33,37
107683,404092,597201,690840,6,14
99461,113890,394705,908042,33,0
261140,774587,114083,670443,21,25
533514,746622,162790,468244,9,10
575091,873770,321787,543791,9,14
376887,475308,143229,760147,27,4
35324,920921,213899,848355,33,44
182176,958060,22029,712214,25,38
336009,571462,321606,758674,23,11
332009,866535,653183,800059,10,26
437045,996966,348170,661564,15,27
509483,878815,576485,951002,28,18
675273,834907,15412,643632,20,7
237392,803592,36891,721879,25,28
82235,869143,81307,790449,30,39
298362,832412,18494,962933,46,26
327004,885977,374432,629947,12,27
50606,978894,417895,690778,15,46
267101,605286,34888,897229,40,16
679236,928070,374533,930462,36,12
288414,369124,266766,419823,5,4
241181,741283,315653,886403,34,25
10609,688650,44758,845627,35,33
67295,286745,77133,874628,37,10
42221,918406,539901,847982,21,43
131487,843090,150317,530329,12,35
238641,604246,341238,935148,37,18
278269,827542,49998,680085,22,27
186524,863895,150396,772544,28,33
355683,449961,688938,999025,26,4
744018,938132,174364,748848,26,9
295107,673878,26793,967355,46,18
182266,826464,335938,568943,10,32
280567,952364,475406,842473,24,33
268455,680720,728684,800825,5,20
100569,792323,96111,850932,35,34
544658,904870,128722,830442,33,18
111392,176122,189594,501245,10,3
186043,962065,183826,701669,22,38
526395,722927,299770,964187,41,9
112403,858183,218095,439386,7,37
71490,913567,365933,590722,10,42
157843,667461,657811,737270,5,25
16831,821813,222895,890613,37,40
360472,408436,378727,712679,18,2
88400,519990,457939,676595,12,21
500830,537493,442281,764882,19,1
80210,973295,59119,947342,44,44
463961,586313,82699,704919,24,6
175775,924424,47954,967434,46,37
17531,994166,48757,989128,48,48
585440,702692,177846,610458,17,5
86802,845726,26968,882643,38,37
98431,953326,285854,892286,35,42
61897,297578,92729,980442,47,11
133203,400874,414698,937540,35,13
119300,929967,376589,974190,40,40
451945,961432,187220,844422,33,25
177299,533087,55178,874190,38,17
294121,648967,157265,850047,34,17
226260,644732,179210,480559,9,20
208584,743921,441100,761556,19,26
623024,805814,615249,835223,15,9
23831,963370,9611,975858,47,46
312044,773369,224599,963406,43,23
135093,925513,409805,758127,20,39
272528,630386,185179,616072,17,17
438598,909988,289081,780112,26,23
123011,674849,76115,746383,27,27
171639,669281,47298,728652,26,24
485116,699623,365764,987504,42,10
359404,828325,116700,676777,22,23
549900,906937,196448,868694,35,17
108625,372002,600390,702282,6,13
188605,955884,418579,848417,27,38
691046,746003,54506,897096,40,2
522308,856427,437310,638668,10,16
130545,492282,200847,644103,18,18
287694,974605,722384,897257,14,34
9094,969712,715209,883101,13,48
109534,996729,29065,717733,25,44
380538,863967,39957,587378,17,24
219411,461093,357626,687809,17,12
380495,792545,25543,964745,46,20
162509,415489,469324,596271,6,12
90730,323946,346240,857597,30,11
474489,543045,45563,848798,35,3
225690,541724,490060,602813,6,15
141581,531523,452574,853779,26,19
14507,954909,485686,978677,36,47
800678,930175,433867,694737,14,6
494946,998620,158127,929339,41,25
119248,708850,544676,708136,10,29
132262,954027,37377,911799,41,41
111814,735467,98281,866750,37,31
56543,703820,172322,964095,44,32
650814,895312,170741,745588,26,12
254587,838952,331536,496528,6,29
162158,357344,229703,736837,24,9
269833,523609,568031,742809,11,12
46979,882088,408155,968060,38,41
706790,951706,458115,984958,38,12
328514,457777,18991,971481,47,6
203171,421102,36964,943253,44,10
112613,875256,63734,691784,23,38
582095,931675,499082,689486,11,17
1950,912530,268037,939568,40,45
6045,980975,415935,651085,12,48
10865,993137,361869,654622,14,49
323461,387418,711672,977829,22,3
9503,785703,377236,927793,35,38
155948,745808,267290,918517,38,29
494801,579665,151657,736914,25,4
218959,387574,170966,707150,23,8
723266,837473,62283,715674,25,5
285033,558375,53732,480229,11,13
389908,506079,609888,705535,6,5
710687,795360,510356,802913,19,4
124838,910517,306861,568815,11,39
661523,977163,272036,831747,30,15
21023,353730,48282,350814,6,16
18511,991916,53338,812442,32,48
491825,912143,276052,896203,36,21
100526,896504,373059,622722,12,39
130648,300241,17060,782604,30,8
70512,922663,99585,443429,9,42
5592,947099,87859,841916,35,47
57131,107372,71407,876840,38,2
661619,732627,269336,562526,12,3
2350,976951,887774,961242,6,48
69093,555979,163767,550993,13,24
62397,794822,448672,881232,28,36
141003,999318,502863,623992,6,42
190369,722442,175299,894203,38,26
556048,571374,578433,849506,19,0
394889,710895,320721,893623,34,15
227189,810217,271826,903384,37,29
395274,867812,203566,714755,23,23
480847,908058,198544,829137,32,21
564940,899334,835878,974757,12,16
245382,691460,235612,811084,30,22
507123,992324,567754,899598,24,24
578251,848758,5655,795144,31,13
58217,959876,12540,794306,31,45
126496,946747,83885,531580,13,41
55633,786747,314417,552067,10,36
51631,954345,56891,911820,41,45
8637,785308,91357,440098,9,38
76526,924526,309588,605078,13,42
75545,901974,99308,801096,31,41
546818,840701,162600,905939,39,14
4959,775120,68783,594129,17,38
200063,347145,31102,828382,34,7
113248,907486,302459,781281,25,39
137027,967993,380100,887692,32,41
52211,339835,271046,920336,38,14
378133,868774,236917,509065,10,24
133968,956955,11068,757668,28,41
445408,741001,272518,728021,22,14
20072,466008,397697,968852,39,22
230783,584292,314205,850911,31,17
48735,950823,324445,906650,35,45
36584,656448,270395,544410,11,30
194601,570697,365349,917728,35,18
90078,278444,16434,800125,31,9
27867,988185,143305,791655,30,48
409004,905246,90015,754362,27,24
88416,960432,135089,786906,30,43
155509,836559,57848,856857,36,34
65609,844506,68517,900854,40,38
118165,209315,370978,789805,24,4
380794,974304,197353,836971,33,29
140060,385795,69749,835436,34,12
26413,904466,43097,790287,31,43
248484,834284,632355,814059,13,29
490691,654777,514305,779598,17,8
170770,766249,448814,957938,35,29
430420,460598,62172,976468,47,1
121779,952085,27990,391560,7,41
455448,947788,253473,796966,28,24
192490,712529,181055,930965,41,26
410917,766714,306293,776749,25,17
665906,803578,38103,670847,22,6
16390,818179,525821,703804,10,40
51467,722344,434143,646505,11,33
55929,870367,52817,979129,47,40
95650,818438,326033,781629,25,36
666327,833969,567390,977101,31,8
249076,496534,109915,532511,13,12
341649,687062,230350,967823,44,17
107599,516939,688559,840538,11,20
739266,964628,29690,847444,35,11
170490,954565,53035,943234,44,39
203069,327750,392097,979277,40,6
290258,592177,150270,692244,22,15
45062,958931,230588,750474,25,45
844468,929619,382849,714809,18,4
67611,734995,296136,959809,41,33
183720,890524,139215,905841,40,35
167990,994621,59402,538569,14,41
99404,799199,566289,970502,31,34
567865,828122,142930,480294,10,13
268367,704373,640911,923207,22,21
221693,241293,43066,718226,25,0
35536,519655,122500,895695,39,24
9450,990447,558673,898932,24,49
39875,478925,364991,813904,26,21
241972,666915,119263,916940,41,21
270955,508702,70173,945503,44,11
3016,899017,258125,510194,9,44
322985,957576,551269,991456,33,31
108937,626978,33211,883198,38,25
77410,991692,123722,553009,14,45
429387,738974,452915,922588,32,15
177324,980572,184865,472050,9,40
394889,935361,216444,502356,10,27
611987,709945,134313,544540,13,4
23669,988424,151846,685147,22,48
23928,875855,656171,945834,23,42
217520,505979,113994,721823,25,14
4328,817496,591011,803721,14,40
68094,542734,169620,835772,33,23
429379,893395,66482,842808,35,23
320374,826144,82298,756714,28,25
664411,729855,175328,475943,9,3
234583,321591,4461,970151,47,4
423253,804799,23915,944202,44,19
432832,693115,12614,893657,39,13
407983,992022,7870,971935,47,29
620580,986666,175607,822842,32,18
1219,894077,652424,978495,26,44
281890,692391,195135,834761,32,20
25212,991213,227066,828223,31,48
523866,730900,193108,536455,12,10
181108,717920,425914,846332,26,26
219369,262359,226396,631225,17,2
243569,569134,23524,778259,30,16
721109,866654,609944,987838,30,7
182487,974920,353899,767622,23,39
190218,953776,23362,971598,47,38
58107,981842,79808,823100,33,46
717791,936239,163377,798523,30,10
491711,807350,208134,899494,38,15
423297,715778,54394,504594,12,14
188533,569094,237567,853968,33,19
534641,899492,215957,964150,44,18
341362,599176,653254,911864,20,12
239280,840339,605624,805981,14,30
152608,959802,276807,596190,13,40
722171,925637,526746,798898,18,10
27680,895028,22157,547089,14,43
64865,482615,201817,941867,42,20
11881,946978,23503,944051,44,46
5185,538626,392200,727067,18,26
156770,867003,400636,842426,27,35
70194,990443,15410,667734,22,46
3974,864747,317808,817952,28,43
53458,976819,301793,660229,17,46
163142,305678,185334,811222,31,7
118791,646535,223298,951725,42,26
24453,998881,238252,768568,26,48
35188,814236,12619,510162,12,38
314780,602960,626766,878626,18,14
10895,309548,238578,812292,30,14
60006,937183,363119,561013,9,43
133138,966645,70105,500109,12,41
57354,998127,98483,760729,28,47
225894,541871,2808,918848,42,15
578385,739995,863633,971842,9,8
163018,243327,45164,434572,9,4
42649,225699,65485,922655,42,9
410445,670149,296574,870545,33,12
327715,926149,328099,554758,9,29
135333,307440,365196,715243,18,8
17506,473184,240456,743481,24,22
9416,448200,136233,804137,31,21
304706,344311,298763,676818,18,1
85069,559328,190693,813363,31,23
148389,395318,382963,735643,19,12
76237,214987,556219,960482,30,6
3189,985872,371469,820210,26,49
15803,696540,302912,575767,11,34
63406,942873,86837,883483,38,43
153024,913751,299364,688285,19,38
281437,864274,372788,972960,40,29
94126,939589,156511,608474,17,42
71278,797522,111621,601730,17,36
149644,913221,173620,751019,26,38
35627,983301,50607,825958,33,47
110348,892985,520933,688655,10,39
354002,498699,342996,891408,33,7
38623,697473,168122,458457,9,32
218636,946914,49672,625656,19,36
28965,918158,218881,550740,12,44
223932,824616,433363,924191,33,30
29864,977839,34912,790029,31,47
668089,957996,46478,457448,10,14
216133,567497,280785,790169,27,17
630079,910425,497030,796854,19,14
185413,802736,559275,973270,31,30
64310,892770,380431,867957,30,41
76876,768746,191209,733756,25,34
574644,617939,205065,538622,12,2
2626,976210,10341,586019,17,48
484860,679016,235384,789927,28,9
194849,441477,807603,952079,12,12
658056,965051,146140,827421,33,15
505269,981830,553475,741182,12,23
1388,938290,545220,695053,9,46
338176,848847,36414,697642,24,25
544150,725784,337567,881961,33,9
583935,705829,130213,516784,12,6
325676,916472,175250,653704,19,29
94560,504291,624742,943147,24,20
231702,612594,818024,930443,9,19
140121,732278,521113,787683,17,29
119572,979657,493662,792109,19,43
150866,398518,206679,477145,9,12
57239,94378,362753,856287,30,1
40305,982415,117767,757545,27,47
329026,715820,297791,758092,24,19
732156,888006,657934,897025,18,7
30172,561300,524986,881829,25,26
650528,919261,90960,718288,25,13
339673,871728,15918,845564,35,26
113314,927613,269797,825476,30,40
232843,580154,24390,687765,23,17
231152,986427,683410,981021,24,37
431612,845902,10742,813224,33,20
5581,985203,307751,682302,18,48
276800,864978,199771,712821,23,29
24459,843502,85157,882197,38,40
314602,551681,161192,738077,25,11
55757,505305,248971,776615,27,22
120590,968160,207012,811912,30,42
106401,366113,173716,772008,28,12
414570,947483,151983,757012,27,26
280431,680753,521382,909027,27,20
521863,974244,90544,512507,12,22
336934,964777,592455,850672,18,31
271356,816911,2063,944068,44,27
50782,967218,196390,778931,28,45
254855,861607,123998,618542,18,30
128056,211304,348833,775034,23,4
148658,893326,14303,760086,28,37
1526,982538,59423,845631,35,49
21769,998897,25727,447001,9,48
222350,231325,197753,923973,40,0
54176,737894,228663,655340,18,34
884947,978533,122666,770911,28,4
336015,357661,442905,857741,26,1
56894,926726,103275,607994,17,43
657610,808815,785966,902342,9,7
125590,781481,334762,686797,17,32
82572,572469,58147,687609,23,24
322559,550904,593215,834662,17,11
154111,630906,625262,858416,17,23
371574,664180,125370,738779,26,14
133998,655972,705123,987769,23,26
104565,673637,268440,658774,18,28
193678,986871,12823,730430,26,39
323099,591895,790327,988611,17,13
367399,791851,558680,811666,17,21
190566,296519,249828,655630,18,5
263372,849580,27245,610766,18,29
