332231,583685,318441,818778,28,12
148071,414752,123771,885651,38,13
686139,977349,68490,677366,22,14
319193,398828,297841,805740,28,3
426403,840657,58809,983160,48,20
5324,981928,219754,583915,14,48
73173,841980,308123,672295,17,38
94601,937749,701130,881213,14,42
199981,667850,443493,867636,27,23
269946,832756,27690,579938,16,28
446057,976010,96405,944933,44,26
101933,763826,111358,853053,35,33
126461,610572,4813,991614,49,24
284366,881481,365633,640038,13,29
662652,725208,12970,632998,19,3
681637,967309,11218,541148,14,14
537357,934372,84981,212719,1,19
814,999879,26794,844630,35,49
504396,841026,7871,834923,34,16
545216,934103,107699,983556,47,19
77422,79936,212014,753634,26,0
87383,624173,747195,962616,18,26
211946,967357,340203,873540,32,37
82528,108302,278398,675178,18,1
337882,952704,429229,495035,3,30
531543,871852,774780,860596,7,17
148164,918112,63347,983365,48,38
91607,472691,227888,943461,41,19
501128,989506,57138,577588,16,24
466018,666739,408438,957839,37,10
325188,690363,14535,577551,16,18
116281,994783,254022,855292,33,43
1904,998994,16165,984488,48,49
4601,989793,364851,501494,5,49
205204,924412,698392,869439,13,35
19655,818784,1339,759382,28,39
34424,997051,122045,503481,11,48
476687,642797,360867,820713,27,8
17153,994914,439590,605926,8,48
26095,808732,784922,941541,13,39
489448,833044,124779,932743,42,17
135936,428765,343615,675129,16,14
73320,888777,28309,504369,12,40
189896,952559,297351,443543,5,38
12963,989566,663764,956252,23,48
501123,595508,443234,717026,15,4
454742,619715,110357,774305,29,8
5216,276228,511126,620562,6,13
692031,914723,287260,428546,5,11
708325,982408,255429,478562,8,13
20332,960846,12174,917449,42,47
511238,953766,311329,953858,40,22
150863,906832,144821,543274,13,37
481151,750013,158315,656261,20,13
276727,706301,2985,982096,48,21
31256,862382,84344,910883,41,41
197940,920013,694856,704005,0,36
629914,896807,1881,186214,1,13
111891,825389,253831,842522,32,35
12409,984154,346726,679154,17,48
22901,903794,47088,629677,19,44
41962,882010,319108,741662,22,42
110969,671564,100714,289211,3,28
693224,765767,179990,871478,36,3
53530,681839,72389,271674,3,31
336784,552185,260996,536507,10,10
27656,921853,128675,543051,13,44
83040,832728,143419,953887,44,37
36125,894179,745015,982532,20,42
250191,698183,474698,962216,35,22
456116,927649,462174,721455,15,23
307412,780717,324783,477579,6,23
30548,406542,36371,972228,47,18
126389,643444,151815,479022,10,25
123112,924522,723267,853816,10,40
162074,771946,195653,425765,7,30
32808,792098,50183,783396,30,37
100990,526972,487915,837430,23,21
256067,406536,80377,787806,30,7
566097,831538,16595,970204,47,13
106951,688523,468577,721712,15,29
38946,994449,272185,593105,13,47
131913,908934,63742,679825,22,38
443288,711689,631043,845930,15,13
330812,747771,122648,687209,22,20
23235,440775,439533,918821,32,20
138000,567278,588539,947103,27,21
266824,966716,194160,680704,21,34
443557,513509,521467,885206,25,3
121504,788118,525221,772038,15,33
93454,984259,556359,773843,14,44
408480,774525,20763,351811,6,18
556031,810239,95344,492501,11,12
246018,860226,42807,505738,12,30
12392,799123,184577,990776,47,39
354965,956501,284229,748353,23,30
115940,770784,104734,304756,4,32
38185,75090,690599,961534,22,1
255842,999414,93444,935167,43,37
468224,832151,10644,711027,25,18
452267,934471,94788,821607,33,24
672574,737301,62811,416667,8,3
241859,976003,65308,925609,42,36
21531,984715,149424,376536,5,48
346490,709921,551539,639136,5,18
495221,710762,504080,750778,15,10
36916,390551,648332,805189,11,17
188069,952655,726360,768022,3,38
461556,838294,144476,212058,1,18
618579,877752,542962,830088,19,12
693795,847335,237335,958197,43,7
168356,961575,214489,505162,10,39
353622,515070,104813,652932,20,8
472286,606055,110640,233073,2,6
271907,698902,148957,253534,2,21
89278,987494,39816,748234,27,44
739739,910477,453823,630224,9,8
587945,847986,280357,940524,40,13
34675,815516,134940,834594,33,39
201819,485109,410620,744226,19,14
11747,895971,24459,128710,0,44
73498,982337,352633,365028,0,45
373501,463076,133744,754028,27,4
32524,452907,75611,962790,46,21
33704,868469,204527,616228,16,41
15995,793732,13256,937585,43,38
858622,867616,35894,952541,45,0
164831,376895,57639,147965,0,10
126197,810036,792750,996914,18,34
328538,584676,76490,815097,32,12
81442,733745,11641,746207,27,32
241421,765264,9275,871715,37,26
537994,690715,57012,968657,46,7
389432,968635,1895,944058,44,28
86535,982412,87826,922315,42,44
59738,807708,251124,946591,41,37
162610,974149,243260,677690,19,40
697829,708821,726033,858226,10,0
139035,897688,464194,915634,31,37
582995,611133,236298,617544,16,1
424864,848382,121702,635747,19,21
197598,298435,478080,507063,1,5
6939,943085,120528,605151,17,46
158971,326107,444650,991989,39,8
4445,991624,491434,927679,30,49
616566,704253,179566,668021,20,4
513534,705090,76974,505323,12,9
109432,965326,595070,982214,30,42
50701,990166,232816,996467,46,46
23310,702940,378247,801591,24,33
65825,779608,142248,751983,27,35
36949,949076,121653,877041,37,45
34832,520653,261669,599990,14,24
175733,605886,135151,783921,29,21
268690,898239,43643,753147,28,31
266159,895589,989574,995447,0,31
828577,950815,416246,997604,41,6
737291,766724,76456,743303,27,1
366757,600787,177323,273058,2,11
8018,538445,124714,429493,8,26
227375,664204,3634,882695,38,21
116069,896919,117843,617166,18,39
73648,958756,98037,667657,21,44
447972,551155,414738,663209,13,5
173205,910702,641372,834830,14,36
574718,761699,36407,274007,3,9
63116,365437,273858,766108,25,15
52916,979199,83532,568426,15,46
659371,891372,36311,437774,9,11
167659,899434,27021,995871,49,36
836254,998751,61108,845936,35,8
538088,950023,444768,939697,34,20
254798,944835,270800,578568,13,34
170059,802839,95088,349443,5,31
181210,882125,691043,953086,21,35
472398,943566,135827,936664,42,23
2172,978998,55798,514991,13,48
497118,572470,223488,905342,38,3
340355,345640,145767,848174,34,0
214336,417968,72857,241324,2,10
785575,857216,35213,985701,48,3
33657,993938,107791,974613,46,48
511428,667285,103060,449763,9,7
34225,955609,384866,934465,36,46
240384,901321,90051,333246,5,33
323095,375950,240239,792221,28,2
373632,557560,49226,758251,28,9
147001,693292,224534,866995,35,27
796585,961898,175624,229304,1,8
27053,878710,115499,900613,39,42
143609,916933,3959,751782,28,38
160908,701106,375156,985439,41,27
3264,813104,904373,920805,1,40
115280,272049,238747,839266,32,7
612799,870197,443301,620642,9,12
165588,454338,282375,706407,20,14
364602,954512,564435,704756,8,29
42318,926465,524859,970830,33,44
326318,844531,110385,792372,30,25
587758,804616,283389,942177,40,10
16509,268543,110874,938429,43,12
805300,926392,600819,817495,15,6
350271,406893,150161,913101,40,2
416324,737113,165231,332525,4,16
359936,519966,136430,992935,48,8
325705,946599,619715,774698,10,31
785825,799488,6910,990870,49,0
142318,829791,110630,745957,27,34
28274,977666,98777,851160,35,47
934560,959899,633682,957807,25,1
245269,432651,161593,195320,0,9
25788,909050,195399,351715,4,44
682662,926215,308708,967490,42,12
181790,798433,55573,901582,40,30
20812,951644,6255,889667,39,46
292808,841829,572748,710616,8,27
651583,895806,212121,901095,38,12
58921,296761,207218,493471,10,11
38449,939741,153336,229522,1,45
440733,469118,57280,825276,33,1
166207,945331,229183,537999,11,38
197858,820579,343401,763978,23,31
178274,202988,23819,764905,29,1
163350,356248,482473,625564,7,9
142142,480010,64825,481108,11,16
237267,807257,107065,771336,29,28
188330,356501,65645,977571,47,8
29419,990595,7265,306328,4,48
165228,657099,192282,975767,45,24
185596,919929,343829,791026,25,36
108806,719676,25143,917892,42,30
354303,989345,197596,686921,21,31
57978,553855,96753,124857,0,24
290796,729984,182129,755313,26,21
21069,64312,185492,369770,5,2
27660,168902,206199,715906,23,7
233951,429101,470072,514485,2,9
134811,412569,43592,891875,39,13
679411,975834,419500,699827,15,14
526228,731174,463339,913873,31,10
22934,448450,21834,944480,44,21
48274,475917,278402,800785,28,21
482175,698605,160688,774128,28,10
5322,999917,76481,767876,29,49
588607,877751,853655,967454,10,14
21691,892632,452790,767603,19,43
139137,780885,572381,840003,18,32
150041,798659,210211,786662,28,32
19296,837331,402199,581465,8,40
157581,847831,538837,656975,7,34
114668,511273,39846,768993,29,19
299705,549310,461122,733807,16,12
371748,761192,627662,858839,17,19
119938,821881,329891,825518,28,35
707764,815538,350599,782488,24,5
200203,733776,59406,970806,46,26
83522,601948,495640,886132,26,25
286564,419546,545317,728772,11,6
871651,886510,55931,917466,41,0
302366,615081,15512,489415,11,15
273515,713525,30542,45621,0,22
304046,993649,68706,508314,12,34
272589,995683,275633,855784,32,36
187125,793489,274671,312284,1,30
239410,975692,252247,480965,8,36
26928,953750,166992,637596,18,46
77968,387434,714477,800509,6,15
642246,843116,5241,962380,46,10
665891,822207,175485,918440,40,7
4731,990748,324512,565108,10,49
1731,998983,67435,978990,47,49
469635,701089,711438,714948,0,11
177953,396868,1450,999838,49,10
191561,434222,46624,949938,44,12
174866,863380,205916,995687,47,34
133170,581271,105685,940294,43,22
70693,334031,91254,997605,49,13
218869,502606,130327,787649,30,14
569362,941530,333074,520062,7,18
33766,962064,242937,556591,12,46
2386,933133,55230,948676,44,46
33756,173181,512646,960233,32,6
340959,691291,831972,996575,15,17
76468,364530,231610,861547,34,14
145125,996504,171978,966960,45,42
233512,874241,124695,925865,42,32
533014,660459,666882,935458,21,6
676395,691031,325447,886228,33,0
148868,499809,874648,883931,0,17
298975,452873,36085,68631,0,7
35958,794107,867748,920686,4,37
41356,863561,167011,493538,10,41
249698,778238,64885,346554,5,26
738351,785588,183407,571932,14,2
88154,539892,46206,718602,25,22
175156,980183,231707,798473,29,40
127974,146743,123005,690158,23,0
12272,367014,4041,824281,33,17
40649,983325,221153,850558,33,47
296309,527168,692398,712584,1,11
21377,973868,80371,227553,2,47
27552,963923,103647,878986,38,46
343882,368721,301017,393632,3,1
180558,421547,590163,894072,22,12
177613,937130,199205,943663,42,37
146311,952405,335049,343088,0,40
21897,234811,158603,830203,33,10
548204,655248,60678,998390,49,5
491012,797327,497972,803596,19,15
15298,154737,62922,205457,1,6
307034,576555,364005,621004,12,13
354051,759011,180805,448793,8,20
99531,646644,38835,111754,0,27
172255,882945,621078,649856,1,35
20171,522930,40486,982814,48,25
464582,872165,580427,831023,17,20
225517,787307,195961,296295,2,28
139576,347451,416729,946574,36,10
18346,998125,177001,236134,1,48
611007,915183,84815,732777,26,15
295437,905003,112451,916401,41,30
250958,324461,394039,998966,42,3
772178,913656,308205,594092,12,7
285968,833041,236144,508213,10,27
589882,834412,494791,892302,27,12
174623,353088,177364,796998,30,8
188639,279412,54107,985792,48,4
158534,790426,13438,985832,48,31
243383,754845,141441,946610,43,25
331069,996975,269260,905755,37,33
38193,723022,301297,979211,43,34
7008,974814,129882,647724,20,48
234252,478668,372287,958898,39,12
9500,994603,543658,834033,20,49
228172,474479,17045,277093,3,12
181346,868229,367938,947772,38,34
284917,632418,21758,655553,21,17
25557,941474,153097,937932,42,45
33637,522649,159188,514188,11,24
325250,906155,963377,994927,3,29
15184,196498,249696,991846,46,9
136443,515573,84121,413857,8,18
185985,761463,60888,365643,6,28
307315,990260,51886,694021,23,34
25811,990245,365581,845752,29,48
120247,742775,272838,583280,13,31
153593,979461,60939,451557,9,41
194979,670032,75583,913685,41,23
84143,463211,304993,549955,10,18
4949,990767,161092,239845,1,49
7354,988791,183530,982252,46,49
467460,805302,960093,990051,2,16
310602,861693,352520,486889,5,27
213005,972614,511574,819556,20,37
531861,983144,3084,482226,11,22
37874,189538,320331,648200,15,7
3235,978370,177442,898652,38,48
161311,875316,730421,853306,9,35
127973,252703,36513,601844,18,6
932423,979669,161052,542032,13,2
237878,780792,848777,888151,3,27
65645,104232,253988,566306,12,1
74159,949682,466102,665687,11,43
163172,824925,42995,989946,48,33
161534,609366,240023,937725,41,22
404036,972349,53141,853607,36,28
391971,803285,122713,918546,41,20
1739,573324,289079,808655,28,28
81500,792686,350767,572891,10,35
525965,772562,8178,41458,0,12
754167,820740,167723,970781,45,3
19821,992494,26467,944129,44,48
29937,744772,6367,412241,8,35
293564,423529,275086,630605,16,6
549618,680669,64606,714663,25,6
149832,931832,566104,621542,3,39
379334,543620,556989,561319,0,8
43132,700416,117052,583016,16,32
335442,721982,685029,839164,11,19
283288,894079,552856,632105,4,30
123842,571072,315064,884989,34,22
20582,696668,178139,791670,29,33
921765,923937,169409,826179,32,0
293797,622957,107965,913865,41,16
475909,652632,833095,903466,6,8
578893,995027,746206,876768,10,20
61465,477603,155792,771095,28,20
283234,872656,10831,500459,12,29
177771,583507,9244,965029,46,20
152327,823276,149692,968891,45,33
534940,922013,326116,615044,13,19
273368,577372,31948,958120,45,15
718867,949346,94002,963673,45,11
189457,889373,203516,916775,39,34
153910,260845,307899,822385,29,5
295444,612546,513486,915144,28,15
66278,557076,262249,435772,6,24
750087,790736,137839,286089,3,2
52593,998541,84132,920151,41,47
305410,376847,590559,613035,1,3
131435,780676,39964,778597,30,32
270962,387403,8976,837574,35,5
58357,992388,71495,756729,28,46
110998,518817,82192,846758,35,20
219259,993974,338875,852254,30,38
19457,899170,110584,503293,12,43
783463,859978,339480,931116,37,3
4891,873494,219085,571681,13,43
359500,998920,104736,880823,38,31
43120,778721,44330,772138,29,36
577344,741149,117044,706865,24,8
209555,707424,641671,869482,17,24
203855,306838,52663,219180,2,5
141119,386478,79970,793633,31,12
281388,885412,6448,695115,24,30
24386,160511,62256,746692,27,6
200111,287432,65564,885815,38,4
416213,638828,524510,802416,18,11
353033,814713,536175,843460,21,23
179404,859653,24462,578894,16,34
201780,426322,54575,911578,41,11
660232,983036,657757,985059,26,16
28952,729788,61522,680992,22,35
593792,714922,915181,991505,7,6
142007,554082,74573,951377,44,20
125505,913410,318791,715644,20,39
62773,836005,619519,918947,23,38
170369,842373,185578,667034,20,33
291378,971708,27388,457601,10,34
132371,585959,99009,619006,18,22
15537,959733,54550,622521,19,47
579776,958805,568455,861841,20,18
435638,490943,95532,194036,1,2
3304,979414,91202,930403,42,48
78035,621556,177953,819868,31,27
426957,468633,451093,510637,2,2
214633,752378,203139,809708,30,26
44612,992602,12634,422385,8,47
325835,551938,23080,935198,43,11
373821,945087,419587,802187,23,28
93553,910740,28045,942038,44,40
84806,896199,297512,663744,17,40
416195,651349,649783,936369,22,11
127949,817014,667009,824103,11,34
123807,166149,233135,438335,6,2
401631,881691,377572,591630,10,24
64794,747692,83351,970097,46,34
1107,994617,188587,573332,14,49
631804,891655,777439,899869,10,12
292104,590985,278188,835961,31,14
137762,933554,109596,773177,29,39
666527,790541,118593,893031,39,6
290928,513334,18734,995102,49,11
6102,718366,231801,895296,37,35
99763,802307,569923,822014,17,35
310369,798414,117080,639446,19,24
260975,834188,97548,912262,41,28
9892,394921,105313,429869,8,19
69385,924605,10409,855212,36,42
679375,958124,359305,868463,31,13
85293,530967,17549,683703,23,22
106433,695687,184538,931252,41,29
147608,836810,699495,778960,5,34
220930,974548,862989,945075,7,37
199937,701800,21612,619987,19,25
65044,711317,8507,702423,24,32
95197,318935,447561,868337,27,11
154195,869769,574681,668142,5,35
314534,865903,648260,783658,9,27
119724,473671,253796,322989,1,17
465819,903543,184189,362404,4,21
45368,924476,465043,485734,0,43
43375,965838,53878,909513,41,46
400043,611953,126118,784287,29,10
341976,944511,29510,460497,10,30
226626,909551,39986,41479,0,34
195506,996523,582058,751095,11,40
474170,835555,466517,798552,21,18
565739,587157,5523,876037,38,1
322873,999864,184805,490315,10,33
33467,159765,310902,670474,17,6
40737,992948,132152,939583,43,47
81961,761288,66905,734489,26,33
428235,558163,302957,604182,13,6
219711,669999,114767,789897,30,22
81342,887482,43319,326912,5,40
290052,627061,620802,929576,23,16
112567,811272,15491,756754,28,34
299695,624850,40014,822797,33,16
463654,676339,366465,767267,22,10
225743,855586,709659,929644,18,31
17569,925528,43274,490994,11,45
72084,99003,23775,896040,40,1
382242,925523,17844,196354,1,27
38471,173959,10324,999289,49,6
202048,264321,29327,830271,34,3
324998,940126,179930,960883,44,30
33637,873013,178061,736272,25,41
269252,420743,43864,539188,14,7
474367,919664,5506,978451,47,22
579049,997442,141200,176442,0,20
250056,264707,8279,879326,38,0
563704,793782,405901,967223,38,11
2405,995499,29156,133683,0,49
140365,862768,80150,904944,40,36
61689,715096,314355,937410,39,32
303793,911325,4647,879897,38,30
486556,841367,14900,863853,37,17
736586,751671,601430,973918,29,0
510308,809376,384075,861394,29,14
234919,585972,634218,761693,8,17
23917,702374,230302,295542,1,33
637949,873019,163664,850565,34,11
71882,945035,313979,969245,42,43
51708,452379,273215,560972,11,20
21048,871276,76089,141244,0,42
2468,961106,111341,286257,3,47
87642,979318,135150,417823,7,44
57279,933259,140195,336337,4,43
96929,910725,18550,966977,46,40
42058,711354,258442,866944,34,33
842874,964588,168095,781677,29,6
238554,737278,15530,874062,38,24
187783,585884,218421,981376,45,19
527420,588045,790743,870875,6,3
272036,350081,6305,931524,43,3
67582,748542,1346,954844,45,34
140607,879671,4451,313810,4,36
509983,891470,90044,887434,38,19
141284,924869,90731,408597,7,39
345465,550344,514792,609316,5,10
348723,845766,118449,879219,37,24
67789,582408,905699,964948,5,25
472168,721444,153034,671921,21,12
453443,497556,109416,331829,4,2
237289,320173,120870,245094,2,4
327314,670187,320741,429548,4,17
13845,967072,304579,528612,9,47
39964,814821,638219,750262,7,38
716453,859455,15504,521193,13,7
3479,915944,534721,792333,17,45
102363,688188,243458,835618,31,29
7921,831439,2998,998696,49,41
627943,862762,6096,717182,25,11
670183,685061,594176,705193,7,0
279928,344268,414093,426449,0,3
164265,680797,18234,804703,32,25
471347,745272,211200,531690,11,13
245706,932496,75312,265504,3,34
175159,614193,107019,555781,14,21
96346,827604,311420,716547,20,36
80085,330112,156252,432289,8,12
108873,930287,66556,942075,44,41
430007,928400,154965,913961,40,24
257225,685363,40086,897829,40,21
256035,594036,425695,832228,25,16
129883,941277,59960,561791,15,40
259998,917578,20138,987738,48,32
704906,978262,4218,985718,48,13
105033,817471,286092,988997,44,35
250083,289825,184819,226462,0,1
75283,982182,1666,837333,35,45
229976,761642,23056,977973,47,26
78359,397425,379618,853667,29,15
124817,749393,62744,575629,16,31
77081,650395,64593,933125,43,28
176129,978623,212410,609815,16,40
135518,522202,421674,540807,5,19
273475,885954,229555,617138,16,30
167511,966166,1478,989199,48,39
192031,671082,492044,975562,35,23
266397,435076,672446,752502,5,8
16462,390612,103956,996748,49,18
285328,569401,262201,703353,21,14
344266,975789,63196,407574,8,31
198897,337290,840098,998706,14,6
493669,505890,573780,942441,27,0
68134,443718,54282,989696,48,18
144689,820480,347115,955078,39,33
762607,981351,368175,599198,11,10
66916,798785,207669,330695,3,36
339621,999776,43111,141864,0,33
35331,789350,20616,990191,49,37
416923,877464,301036,323153,0,23
43021,368389,78444,452452,9,16
16231,561140,46636,579956,16,27
181483,978460,477142,785503,19,39
312630,662745,140059,449841,9,17
7470,287123,430402,792799,22,13
297470,389266,74380,607738,18,4
494551,711098,120815,984975,47,10
449403,741375,448498,611942,8,14
322594,944998,414869,915130,33,31
43428,991583,384573,972067,39,47
274916,955288,335337,540828,8,34
38402,873353,22738,124478,0,41
129405,951904,235120,916896,39,41
189202,587013,332085,783584,25,19
118717,954017,268312,988867,45,41
332068,940013,54276,967423,46,30
395858,951998,284369,973656,43,27
704614,818066,270562,549956,11,5
39591,177924,121499,388472,6,6
472083,835551,8900,959631,46,18
23948,874163,44757,988947,48,42
284889,860845,548801,888277,24,28
67282,501290,88774,861283,36,21
24513,897332,106606,935705,43,43
93384,959254,500402,984687,35,43
485220,540379,45164,909383,41,2
640462,914795,192502,962198,44,13
506611,661886,185333,872774,36,7
212287,424561,198751,738277,25,10
83246,988391,480708,870254,26,45
8192,974149,42679,976797,47,48
109551,371157,616406,850298,17,13
54425,326772,447160,898051,30,13
8535,980617,38098,931948,43,48
14346,905181,44446,896368,40,44
20196,915172,358120,409531,1,44
188689,930914,122599,300502,3,37
14469,862361,404854,657114,13,42
559347,759794,12553,943880,44,10
418913,983803,721456,788342,5,28
248121,403332,538192,558709,1,7
135091,469350,188742,269176,1,16
321887,408979,4252,957045,45,4
39586,876852,523763,915539,28,41
237574,746710,391146,807325,24,25
121570,903319,201325,616869,16,39
292271,882071,390958,830743,26,29
87432,979537,99166,978717,47,44
67349,974468,683847,922808,19,45
32529,66381,255018,329251,2,1
134015,613704,338495,516472,7,23
448362,475234,57180,969827,46,1
31036,974414,621460,772166,10,47
360032,719040,642940,987517,28,17
878185,948074,94685,910388,40,3
207926,833059,124580,902170,39,31
78784,879536,99524,709492,24,40
680113,996248,13503,110011,0,15
320614,541172,96166,807687,32,11
86935,972141,25450,785112,30,44
108376,428196,25205,987793,48,15
48807,873521,277298,936455,40,41
17144,814895,43884,963499,46,39
18840,357955,491349,988736,36,16
152714,501984,630993,806310,12,17
11434,999949,96061,621268,18,49
856454,999414,130668,917933,41,7
70889,761289,36486,557189,15,34
79110,993689,579468,772683,13,45
360823,865189,736878,909048,14,25
24917,618783,305123,363891,1,29
923,979218,5841,716086,25,48
355783,681573,4888,989126,48,16
607777,717560,79633,658433,21,5
434964,800683,239359,939202,41,18
297722,403682,571050,886290,22,5
351399,690860,198040,381543,5,16
46925,958087,63051,957614,45,45
112295,584352,130717,833691,33,23
191151,951268,92034,379470,6,38
6360,989976,463636,801108,21,49
51533,705881,35415,875995,38,32
66781,559018,66554,987369,48,24
145931,298585,574345,856078,20,7
27724,944608,489992,616067,6,45
149174,818293,141666,949865,44,33
672597,818309,25950,924048,42,7
40853,173594,378047,391925,0,6
250970,701538,454679,886730,28,22
186548,896058,379515,438165,2,35
27945,355211,92435,770868,29,16
187953,814058,4153,977690,47,31
203137,686325,264628,839697,31,24
186940,781767,421745,756998,19,29
420033,569618,330230,683356,17,7
20074,991399,611206,895271,21,48
46335,817794,278240,942174,40,38
135071,476959,19932,962246,46,17
104084,994936,519054,662295,8,44
109551,720859,55729,780413,30,30
105278,831480,973890,990948,1,36
425551,605367,92031,657021,21,8
246198,590275,751008,788591,2,17
183919,382553,99124,952701,44,9
167905,723203,27065,973745,47,27
127922,799647,63614,999349,49,33
532057,902215,37828,925002,42,18
269209,613234,478415,575702,5,17
2502,990350,55459,500347,12,49
590837,815159,259982,643916,17,11
302941,987716,293053,790665,26,34
81790,478535,37620,969673,46,19
645737,881098,53094,496946,12,11
12660,823194,97920,796372,31,40
57419,998084,452142,483566,1,47
25400,364575,322724,948951,39,16
300018,412348,746660,895565,12,5
307450,640687,644915,869715,17,16
462892,952164,710756,881482,13,24
233497,962656,74783,680797,22,36
519765,975384,639606,681638,2,22
361626,918714,36679,774028,29,27
42291,963802,49251,797474,31,46
310356,982206,384211,462055,3,33
378968,423318,17779,111760,0,2
143493,904085,11011,969710,46,38
11242,999657,176449,396154,6,49
811855,938300,2287,979590,47,6
39354,478470,189921,947179,43,21
72712,104724,41338,909262,41,1
433221,903073,266521,875604,34,23
64924,221019,104745,765173,28,7
234842,954280,42153,994152,49,35
259294,476616,573661,908772,24,10
22607,997839,653464,797357,10,48
183058,523629,268584,971390,43,17
375920,851865,985640,998136,1,23
212449,760647,129837,640881,19,27
88073,518050,213622,669598,20,21
118384,807003,457889,772369,19,34
157204,476492,575394,785496,14,15
347931,963711,300838,941877,39,30
68836,676619,56824,989903,48,30
585372,886991,7566,211147,2,15
370823,718220,188491,630132,18,17
68460,217072,594216,890782,22,7
1144,631762,139971,788974,30,31
630768,991237,409218,606027,9,18
57548,408876,5914,998140,49,17
364208,493935,87404,708517,24,6
44429,858793,43267,991237,49,40
88378,982067,171224,408524,6,44
66083,691824,343101,721264,20,31
667318,977748,39323,928688,43,15
459413,815941,235495,931439,40,17
401332,942734,306731,953522,40,27
86828,462435,518340,573271,2,18
285175,852490,11116,998804,49,28
141931,899057,846329,848472,0,37
184125,751851,133266,635680,19,28
300025,612559,834922,875721,3,15
248385,416507,750036,962281,18,8
49740,875123,661607,928070,21,41
121809,505983,2777,780944,30,19
67060,999759,11804,984349,48,46
294637,577236,377565,461221,3,14
479116,589707,224163,933339,41,5
137285,988163,564673,644544,4,42
120941,845074,41727,322987,5,36
106559,990878,312954,908256,36,44
21818,515826,448913,610692,8,24
946416,947404,393864,669106,14,0
20431,996357,205438,858066,34,48
81817,880572,53708,432763,9,39
696907,802387,823207,942639,10,5
154778,986893,38760,840608,35,41
23278,865888,157980,614430,17,42
331930,843270,154222,608454,17,25
372261,951248,428723,573489,7,28
15222,943125,19148,922737,42,46
410735,937850,128883,675727,21,26
171196,762686,41383,655434,21,29
302336,554397,56294,867227,37,12
20427,979774,386576,486386,4,47
1596,999682,248727,891914,36,49
70942,196447,169510,974174,45,6
531641,607084,34106,774513,29,3
57691,390935,344297,531121,8,16
808885,835741,34769,164986,1,1
27075,696010,134549,870643,36,33
161732,954436,3081,367582,6,39
55988,897071,36064,725152,26,42
5239,839129,220908,362195,4,41
195636,521529,205700,603287,16,16
276607,525094,508304,605950,5,12
437374,995245,17995,995531,49,27
184131,775628,25933,951552,45,29
485477,740554,211507,804312,30,12
155263,652529,48810,206649,2,24
128071,704561,284936,994393,45,28
184690,808563,466735,977288,36,31
816716,878378,154524,267476,2,3
298256,688067,412006,961956,37,19
48391,770940,481287,675705,11,36
17066,965520,435857,859763,27,47
122508,639613,148214,890468,38,25
148204,908610,10507,946431,44,38
557766,843128,405905,466969,2,14
397827,509181,529713,981521,34,5
2846,981798,47351,896444,40,48
497685,802624,22244,882143,38,15
26038,960885,100447,529125,13,46
39124,858643,513636,743637,14,40
57938,877065,10063,904109,40,40
433954,543898,188138,324781,3,5
61774,895509,138946,643035,19,41
47046,566056,257061,637106,16,25
316300,318469,8010,334180,5,0
86783,995976,29191,962189,46,45
127811,520858,95209,902099,40,19
25023,942933,33094,746669,27,45
534443,874938,320605,886486,34,17
39007,634750,538856,708695,10,29
39414,114116,91429,795371,31,3
83466,718581,166876,396830,6,31
306055,877989,54510,884900,38,28
266338,842518,270211,484201,8,28
95945,941823,388984,860927,29,42
26776,195357,137479,920205,41,8
457,153776,388055,927528,35,7
599257,687608,6948,974809,47,4
494016,819406,166751,771935,28,16
15363,418332,1611,998424,49,20
143589,654921,86639,953191,45,25
333992,557882,90151,901315,40,11
62666,930143,399535,770110,21,43
797914,884135,49045,141129,0,4
154344,829122,243069,694136,21,33
269082,917642,252545,982271,45,32
132762,982185,185514,855823,34,42
292080,687136,60574,141920,0,19
211979,662577,46066,986905,48,22
66421,936884,221752,749750,25,43
53426,461646,38648,779427,30,20
142610,258903,125234,979447,47,5
97675,871479,113265,976554,47,38
210553,841744,677805,735456,4,31
357960,934455,432082,436964,0,28
526339,628936,144795,955181,44,5
7731,981877,526727,770357,15,48
541365,599769,445598,864472,27,2
44245,293211,57941,956047,45,12
49551,997750,222725,444031,7,47
268409,575725,180254,812678,31,15
141414,958955,56875,987055,48,40
198977,963360,550445,559036,0,38
363678,892631,418964,898627,31,26
223306,986035,209143,356378,4,38
296233,593292,170082,550529,13,14
195824,819677,76664,250107,2,31
81187,725742,23896,330303,5,32
19370,969114,4783,696025,24,47
63124,743966,95559,988372,48,34
696118,887931,299995,760264,24,9
292576,847383,94836,954687,45,27
151310,409783,10084,981369,48,12
493095,513096,180222,485288,10,1
302083,780363,145791,695058,23,23
267792,273409,103861,970253,46,0
18202,291248,5214,684300,23,13
260502,725271,153727,742417,26,23
216526,435438,126505,305392,3,10
158821,992546,750613,926170,14,41
382449,537697,474501,765531,18,7
275211,672844,10202,999582,49,19
285478,998964,25019,938286,43,35
118592,870895,284487,816683,29,37
73971,660999,234535,319198,2,29
196912,211850,626679,691525,4,0
347420,501998,21619,322596,5,7
33868,829294,106152,874564,37,39
401091,547134,427313,525553,4,7
12725,997681,9785,948900,44,49
413688,646978,499873,689292,11,11
587789,881907,291725,587595,12,14
3373,662779,9549,89351,0,32
478784,891372,27013,703088,24,20
2119,938988,204095,483940,9,46
38568,331711,119270,974272,46,14
265194,659128,55388,734395,26,19
166836,949160,312976,758600,23,39
299589,905759,29131,750052,28,30
23783,987817,97865,750773,27,48
7364,740632,139081,951970,44,36
227969,984067,434804,815600,23,37
259660,603532,92150,857916,36,17
43617,633951,234704,931208,40,29
29588,987381,4090,987595,48,47
264143,723428,110502,662771,21,22
14798,876058,156241,813163,31,43
651423,747368,439907,578608,7,4
74377,783580,4514,43848,0,35
250764,824349,30020,974124,47,28
329488,416380,308021,902014,35,4
50372,918453,146435,891137,38,43
76203,121157,133580,931654,42,2
118813,978280,276621,383285,3,42
122434,900321,103663,851922,35,38
308384,980577,69127,969522,46,33
19600,592068,541328,741072,12,28
106365,776694,520269,817675,19,33
34899,720034,329665,540987,9,34
567520,831745,335424,732115,21,13
120793,835703,257524,558149,12,35
298987,830012,26589,94057,0,26
37716,939582,179542,536855,12,45
275410,918611,253728,862821,33,32
7757,989384,67231,995911,49,49
172033,244521,587256,913391,24,3
284123,760611,125801,908620,40,23
127778,894447,115973,817201,32,38
228743,902453,64217,425889,8,33
737556,912388,143770,942241,43,8
302619,840946,351221,997333,43,26
133173,610409,109355,986974,48,23
11532,978103,662832,829229,12,48
378128,400569,46512,954194,45,1
57706,980952,386658,570973,8,46
691121,787021,49737,536914,14,4
118067,525075,460275,866722,26,20
686101,982424,577180,840908,18,14
643626,949400,914171,964563,4,15
395319,624874,50354,581916,16,11
104814,473343,6749,954074,45,18
92391,735723,243935,476421,8,32
127554,968315,42995,995117,49,42
489130,729643,219227,577985,14,12
499742,832338,115382,884560,38,16
69278,990668,200454,994508,47,46
77424,965415,542470,966779,32,44
3038,993290,397947,704884,16,49
187658,243890,668256,872866,15,2
18104,877879,27831,340683,5,42
114650,982061,200679,925481,40,43
56308,745082,64803,808606,32,34
14073,680712,40606,312663,4,33
152545,701701,43442,946680,44,27
322680,609138,535300,688626,9,14
52863,982626,832415,959489,11,46
2330,996136,323551,964419,41,49
104900,926589,104362,868573,37,41
188927,854104,97565,911243,41,33
51371,271685,596096,695484,6,11
353202,361942,856189,874411,1,0
100159,655237,335804,947661,39,27
160435,580990,146145,930799,42,21
201410,991355,64346,829644,34,39
22549,932936,87191,294922,3,45
146357,735181,601647,910594,23,29
251679,451712,317687,965852,41,10
79447,889406,233622,845632,32,40
48064,503461,113343,627835,19,22
23800,991850,195784,868654,35,48
691152,836884,125358,726051,25,7
6408,738163,267328,920959,38,36
441164,950314,203492,795187,29,25
328117,968915,17235,933471,43,32
698870,732970,16639,988952,48,1
783886,994928,33345,724509,26,10
194211,914865,95545,760761,28,36
376684,869763,278512,804912,28,24
105306,574076,171911,480484,10,23
117535,429667,100055,208893,1,15
153381,756935,278916,888955,35,30
344551,684898,73393,942384,44,17
50066,406316,12527,518730,13,17
155173,460485,197384,842821,33,15
101890,507241,222802,923865,40,20
269682,954673,196168,306073,2,34
25510,756781,528749,973744,33,36
74751,997980,204946,335440,3,46
155418,942196,580351,977095,30,39
690204,772946,228063,888141,36,4
478259,633236,105598,892460,39,7
227241,491023,198576,935773,41,13
93701,286366,608964,840172,16,9
78159,860455,428626,540418,5,39
411620,481210,10462,997406,49,3
119269,874340,143837,758280,27,37
115258,971440,1928,966891,46,42
22440,967510,30511,881342,38,47
629173,955870,29103,741685,27,16
336324,379988,323847,947161,39,2
653353,715050,115475,974900,46,3
191891,956790,28693,922658,42,38
166117,493942,82861,123999,0,16
48023,963073,121811,920516,41,45
424579,865494,468449,989070,37,22
1565,793443,831062,846125,1,39
123951,847111,290519,994176,45,36
428395,616903,686683,710192,1,9
159464,662809,375805,389826,0,25
7552,690183,72022,595264,17,34
273811,550888,614851,859813,18,13
168620,874037,219795,986336,46,35
25591,928461,534502,927946,28,45
116867,934695,466360,801921,21,40
729262,736741,239290,248911,0,0
364439,889691,256320,463519,7,26
445907,664891,80226,875880,38,10
31118,855071,15844,160602,1,41
143937,993004,10301,700113,24,42
383416,415834,192786,947321,42,1
260800,910737,398396,754019,20,32
191623,948105,414347,475538,2,37
367309,959429,421114,786324,22,29
53276,259367,97979,994265,48,10
605134,899212,153275,747851,26,14
765180,948440,63992,954633,45,9
509406,727778,99469,175832,1,10
257574,988546,109829,661477,21,36
613704,830305,280706,737947,23,10
548285,638855,139725,958493,44,4
224812,756866,227305,923594,40,26
207123,406001,116882,981916,47,9
155361,473833,630218,751444,8,15
138236,854099,293887,785241,26,35
95641,701524,212629,698045,22,30
114120,740009,143053,231463,1,31
114385,509601,564416,934230,27,19
86802,922812,306171,416893,3,41
154578,934512,103177,883945,38,38
930027,941871,173234,918312,40,0
510920,806222,175556,973959,45,14
1296,904289,294270,848048,31,45
374127,795472,61592,80858,0,21
481454,914954,845859,888267,3,21
68463,718349,66572,980531,47,32
45730,868652,596147,684890,5,41
328529,992703,118326,699560,23,33
108305,762719,23748,514026,13,32
301203,462105,40263,878501,38,8
335629,987740,213820,689902,21,32
141444,512453,240907,886878,36,18
44480,902529,35498,795518,31,42
71342,530398,1880,991069,49,22
40915,960768,196523,372169,4,45
422341,800203,545487,754070,13,18
199436,966034,197740,935617,41,38
5514,529213,397066,744473,19,26
46112,155754,403689,971808,39,5
34007,913759,3736,746227,27,43
84290,749347,32412,793102,31,33
40241,944185,4972,972665,47,45
230598,322119,299626,933900,39,4
9636,983685,94581,993441,48,48
196990,812859,6250,729102,26,30
67821,972608,126658,867729,36,45
324918,991030,268845,759327,25,33
501,909076,621320,913102,22,45
386634,759611,225902,891282,37,18
8422,938236,51565,813326,32,46
186604,833172,375258,407297,1,32
8625,389133,184935,865151,35,19
91416,584729,261480,744449,24,24
165304,408593,155630,545872,13,12
255278,925987,117250,558461,14,33
156289,405434,74464,999203,49,12
582214,771890,280508,833095,30,9
44281,898015,289683,771240,25,42
18115,458490,612470,841030,16,22
70060,908164,578131,907419,24,41
10438,894064,337552,942687,38,44
5529,994934,126517,565425,15,49
526302,929776,195028,643026,18,20
150566,591145,119996,412316,7,22
307788,885705,115584,225425,1,28
860418,989992,20998,882722,38,6
433747,551831,147796,819579,32,5
71431,934210,232835,286303,1,43
13183,197501,54889,456433,10,9
22902,984623,192270,808296,30,48
232561,955574,93218,855501,36,36
161654,753986,361160,795986,25,29
165772,686060,826765,998373,15,26
235108,847453,301184,476599,6,30
627712,729038,31701,854006,36,5
221092,930760,262176,878884,35,35
121287,974794,169746,708132,23,42
365616,641533,13914,307777,4,13
107969,754929,164612,267154,2,32
67728,870408,439142,483213,2,40
95701,742556,51139,715579,25,32
367573,835913,336181,750716,22,23
27186,999921,561013,916021,26,48
21923,952430,144153,330230,4,46
5820,881534,670500,905798,18,43
945196,955651,2661,666451,22,0
152195,822068,381845,866679,30,33
77659,881462,7667,932819,43,40
43193,439773,111738,995669,48,19
761333,927956,114521,972560,46,8
8582,539613,141446,851333,35,26
556855,939583,197504,580031,14,19
91956,757555,181774,893991,38,33
317780,613637,11170,62065,0,14
327863,989325,236925,621392,16,33
196606,811353,10182,664081,21,30
218723,723874,128235,539946,13,25
628236,746005,296022,923408,38,5
580978,986491,251358,426311,5,20
169404,617054,7039,938818,44,22
203512,761217,52027,223968,2,27
192623,984550,111094,891762,39,39
157983,584238,465981,767202,18,21
3707,661474,125449,276535,3,32
357705,688886,306354,989273,44,16
30577,997154,175396,923309,41,48
231466,988672,603363,902977,22,37
577765,753990,260878,859279,33,8
1932,985908,64608,688798,23,49
774243,929641,152995,411515,7,7
609504,809901,150424,947205,43,10
718534,804581,165562,975062,46,4
32912,976480,530943,930430,29,47
56401,236085,18110,996833,49,8
530390,720910,378544,912956,34,9
182597,764090,815797,893191,6,29
11120,447152,142454,841903,34,21
304401,503376,23728,589449,17,9
412546,888922,468549,520620,2,23
99515,968622,324112,470003,5,43
809680,999972,623296,690682,4,9
370430,907592,491660,521527,1,26
730438,833445,91440,968508,46,5
403207,712273,380864,534239,7,15
38214,844619,77262,926641,42,40
4496,411544,352839,403371,1,20
128486,966569,261354,613278,15,41
497430,875311,100434,172778,0,18
419236,980080,471041,870028,26,28
679121,741543,170110,753773,26,3
366518,523813,111258,953210,44,7
212771,236447,131298,675701,21,1
105767,838415,41484,969645,46,36
540797,589309,134940,494823,11,2
197009,790157,430785,769158,20,29
280240,921771,382251,975561,40,32
423080,954053,161644,968181,45,26
293315,381740,263279,942563,40,4
228565,316227,27096,911836,41,4
512975,730196,502482,722610,13,10
285810,532665,624080,927061,23,12
236847,415008,3539,903875,40,8
219953,795076,234307,997367,46,28
144472,954435,663090,760017,6,40
258452,690343,26229,175800,1,21
128942,402399,63738,922516,42,13
132722,903849,94078,658080,21,38
93680,380996,18500,989670,48,14
89167,977210,572950,956996,29,44
109962,281490,141726,764088,28,8
33675,983150,335144,802117,26,47
246916,316632,144316,902107,39,3
48575,738813,7662,826859,34,34
445241,516593,413300,787229,22,3
209830,357724,12030,972098,47,7
12716,906913,590659,894093,22,44
59532,732775,185316,427927,7,33
439671,953033,648611,885072,18,25
94798,635498,222783,456332,7,27
141654,245627,121775,643600,19,5
728402,906194,3242,851317,36,8
5028,279543,31037,47738,0,13
281800,936481,125041,549971,14,32
221369,485886,625912,933389,24,13
75712,927019,307738,720559,21,42
41994,993866,263217,552605,11,47
387298,515688,143361,340078,4,6
651019,663007,39295,930562,43,0
133234,634267,377425,771206,22,25
228796,623078,31983,890631,39,19
15754,940455,204339,274528,1,46
338314,960663,72412,995065,49,31
16999,727104,13136,981514,48,35
164321,992676,27459,835114,34,41
84140,564332,22744,173030,1,24
297873,672860,103784,824435,33,18
375029,812911,275710,718177,21,21
208671,809525,317333,324573,0,30
45760,690242,120662,797427,31,32
343882,733295,137188,576741,15,19
289303,603648,439738,866083,27,15
224076,787117,119263,671224,21,28
9259,981065,438933,872023,28,48
384959,637587,132828,607599,17,12
3613,998701,282650,793608,27,49
160543,699684,670423,893204,17,26
42944,592686,21257,786048,30,27
352256,449285,39597,660118,21,4
11263,673708,362733,967704,40,33
2224,986023,67302,929725,42,49
278521,378607,856142,909075,4,5
42243,974512,97595,785294,30,46
706724,891127,335170,870453,32,9
52904,562470,27119,895872,40,25
380075,413562,707090,885488,14,1
15491,976061,7426,957159,45,48
314815,318204,188487,991644,47,0
25232,912248,603188,938682,25,44
43486,986524,615878,942779,25,47
86686,882578,146736,872627,36,39
261729,850994,373728,493235,5,29
5026,999207,31402,666431,22,49
558606,696923,174250,963982,44,6
29242,935204,274804,868659,33,45
1878,148957,108468,752246,27,7
13064,779810,310175,879670,33,38
276993,893569,5925,996783,49,30
395942,993396,230266,739664,24,29
357379,993419,26195,923716,42,31
7245,909081,134502,990098,48,45
27702,997192,374408,895413,33,48
99687,959729,148529,710700,24,43
39892,957133,400138,728477,18,45
49495,508697,74042,953182,45,22
48661,935001,745861,773046,2,44
288957,886848,243459,646708,17,29
54785,961647,427868,783250,21,45
54052,990341,159801,916258,40,46
265339,425537,143551,965688,45,8
3288,999836,148441,967913,45,49
593241,866143,862210,920432,5,13
498103,708022,324947,722889,20,10
64020,975336,206422,970843,44,45
174820,708668,3882,994584,49,26
211178,797852,269130,292790,0,29
30129,698530,46073,612923,18,33
13209,431317,27469,663525,21,20
42131,475161,31602,999280,49,21
38163,972065,508105,894748,27,46
32277,670182,819481,981496,14,31
308943,577242,82131,475581,10,13
186635,994827,581345,956933,28,40
264549,965921,593507,759153,11,35
128970,178605,152250,891463,38,2
39425,910668,187062,995189,47,43
40103,481590,42584,730370,26,22
403240,964409,599525,812009,14,28
397315,734527,377839,973336,40,16
215777,495857,134489,911458,40,14
66837,969876,177732,500267,10,45
57408,892999,392678,571701,8,41
620510,936322,152295,848191,34,15
387834,592323,357603,962602,39,10
382239,921690,64480,760588,28,26
221734,314858,56082,994919,49,4
67574,984381,310719,931970,38,45
118178,650394,647675,913398,20,26
503576,981823,262195,671778,19,23
56789,769991,199511,571042,14,35
588459,859329,26421,865638,37,13
674492,826560,98007,635149,19,7
201618,706642,340397,456848,4,25
128886,659569,503798,884573,26,26
30631,685376,32691,826607,34,32
268811,483500,59756,841709,35,10
4034,950466,67367,960375,45,47
459909,835452,521620,757591,15,18
159313,607789,533195,685232,9,22
289000,911039,470062,859197,25,31
514390,976328,163836,474003,9,23
397390,772485,249654,907516,38,18
143440,938215,340463,652115,15,39
254530,653173,107333,813071,32,19
318398,643133,407928,781239,22,16
498722,598449,709194,733061,1,4
110027,915390,327820,498468,7,40
80076,796501,148452,635966,19,35
644365,872799,110759,901195,39,11
43591,993407,217869,234905,0,47
698412,955569,53565,848645,35,12
110820,362498,660020,682464,1,12
239844,532544,371605,495095,5,14
136511,986472,852173,880831,2,42
818112,891020,907739,962633,5,3
166059,931983,157706,872839,36,38
710684,781630,138849,331295,4,3
431838,574195,395412,862168,29,7
852942,968902,196407,209673,0,5
692848,762222,178010,321999,3,3
496943,963985,429090,917574,32,23
81354,866337,114365,889795,38,39
241009,647261,430683,977051,38,20
46159,973136,10633,994794,49,46
111628,970053,239923,974481,44,42
63066,493212,178235,698790,22,21
103,999941,444184,971690,37,49
146837,923820,139214,760911,27,38
554012,991286,138021,574380,15,21
41697,659168,723524,847276,9,30
859536,949769,240967,399111,5,4
47704,224998,140688,267049,2,8
14419,350382,244068,682081,20,16
54775,977038,480771,789518,19,46
160977,784675,343936,960707,40,31
233435,913766,697271,752761,4,34
243779,959787,43608,251795,3,35
25902,991334,365164,449532,3,48
41810,964917,2625,75127,0,46
304571,430449,473058,569002,5,6
156192,268381,481008,592386,5,5
480170,665293,210599,933926,41,9
57485,769192,22984,900975,40,35
626729,990546,118788,943504,43,18
128790,761380,584353,888835,22,31
614258,661652,109890,861069,36,2
255563,574451,294695,944541,40,15
48650,902401,147263,233151,1,42
247168,993255,392441,517940,5,37
363757,690179,21911,992839,49,16
99785,472019,47165,675402,22,18
229459,320426,106529,826236,33,4
25601,369568,162160,693687,22,17
298651,954519,145948,874278,37,32
40002,897500,712917,858141,11,42
159102,874914,725236,942525,18,35
58584,852379,19907,240947,2,39
66701,958511,36100,916042,41,44
359434,824861,69089,998765,49,23
21640,996210,89910,999837,49,48
27691,859981,175763,954070,43,41
235567,884223,878288,951598,6,32
413130,574046,24512,561487,15,8
400227,483977,562540,816473,17,4
343980,685020,576870,985261,31,17
686013,902763,344150,857830,30,10
30352,962646,171429,426040,7,46
283832,987038,17303,949727,45,35
627706,930237,8013,977742,47,15
483620,978452,97335,865157,36,24
225526,927592,40725,978620,47,35
29225,695422,264235,861253,33,33
19736,875242,291312,509798,8,42
23234,978564,293098,453132,5,47
378386,797716,7595,767213,29,20
310627,598323,157716,930979,42,14
67165,403671,28579,966908,46,16
130506,507541,161739,811490,31,18
572816,984859,195358,996765,47,20
544073,603983,182053,639426,18,2
204204,616277,445107,513539,3,20
374035,570013,391530,519485,5,9
614334,970158,257581,433145,6,17
20079,944598,100920,361320,5,46
87212,979518,658684,856788,15,44
140405,726937,295325,675146,18,29
228740,460179,131112,990243,48,11
729375,758210,828987,878550,4,1
149499,925006,39376,212885,2,38
535816,878153,50930,685441,23,17
463519,676193,309731,587910,12,10
204573,762229,237144,839942,32,27
42266,923609,79703,871462,37,44
103537,900859,65256,936183,43,39
344153,645063,372192,586976,10,15
305110,317120,57264,984756,48,0
177939,757733,857259,969943,10,28
424583,780422,24244,971327,47,17
4921,988244,196716,895798,38,49
131219,897193,331645,373774,1,38
43308,758615,118306,845335,34,35
570225,807911,406706,801137,23,11
144953,839654,471438,814526,22,34
465122,567361,4044,935802,43,5
293403,747955,264946,330861,1,22
41803,835778,101831,803433,31,39
39405,524655,76167,965780,46,24
250868,932955,42238,161421,1,34
114117,902395,82001,89139,0,39
123538,967211,186098,775933,28,42
741255,979201,245552,852108,33,11
236226,766104,485291,608621,6,26
464984,516649,151319,823726,32,2
68211,753773,482890,799547,20,34
24460,998293,21538,698616,24,48
515560,918730,29539,561791,15,20
534474,994337,55941,767378,29,22
9577,742270,441057,618848,9,36
273567,865346,59140,926006,42,29
109620,167657,687645,993867,25,2
9879,534191,484251,937781,32,26
384963,461678,242007,973826,44,3
330819,653847,605536,853513,18,16
113785,649466,201122,286394,2,26
126037,667119,461860,582048,6,27
14080,905614,78584,991859,48,44
119956,400160,739229,755427,1,14
49131,964066,293001,877132,34,45
134741,934341,145369,959915,44,39
222783,260130,3422,939043,44,1
63250,906323,40396,900256,40,42
83200,297494,87661,806089,32,10
639307,929680,114372,944755,43,14
130316,903383,67000,958362,45,38
32819,965552,13704,771965,29,46
560230,857284,528294,860715,23,14
217836,512656,431048,980110,38,14
18523,748473,15920,977959,47,36
324468,975067,317032,501810,7,32
172159,925115,236650,281857,1,37
1552,987020,581211,932417,26,49
710838,826263,104930,792836,30,5
62198,976801,391118,556920,7,45
46538,552669,225257,672817,20,25
713491,911237,206300,713601,23,9
109925,259981,471441,543676,3,7
974,912143,247916,414411,5,45
25478,604502,641352,705157,4,28
18303,987523,563364,567264,0,48
32351,642988,268756,895847,36,30
55326,814025,103978,979609,47,37
310723,809844,104010,721003,25,24
7048,999996,564713,998981,33,49
471582,985174,31519,507439,12,25
200778,871391,71410,742455,27,33
252871,948367,208237,818534,31,34
303312,765362,229960,923275,39,23
734053,987437,126544,981285,47,12
225332,742963,802733,827266,1,25
62492,678128,172091,949488,43,30
6470,631282,362499,914780,35,31
36993,670252,56591,960865,45,31
179608,670636,675942,844960,12,24
104854,944016,228267,796822,29,41
535227,565831,32494,854385,36,1
154456,380489,224378,685614,20,11
627816,810247,857523,928934,6,9
200583,227690,180601,955425,43,1
427239,602826,406329,920534,34,8
92839,832814,100210,922023,41,36
219500,745567,600503,796265,13,26
174895,726102,361965,711674,18,27
11504,997950,111074,243087,2,49
488421,671857,157312,941755,43,9
10661,899504,762105,891954,10,44
204953,911307,506167,746193,15,35
498116,631599,178354,817431,31,6
32436,868388,113129,734376,26,41
507759,661101,308676,880154,33,7
110957,731066,81124,919577,41,31
8409,909837,172517,470843,9,45
784533,965016,426611,591048,8,9
422363,962502,878076,999316,11,27
356257,798474,687979,770444,6,22
30529,581996,41798,293780,4,27
174913,981929,26863,950222,45,40
359131,447628,104565,522662,13,4
342963,953746,413522,697216,15,30
451949,954802,71200,422170,8,25
237643,992138,446596,827666,24,37
82332,258878,731794,776587,3,8
385609,439069,346808,752284,22,2
381910,674431,60039,973035,47,14
29750,911547,401446,925483,34,44
97292,946791,134033,391541,6,42
158944,423273,104635,960806,45,13
188770,439427,50485,767402,29,12
288734,323860,100713,975554,47,1
60301,502844,168666,935246,42,22
136420,915982,45334,515609,13,38
442083,991268,60985,723143,25,27
590307,856433,6827,803160,32,13
98769,998051,68270,639489,20,44
112979,997323,44475,755986,28,44
169855,288405,103471,371402,6,5
160723,772364,237137,578564,13,30
127675,313153,555002,872120,22,9
47221,825152,328016,930908,37,38
722790,734749,230064,675669,20,0
1722,999710,147620,907625,40,49
423274,469964,190314,968075,45,2
718029,985628,211392,958179,43,13
200673,806316,154891,850074,34,30
246393,858207,836522,899070,5,30
111583,781823,297010,661798,17,33
433505,926487,182297,995188,47,24
454499,920053,219117,752067,25,23
639110,732859,442199,976042,37,4
477833,608507,127447,944264,43,6
579516,814692,70565,857780,36,11
456721,944329,166699,942615,43,24
188453,974157,247822,990313,45,39
226780,830276,216953,769407,27,30
373512,606894,210277,333086,3,11
323789,496290,375370,679840,16,8
347937,838525,111109,348677,5,24
668121,752256,531906,671978,8,4
3711,871696,159931,979514,46,43
69314,812412,10350,472303,11,37
44280,965469,203950,843838,33,46
74166,563116,114469,754619,27,24
744384,972439,16463,940157,44,11
483678,820947,64493,811364,32,16
829435,973260,2693,981034,48,7
414368,914662,457617,971601,36,25
40922,64500,197498,447254,8,1
779,997497,251777,636204,17,49
276498,961702,56261,900187,40,34
404335,879450,605269,726885,8,23
162190,189951,312293,489730,7,1
532677,982198,589966,666907,4,22
582,977721,884398,907230,2,48
22743,543320,627533,972901,27,26
685964,771279,210600,944214,42,4
1402,996308,444823,535310,4,49
571257,920093,107402,959746,45,17
496703,782740,421523,923346,33,14
117653,994901,59134,216096,2,43
9342,54341,489783,816352,21,2
167145,889602,134023,857963,35,36
452472,850967,561659,988198,33,19
22158,893426,464431,743228,16,43
569887,722104,91461,657806,21,7
56579,844275,168949,612096,17,39
321685,636300,56364,645658,20,15
126880,978478,196925,942061,42,42
1108,960020,74320,785294,30,47
396594,946318,45714,968969,46,27
226632,336504,97484,928741,42,5
30072,984131,256918,435416,6,47
247480,628911,284863,518531,9,19
224062,818185,147428,325909,4,29
212204,781216,10654,988233,48,28
130565,988184,320357,809072,27,42
90847,473490,147247,402771,6,19
52225,883683,135459,798209,30,41
264432,755387,143235,780872,29,24
121881,236840,470908,886359,28,5
270750,560991,35213,858895,36,14
489023,659766,66839,678322,22,8
162530,917075,851213,952550,9,37
241493,770566,415531,637811,11,26
199440,659905,7622,314082,4,23
596555,958908,450431,906599,30,18
198121,754169,4628,817032,33,27
97564,224585,9794,451187,10,6
342668,700010,307727,797590,27,17
194093,974984,3929,996408,49,39
404199,761820,220877,679274,20,17
209007,417922,192513,939300,42,10
6559,898566,41179,994298,49,44
2401,982268,166667,906478,39,48
324069,426509,140459,811161,31,5
28563,940792,117422,425960,8,45
242969,988108,416807,782065,21,37
733772,977475,79255,911039,41,12
170153,453052,1476,999417,49,14
27368,729937,213735,937646,41,35
358760,984665,40585,734173,26,31
22980,983347,288732,686755,19,48
338180,843465,672553,764435,6,25
227561,409332,447067,718194,15,9
62236,599900,138899,319414,4,26
731807,884559,236968,859430,34,7
91093,967851,2882,992314,49,43
492742,607108,267454,478404,7,5
110958,943757,368432,994474,42,41
410919,867525,380644,567964,8,22
227966,979141,276595,490078,8,37
416335,539125,461070,909479,30,6
734722,939611,45812,585386,16,10
377948,643898,166902,787101,29,13
105005,987966,881403,940582,5,44
752362,994082,39747,363076,6,12
526004,974578,760611,826614,5,22
468382,955672,16525,283314,3,24
29163,948385,133642,596040,16,45
23120,978666,11945,995346,49,47
818916,908954,341763,993320,43,4
192893,731887,335416,940761,38,26
816790,885003,285825,713807,21,3
42744,880078,3932,960694,46,41
100580,970680,517787,842584,22,43
478642,909411,15584,978867,47,21
701331,732906,855172,915921,5,1
412708,444477,282406,859171,32,1
664119,676621,159306,588418,15,0
340420,883871,209323,629810,17,27
194953,659934,471393,576089,5,23
188206,717402,157844,728059,25,26
107355,985049,21350,388692,7,43
812346,968875,104548,711272,24,7
185464,656170,122334,986914,47,23
1071,559948,62460,681640,22,27
360856,764987,80153,865963,37,20
19348,967613,164699,813587,31,47
123007,714783,556127,922286,27,29
165149,603145,515662,616943,5,21
43501,921676,62484,990214,48,43
858620,873154,351085,954121,39,0
25132,691468,100460,975420,47,33
44510,969217,302236,655718,16,46
80669,989963,900258,924522,2,45
710620,710716,665609,980784,25,0
148048,625303,78482,794772,31,23
45817,925595,243253,805243,29,43
130000,297829,316069,758013,23,8
355684,991731,308855,700584,19,31
210499,618729,809881,843790,2,20
514902,978193,267934,989738,45,23
747802,988348,2482,965641,46,12
324152,468108,449123,492838,2,7
14840,807685,159549,687381,22,39
341409,615615,26340,757395,28,13
263658,801315,526124,969818,33,26
634713,991499,154312,999732,48,17
69212,836770,595731,826037,16,38
55929,146014,266357,846063,32,4
144404,815765,536362,860864,22,33
171697,812975,205024,512713,11,32
45743,122429,13348,912445,41,3
811425,949240,173061,874785,36,6
306028,740973,250313,819992,30,21
315833,417035,24363,640033,20,5
601863,703732,441684,612464,8,5
420099,736208,167492,373030,5,15
30210,808268,596834,740859,9,38
264722,986434,522617,565574,2,36
9477,461714,220984,685051,20,22
386069,791959,246648,988288,45,20
354817,641508,72235,708221,24,14
449219,591322,316670,937848,38,7
69728,620498,110332,884573,38,27
51752,606239,469380,861641,26,27
191864,656103,142730,879498,37,23
127111,761374,298136,828053,29,31
32002,858934,218316,637149,17,41
236432,556400,140771,706054,23,15
542563,923468,206896,665201,19,19
565006,755919,346725,807175,26,9
532479,574122,9468,835918,34,2
36064,849780,1829,312394,4,40
108475,896346,390063,565388,8,39
302996,920607,120545,870566,37,30
525344,798574,677282,714422,2,13
65923,253367,27820,993717,49,9
74475,514498,8789,878736,38,22
303772,921733,857250,883818,2,30
285074,858860,262526,922532,39,28
453415,997724,536880,917774,27,27
34986,357715,152718,673823,21,16
778608,829623,83670,804595,31,2
230418,763206,133462,557210,14,26
157371,975781,274505,947351,41,40
413046,988235,34562,842724,35,28
811822,920679,117094,721295,25,5
159414,934631,302693,855198,31,38
246445,545786,102834,922213,41,14
393069,873402,101052,695628,23,24
347884,930747,541492,929917,28,29
255722,553715,9563,887088,39,14
21704,964713,54050,688305,23,47
745663,888294,4827,997902,49,7
185158,225244,150973,975954,46,2
92048,967772,718456,964602,20,43
29621,982545,314768,742888,22,47
132306,821098,20337,994681,49,34
104218,429730,341750,427228,3,16
369144,961313,8926,980048,48,29
8141,973385,237504,627303,16,48
512498,843739,14423,956979,45,16
100121,999354,79183,593511,17,44
906461,921058,100060,420119,8,0
28168,903787,11336,251894,3,43
295474,317096,202046,757735,26,1
810490,965611,283094,492955,8,7
111501,627444,191346,594926,15,25
223701,885228,285941,856325,32,33
521520,713881,58177,845303,35,9
158621,223325,12826,572525,16,3
930892,968666,198811,652438,19,1
661662,922458,820537,932905,9,13
228112,600567,119673,780576,29,18
39965,985319,170151,677447,21,47
506648,972126,472379,993942,38,23
747811,863325,166608,468597,9,5
781240,828854,34512,996102,49,2
35924,965402,347266,762364,23,46
76164,905853,383678,957478,38,41
378583,666079,276106,417555,4,14
610721,655871,32881,935108,43,2
442961,993915,112235,550037,14,27
7001,630333,79010,837778,34,31
140382,443418,459052,929411,32,15
88947,647449,5836,984153,48,27
47967,458137,86720,890599,39,20
4859,567586,94852,818991,33,28
93695,832623,137060,994136,48,36
66081,262265,5328,857081,36,9
299064,494397,329930,927814,37,9
825292,936727,20725,989961,48,5
107990,623869,118936,953834,44,25
799706,878300,538832,803423,17,3
207243,871852,616898,783681,11,33
321463,961959,109274,810162,32,32
451515,477574,183739,850529,34,1
987,884281,377923,571263,9,44
25349,676952,386943,740118,19,32
502288,886721,177376,941636,42,19
196252,727104,11717,986436,48,26
98152,753023,522591,899781,26,32
162,995465,167442,727327,24,49
549107,986284,336971,876563,32,21
97223,965310,174889,570147,14,43
282289,994710,56781,877684,38,35
236872,978613,365415,951581,38,37
503519,678098,727628,828113,7,8
624153,715767,115573,737967,26,4
385978,440158,149267,776738,29,2
306556,705715,80006,839022,34,19
306306,895663,1855,999833,49,29
176456,736605,540844,964142,31,28
111191,937787,267242,720019,22,41
146995,961291,123010,861423,36,40
238004,937583,271880,948500,41,34
407163,858677,29851,965402,46,22
506278,966250,17686,887505,39,22
323743,458044,278061,864532,33,6
577550,778883,224678,770725,27,10
218406,809999,230077,917891,39,29
517882,810435,2955,869033,37,14
105623,226323,330754,958534,40,6
328567,566730,23149,959971,46,11
66604,268253,467808,719136,14,10
140100,252877,264678,942377,40,5
18229,844815,294054,669040,18,41
124412,864530,16590,853259,36,37
338104,745226,219992,959157,43,20
656118,928485,24761,969946,46,13
261426,697000,764629,905150,11,21
452701,846146,606072,679462,4,19
236205,986091,153595,965811,45,37
472978,834656,310744,438920,4,18
206718,820305,43866,816861,33,30
212225,544411,559453,666695,6,16
142507,862351,728719,781748,4,35
210021,981144,214399,727068,24,38
255252,617339,180433,752592,26,18
68612,987764,349898,774529,23,45
409351,860318,79616,812175,32,22
87597,938604,255389,916866,38,42
5056,31798,227118,432590,6,1
12391,849887,427875,902466,31,41
427775,887572,374906,832134,27,22
545377,878985,242953,827734,31,16
523617,940856,74911,651782,20,20
45359,867292,758069,853573,7,41
141553,958168,464988,536494,3,40
95158,199085,111453,956415,45,5
215933,905468,139195,953724,44,34
190975,959376,5650,992876,49,38
115814,138770,11620,788322,31,1
89589,236255,564847,808984,16,7
59797,866507,168904,738139,25,40
6177,964518,83412,812360,32,47
292420,646283,129803,922930,41,17
492637,831606,187576,952444,43,16
596209,927823,6834,846767,35,16
193123,502579,27750,925311,42,15
347142,645114,206469,772235,27,14
9464,652093,82122,971628,46,32
158940,903449,415231,724759,17,37
128075,648867,79639,677373,22,26
29416,711151,122586,373964,6,34
655977,956444,42118,498880,12,15
599568,725486,132331,970847,46,6
65719,981445,62724,545901,14,45
148728,164478,39695,756952,28,0
39067,802321,135727,474812,10,38
203345,808871,259612,489546,8,30
20445,99073,307363,842438,30,3
334098,995814,400637,857946,28,33
717917,916338,22103,901281,40,9
512519,864891,102787,885158,38,17
150918,743785,94157,586316,16,29
54929,998806,385393,697947,16,47
110956,957904,149063,946315,43,42
4169,950597,21184,596263,17,47
198528,932151,384344,702498,17,36
650183,716026,380563,546053,7,3
32296,816699,5778,911885,41,39
84093,898204,435259,752556,18,40
22555,928151,534449,947594,30,45
43262,173044,14085,988894,48,6
243406,327700,436373,801951,22,4
37920,343922,440891,829089,24,15
159138,913842,1814,964039,46,37
103997,923122,421514,946494,35,40
169104,594438,49716,411532,8,21
675962,814927,315950,736056,22,6
834803,926318,316233,416209,3,4
493792,497977,117544,263333,2,0
60756,314253,84744,829723,34,12
301891,714430,66004,922875,42,20
150287,998077,379962,734038,19,42
88637,961453,102395,868182,37,43
536899,860242,388656,800171,24,16
139817,981226,62233,469856,10,42
18021,909091,5626,928423,43,44
491098,837466,92292,726453,25,17
464702,484105,148511,397515,6,0
394950,809730,530069,889397,25,20
113683,633430,74583,214692,2,25
415102,843996,159873,927852,41,21
98023,566050,58526,492650,11,23
327454,999922,761879,846108,6,33
48147,550845,16635,913104,41,25
268300,928859,14010,934254,43,33
202736,828286,166867,982912,46,31
608025,788670,15806,790413,31,9
123655,352318,551865,958283,30,11
464459,704743,23243,290312,4,12
8495,437609,53174,589607,17,21
143553,591781,683863,955322,22,22
245336,979435,67356,692504,23,36
71091,383679,105025,914249,41,15
202683,928471,151309,902177,39,36
257046,898379,190061,964976,44,32
66772,848107,418221,506078,4,39
244367,750332,66622,384320,7,25
868762,901939,3010,999456,49,1
187140,629100,207357,883758,36,22
106042,744879,194735,964421,44,31
123793,348534,119618,318787,4,11
4986,880657,19135,958310,45,43
161992,674609,1348,995174,49,25
77087,941770,41118,892866,39,43
165890,774671,31868,766777,29,30
306701,826492,63986,713919,25,25
64212,723556,507707,844857,22,32
140714,920776,236972,838230,32,39
218618,696838,297699,712087,20,23
576043,974189,527416,865113,23,19
109149,739503,390288,841547,27,31
15058,154695,751539,801701,3,6
388174,950561,674941,949265,22,28
683301,908557,444165,884995,29,11
442236,644941,176096,412946,6,10
366802,671533,281914,733838,22,15
171446,980568,536313,903508,26,40
189243,279907,416492,710660,16,4
124543,894949,166573,906695,39,38
428426,484370,231839,444601,7,2
326839,855096,161769,865355,36,26
60543,137545,64398,973672,47,3
616665,979687,157503,723766,24,18
764126,850949,336338,759345,23,4
373585,965729,432958,897697,30,29
8165,479373,158599,625726,18,23
764761,943772,681895,742531,4,8
632021,650506,100727,705505,24,0
43957,946858,609244,924506,24,45
200797,960196,6154,981330,48,37
123162,931603,421694,919008,33,40
81062,541907,79498,969900,46,23
284669,679391,364076,710943,18,19
382314,739860,9655,770514,29,17
371743,842891,669533,969192,24,23
79671,892470,334276,942694,38,40
250801,955019,143275,377718,6,35
298328,876801,118212,613242,18,28
375937,877832,582329,646164,3,25
760154,808693,156951,988489,47,2
153241,637645,146313,932244,42,24
40899,778142,493061,892733,27,36
485312,967849,264523,886634,35,24
471481,816095,690369,930149,19,17
286060,731810,108849,511792,12,22
14584,591135,220431,922690,40,28
31766,970623,555376,993979,34,46
53381,932307,365413,818667,26,43
31223,497586,199750,952691,43,23
269709,765661,34416,907481,41,24
136083,612398,87267,756667,28,23
19565,846885,749261,776900,2,41
674492,980768,4872,990292,49,15
80885,676948,302798,888428,34,29
560015,871352,78321,853498,36,15
33102,623100,8398,872486,38,29
329194,700984,532402,993670,35,18
356766,413821,76037,818176,33,2
165926,817799,129846,868281,36,32
714058,913326,20016,722040,25,9
66073,368238,136862,956956,44,15
48071,344753,34126,942389,44,14
443945,875609,57101,956317,45,21
16990,965889,138815,841774,34,47
601485,905769,194550,982608,46,15
93261,233478,513920,948307,31,7
456578,993663,453258,888085,29,26
175980,847618,374326,447190,2,33
718504,948699,567203,695401,8,11
168888,810070,493659,738122,15,32
164567,742993,418622,666894,13,28
124152,213060,112957,641827,19,4
524356,779078,53495,896962,40,12
11680,358946,13781,888934,39,17
344846,598377,284972,675699,18,12
733722,979628,100389,251925,2,12
131141,929470,139960,755799,27,39
267002,972821,518665,971567,33,35
535151,770144,94281,534340,13,11
6489,992358,242472,837628,32,49
245829,965118,275755,745234,23,35
245432,436352,77732,920786,42,9
75791,987469,176829,947476,43,45
82611,170471,89824,774577,29,4
748051,983838,140956,853769,35,11
746199,871861,765253,995347,20,6
288605,715943,11221,355242,6,21
666118,846443,364234,950944,38,9
172438,359948,153028,996762,48,9
653536,969307,69075,666175,21,15
23963,964274,168333,919902,40,47
31092,965879,232006,873693,35,46
28082,996270,323649,684112,18,48
16685,603196,190602,984709,46,29
10010,985438,332834,508906,7,48
122196,990615,33907,945451,44,43
238424,501198,366373,897832,33,13
175572,225833,527104,861193,23,2
296253,903936,196077,638673,18,30
7442,950815,87354,945718,44,47
717380,797710,104526,312797,4,4
6093,956040,143604,973251,46,47
10494,998995,123707,527969,13,49
182118,995617,337045,855811,30,40
50895,942040,77144,966343,46,44
348560,988780,39876,993804,49,32
114966,983200,293196,505868,8,43
29973,922417,101378,621980,18,44
87066,823133,771716,855686,6,36
50298,998343,7479,970715,47,47
530490,703382,46525,943916,44,8
366183,869813,106381,971258,46,25
656331,668727,39697,849805,35,0
166031,998414,20457,984127,48,41
433340,691923,287045,900270,36,12
21365,984003,234461,897214,37,48
407123,790457,576135,611172,2,19
548398,671625,236049,725182,23,6
97692,291164,441042,688594,13,9
22527,802520,678642,795558,8,38
814849,920199,6575,823124,33,5
203729,988187,187355,739235,25,39
74968,988282,55145,997707,49,45
182592,939575,265322,658191,18,37
139257,189462,168075,997465,48,2
416311,713760,640637,993642,28,14
690264,882149,397473,725044,18,9
120002,908504,211735,522194,11,39
45597,779742,740016,835989,7,36
511394,928884,288836,412337,4,20
175572,903133,405356,642188,12,36
33855,760735,534347,697118,10,36
26356,415663,180042,876777,36,19
98732,945934,478890,646196,9,42
249235,910744,804797,911743,9,33
86959,230745,91583,873073,37,7
171953,918858,25299,904625,40,37
2924,971450,170733,406201,6,48
108621,849295,354360,899600,34,37
305729,607487,44854,892218,39,15
220452,366761,118815,960135,45,7
634634,977494,457480,929337,32,17
27298,940647,168064,780421,29,45
730957,836378,71595,620767,18,5
65034,960477,479712,550788,3,44
539864,731032,394345,839682,27,9
136098,884996,91392,719295,25,37
114381,975632,215765,934764,41,43
231632,396941,99904,553739,14,8
423124,518748,198416,736686,25,4
15100,33022,66594,287611,3,0
253407,299710,56256,863814,37,2
389401,515083,153169,765135,28,6
1814,998238,215660,456473,8,49
37283,600083,633540,838246,15,28
65625,971767,225763,674706,20,45
83171,677952,149841,882448,37,29
375595,982453,78385,594589,17,30
54390,734837,116877,776081,29,34
23625,705114,171551,871957,36,34
284604,830324,3336,565217,15,27
561252,904938,721479,860250,10,17
79164,861284,9112,700807,24,39
2143,926526,61069,952289,45,46
500586,637289,206344,462908,8,6
126103,833915,138687,792383,30,35
3107,75094,66618,847766,35,3
95445,801944,388951,970448,39,35
293824,943382,104119,698025,23,32
130574,972931,97491,569066,15,42
40204,889436,390378,894744,32,42
298071,562806,312204,407997,3,13
106147,317202,556966,631180,4,10
39477,924683,140100,965467,45,44
390225,949084,27663,636223,20,27
54643,271351,342618,531856,8,10
57738,952985,106071,736991,26,44
78868,794632,332134,787382,25,35
213335,706695,339389,741905,21,24
181085,870881,205169,892960,37,34
511651,724737,17446,955129,45,10
135450,989041,64588,914326,41,42
300592,955198,131825,922541,41,32
113020,834930,161188,948053,43,36
171003,988357,47269,889808,39,40
23321,548744,257160,734774,23,26
506590,799142,511363,881248,25,14
24029,957014,383355,440181,2,46
367328,590382,456081,802320,21,11
385576,430298,454986,903500,30,2
145807,159504,559063,815999,17,0
114846,471655,53104,264589,3,17
105644,949024,185862,841616,33,42
565352,948006,367860,796657,24,19
299567,915017,186796,973307,45,30
451727,943651,118614,680519,22,24
88729,684806,488890,986519,36,29
668229,939391,280194,885048,35,13
11916,214128,74548,443498,9,10
198660,903005,518685,773572,16,35
8875,931117,26238,731150,26,46
166743,945446,115057,779861,29,38
448073,952990,55856,976211,47,25
128725,907576,799110,964670,14,38
300030,951330,371963,574504,9,32
6026,882613,272258,875484,34,43
54557,806193,119099,631470,19,37
155536,717019,356527,990949,42,28
370503,540469,414915,579822,8,8
369084,973665,401506,902003,32,30
83332,571810,67318,306469,4,24
221406,574227,531466,778279,16,17
328304,576800,359263,729124,20,12
23748,959623,65949,864180,37,46
345145,706527,115174,842528,34,18
342656,630270,815685,904481,7,14
228913,856020,210548,604021,15,31
260079,989132,126555,625001,18,36
127559,314214,493785,795363,19,9
140483,506121,305547,991408,44,18
287420,844447,137670,528133,12,27
133429,184465,238819,640180,17,2
140063,562306,131269,722122,25,21
30877,571309,118583,867637,36,27
171834,967004,422640,993516,40,39
279625,402623,676508,991026,26,6
308782,866950,130913,871557,37,27
12416,383094,320375,755429,23,18
214492,765566,135949,768731,28,27
229846,798002,401117,878719,30,28
98909,131354,385253,783042,23,1
252318,402176,490607,692789,11,7
5562,996320,685698,986018,25,49
142472,522854,691941,964185,22,19
556775,557728,222447,807269,30,0
822060,877052,528205,818091,19,2
186285,890982,143087,417261,7,35
152363,524494,179871,905461,39,18
1028,975104,311586,741236,22,48
77212,952589,52348,356078,6,43
42713,882075,147959,397799,6,41
327726,918717,68717,948202,44,29
27175,180212,500644,611119,6,7
93187,988984,112495,694308,23,44
201424,532621,290910,692199,19,16
129207,990368,117436,767320,28,43
32716,438975,163529,868808,36,20
125790,888245,600772,878319,20,38
10508,992522,144819,944333,43,49
146222,550800,132361,749695,27,20
77260,672320,309939,486424,7,29
712745,901212,433248,928090,33,9
170743,175538,106103,931292,42,0
198280,883666,512168,746440,14,34
380642,767776,349384,745669,21,19
140870,843237,267979,891325,36,35
30673,648537,84116,979793,47,30
25209,853227,324654,763277,23,41
417426,809523,560821,851322,20,19
69675,967901,560224,966944,31,44
53695,999642,419135,770730,20,47
8132,938527,48406,674215,22,46
328917,854757,228420,938351,41,26
164672,942315,174265,744237,26,38
137048,972197,607320,962149,27,41
6133,241813,32129,788929,31,11
299229,311198,47806,603523,18,0
290333,353704,133904,625782,18,3
252616,748052,89716,950949,44,24
4478,61667,327034,534014,8,2
402397,691038,379090,895803,32,14
4360,847558,762482,958454,16,42
163076,592727,275957,469982,7,21
71948,981573,212555,920367,40,45
198350,708589,335004,954697,39,25
330289,763796,49568,507608,12,21
241705,922394,324651,885521,33,34
177058,750731,136945,815224,32,28
150578,998406,431184,963585,37,42
159734,691504,103047,477189,10,26
239963,472488,752917,978026,19,11
11564,947959,242604,435567,6,46
500380,887955,42657,757620,28,19
485372,708620,397686,857975,28,11
258890,840831,128859,849221,35,29
64093,757238,133936,928377,42,34
272404,649480,383618,973206,40,18
138301,948694,47791,671423,22,40
418591,626469,279086,672348,18,10
303180,542728,71022,974970,47,11
93198,933509,140462,527886,12,42
26709,960617,509851,829911,21,46
318175,736278,84299,825422,33,20
205708,690143,537624,775191,15,24
258158,282936,465186,885615,28,1
590924,801508,182741,681844,21,10
239670,788323,157549,673550,21,27
380031,797503,648984,867409,16,20
61938,210259,119915,739194,26,7
284009,721691,191788,612744,16,21
441430,762330,24850,970100,47,16
192979,372708,125887,722479,25,8
116380,759619,551484,945319,29,32
640907,709371,58971,639090,20,3
485513,864305,320093,702335,19,18
15352,97402,15984,754023,28,4
475327,950410,5074,942680,44,23
114468,872816,426063,962761,37,37
38537,793882,400100,976015,39,37
193073,822353,145035,945604,43,31
39992,900226,875388,975061,9,43
487511,602768,180062,587209,15,5
33737,596341,653744,964543,25,28
239057,254788,726543,952804,19,0
230216,817719,108441,828611,33,29
433709,436221,37587,852449,36,0
11445,514962,208398,713192,23,25
308629,485303,59241,924114,42,8
638568,917459,254133,790249,27,13
435061,468356,157573,717792,24,1
316481,709033,122414,274853,3,19
384,999820,71115,837158,34,49
218894,926030,368415,873997,31,35
461131,826672,139466,625212,18,18
256385,298700,244827,979462,44,2
169825,277222,140640,615320,17,5
74210,556262,487194,921791,30,24
433697,882174,53378,818803,33,22
84087,935980,159823,990046,47,42
545524,744176,703214,959075,21,9
807998,986196,280834,913083,37,8
459250,776003,521614,795462,18,15
296904,894450,94381,980984,47,29
279108,427152,558669,720013,10,7
564505,808237,280733,764913,25,12
486388,917218,275313,521364,9,21
174283,594873,4607,845181,35,21
105259,925984,5324,974940,47,41
178597,743763,403344,759361,20,28
20673,974216,237211,550327,12,47
206730,710027,886375,991200,9,25
150371,356264,542498,673996,7,10
223201,953507,231643,902110,37,36
234154,835477,473415,780900,19,30
196869,994378,51958,842320,35,39
75605,817385,524817,992937,35,37
3931,987734,607262,666460,3,49
169061,266451,237644,431728,6,4
11518,998874,488428,904026,28,49
391978,908937,151279,505703,11,25
792025,815528,158726,802217,30,1
563017,814204,30396,563231,15,12
27703,935046,94204,808256,32,45
28639,416335,219297,958463,43,19
54993,644318,24770,928874,43,29
63370,626551,447103,738847,17,28
65953,882475,108481,983167,47,40
366344,926617,671080,996223,27,28
389501,390971,65071,865216,37,0
642,999753,21474,383827,7,49
184770,256668,206830,572429,14,3
136307,661212,154713,840634,34,26
371733,635282,228242,669574,19,13
546241,826057,410624,562868,7,13
16421,59696,349864,907104,35,2
240372,814257,223746,892272,37,28
180276,645103,419892,486870,3,23
646996,906530,77893,820888,33,12
421047,490138,170526,825879,32,3
107151,948759,329103,693331,18,42
11464,829457,360697,771967,23,40
42875,987428,409371,950870,36,47
466739,919651,884941,920322,3,22
97247,828317,17323,826348,34,36
429820,658770,299913,913495,37,11
138902,984612,657218,767802,7,42
230583,646942,637416,818794,13,20
334015,816445,585455,864527,20,24
227716,425900,112416,781148,29,9
133850,911189,133186,617158,18,38
104021,687138,281642,816398,29,29
177459,642065,98600,519510,12,23
424594,840328,39701,359320,6,20
107443,987504,555338,727753,11,44
53217,245060,725609,871021,11,9
341710,925766,249849,844653,32,29
184420,945665,172910,847987,34,38
28162,977944,560464,774286,14,47
565640,584701,86522,523510,13,0
452328,456961,114256,667866,21,0
759617,995266,662679,858926,14,11
163671,457533,33037,598719,17,14
359529,751454,215264,824743,31,19
65190,832488,370121,674369,15,38
95648,901448,342792,724205,20,40
49636,976164,202908,723808,24,46
400147,913888,57282,738784,27,25
29284,972055,133977,873348,37,47
304089,818822,78395,666992,21,25
132354,965713,233576,845412,32,41
4439,990554,191059,909298,39,49
290908,813682,82530,929391,42,26
38062,665896,495949,941904,32,31
517449,992606,213086,794644,29,23
151849,977756,27629,822611,33,41
42370,421697,110969,753773,27,18
640152,929540,503761,613683,6,14
310990,647920,80589,925718,42,16
127379,876549,111454,377596,6,37
316708,798852,213588,651082,18,24
223586,966121,10066,759723,28,37
15852,944268,309314,985581,43,46
40238,999591,287124,666314,18,47
98447,645434,14540,920539,42,27
102077,997203,242130,924609,39,44
175825,889690,631889,998891,29,35
251326,759192,111790,764880,28,25
99231,336738,124343,398551,7,11
330801,351903,36959,637318,20,1
114289,870796,119407,477737,10,37
362216,538395,77625,495258,11,8
65465,826938,109677,639369,19,38
39412,975550,192489,670075,20,46
86046,868934,448432,790262,21,39
408182,761956,71134,604275,17,17
119641,983431,288208,852306,32,43
347456,741975,9325,395668,7,19
6546,997059,718165,952501,19,49
326810,593848,156855,868134,36,13
7891,945722,346561,799825,25,46
502376,998619,431575,989999,39,24
605417,626232,57143,890002,39,1
253722,567216,760012,955900,16,15
434637,819539,795049,976496,16,19
105231,634014,95844,270178,3,26
199122,214201,648804,870285,16,0
264132,452862,288117,701499,20,9
276429,956754,472825,849365,24,34
710687,882899,158013,821039,32,8
21856,986988,78497,795335,31,48
60146,878298,535478,910652,27,40
14317,975773,23203,860463,36,48
165589,680744,67539,921196,42,25
464,888251,517946,985134,35,44
566284,609035,154517,532480,12,2
36737,657269,192742,728292,24,31
97966,926290,54404,486992,11,41
477372,851690,197546,317261,3,18
176047,798594,207368,549657,12,31
18024,929620,285888,930442,39,45
178866,227365,126727,468561,10,2
52911,664005,197534,671044,20,30
597597,671045,121567,570621,15,3
138032,188497,348996,804910,26,2
131711,798703,169591,937252,42,33
608827,719742,51404,741164,27,5
133857,734048,147281,808243,31,30
360370,482233,184924,936739,42,6
124601,843879,315256,975710,42,35
17824,750092,20228,551013,15,36
544950,960040,247877,832827,31,20
616181,941861,153404,580820,15,16
602780,868445,130185,529106,13,13
418364,435136,533397,714949,11,0
166176,915405,222174,615075,16,37
51393,732122,522568,934477,30,34
506189,718033,111213,602109,17,10
443889,922509,775367,979288,17,23
41511,998058,486065,901207,28,47
727257,801401,318772,810874,27,3
18144,536917,85873,821996,33,25
603843,773189,63818,802473,31,8
19869,802489,19941,924599,42,39
844914,915296,219022,520230,11,3
20462,285398,145572,600009,16,13
571265,973028,302857,593097,12,20
161059,913139,259563,856522,33,37
9054,662085,435759,639573,10,32
425904,544227,81415,730289,26,5
34781,835636,32051,829990,34,40
496434,800291,216065,887353,37,15
673899,704081,169789,611450,17,1
159140,897240,56698,705903,24,36
488044,971045,310786,891400,34,24
916672,983833,280754,587867,13,3
331620,795266,708904,884403,14,23
500008,600194,251197,734066,23,5
214590,539127,69926,530279,13,16
87733,600603,102739,840664,34,25
151252,848028,298264,899067,35,34
172798,394551,102333,733921,26,11
578698,940267,476265,894703,28,18
111747,937257,434474,663576,12,41
34472,907729,451561,824308,23,43
216045,936187,793576,982053,16,36
2744,543946,101231,691744,23,27
367780,475712,91527,587687,16,5
252624,778214,75156,577715,16,26
77184,869368,516983,898284,26,39
242801,303458,182160,490634,10,3
324035,357604,691849,891652,15,1
883697,960267,237475,850914,33,3
373456,807043,176363,832617,33,21
222417,600329,221511,838010,32,18
77706,699437,585105,700478,7,31
416060,511399,282410,876066,34,4
12923,997713,19084,799007,31,49
564940,866282,79084,791778,30,15
127388,962919,460486,969778,36,41
321022,788618,106982,579294,16,23
483714,956859,277807,824581,30,23
156992,604571,86606,803806,31,22
33722,366922,622888,794517,12,16
94292,895766,54852,870398,37,40
259193,807672,82354,710440,24,27
72409,945143,193874,490370,10,43
183668,492569,211767,556662,13,15
16718,896341,297033,626374,15,43
584390,813030,290665,967295,42,11
109565,370365,274371,877583,34,13
615248,664209,58223,636448,20,2
35745,999839,199260,485482,9,48
676612,803610,97603,874030,37,6
78356,948865,23819,781340,30,43
837497,902940,353355,769497,23,3
469489,639830,239115,519321,10,8
353801,404480,687242,891824,16,2
560443,909758,704617,994430,24,17
185314,557542,202418,521902,11,18
146940,967098,254990,579646,13,41
759389,860858,62149,538483,14,5
549757,993641,659933,882752,17,22
191173,610631,542009,879511,23,20
451034,777965,762157,855508,7,16
266247,691435,54205,894769,39,21
79214,171242,599895,982089,30,4
89605,569402,26149,860276,36,23
61247,884650,3154,642449,20,41
448079,671376,510871,752267,15,11
82864,487852,494541,622335,7,20
250716,791649,538144,990577,34,27
114540,366926,231892,447375,7,12
9448,973511,57497,808425,32,48
374791,425769,368052,576631,9,2
116276,461106,54088,732180,26,17
367681,943692,544859,995778,34,28
30770,628260,462072,639629,9,29
684731,931597,129285,715825,24,12
46743,546162,185731,434716,7,24
3941,963395,206387,593497,15,47
493383,985881,115693,818607,32,24
447904,787561,13675,861873,37,16
472032,510436,187554,883916,37,1
176366,947804,365280,800533,25,38
112339,871439,194021,759172,26,37
153780,953065,441435,692350,14,39
220020,225206,43070,506443,12,0
29133,914062,371812,684415,16,44
818891,901510,222727,734709,24,4
543,999773,90792,493245,11,49
474178,806755,654906,792885,10,16
12268,653600,725611,939279,17,32
753,895852,125993,955576,44,44
87917,182740,145270,493692,11,4
285933,767248,46332,448725,9,24
4733,760472,699801,893966,15,37
272450,848145,5214,446713,9,28
174052,562225,306745,995153,44,19
721078,894889,187957,758402,26,8
633509,637785,105329,953344,44,0
4044,879182,196539,630042,17,43
142211,148775,620563,757827,9,0
56073,774195,442497,777844,20,35
4843,422138,263111,600678,14,20
127122,564112,112884,462305,10,21
215741,498227,302316,570013,11,14
263237,587156,157533,794109,30,16
21252,925725,92142,720439,25,45
601530,906263,51337,590419,17,15
291308,917329,335007,857860,31,31
69466,278112,673394,916834,19,10
643347,967606,717221,900727,14,16
99554,868585,500566,703967,12,38
313701,893650,453793,655382,11,28
197921,798221,211279,520523,11,30
362185,891999,347932,959146,39,26
189632,320858,4496,844872,35,6
373153,690021,279353,887570,35,15
183311,721251,256450,743536,24,26
635133,762707,12693,827987,34,6
246545,454616,409665,924339,34,10
597440,778687,298658,942270,39,9
576468,829067,265499,567828,12,12
368198,864789,434137,844940,26,24
225341,594076,338411,643319,14,18
109609,974769,423835,951119,36,43
495606,842048,139584,561374,14,17
725721,980278,552843,918005,26,12
231752,975212,633652,827897,14,37
189520,631358,636581,845144,15,22
16705,860523,211980,871258,35,42
363289,820728,143924,718360,24,22
419498,504870,80582,454406,9,4
123166,749716,99368,499694,11,31
883820,971526,364493,878407,31,4
437350,612461,59585,630087,19,8
144012,448397,399144,680701,15,15
34563,535457,200556,821550,31,25
517605,959861,271528,610674,14,22
314225,729632,166254,653514,19,20
247669,344914,522276,700140,10,4
356362,774609,635264,771770,9,20
131570,749754,219994,574325,14,30
415086,543357,438961,764793,19,6
165642,862395,452895,841850,25,34
291546,935835,203275,864478,35,32
304555,934205,480653,766462,17,31
14152,949125,497229,728825,14,46
121129,391388,537952,901972,26,13
23864,924811,171086,574996,15,45
218757,955817,180821,644946,19,36
259679,642335,623639,797584,12,19
60040,984745,567678,723101,10,46
6825,87423,687802,847752,12,4
140251,524759,59185,459229,10,19
642884,913222,551687,770509,14,13
485425,673794,596153,742239,9,9
192351,540358,17358,843446,35,17
98032,837125,83611,728629,26,36
160144,751032,506299,693910,11,29
282654,731879,746368,873396,10,22
178979,459619,197068,865117,35,14
302640,340272,369659,568891,9,1
132113,871848,15857,517961,13,36
137933,322416,34839,539526,14,9
342774,365277,535288,739625,13,1
97465,728868,113695,443685,9,31
243069,788578,405798,661287,13,27
116901,844144,551096,957966,30,36
274733,634471,382746,867183,30,17
178908,997862,285953,526382,9,40
768783,794206,127429,856836,35,1
70785,508848,223814,827478,31,21
347893,521674,778399,978112,17,8
500410,874219,42261,592263,17,18
391958,981540,32864,534182,14,29
390256,919998,386748,585050,9,26
156781,783259,303319,920351,37,31
266390,389036,417886,604772,9,6
94972,991136,112754,706646,24,44
656859,965218,22283,431898,9,15
759081,780310,18614,480390,11,1
346436,574321,348060,787606,24,11
135331,649076,262083,882778,35,25
75106,686126,29583,715904,25,30
275977,538162,26990,712628,25,13
255852,360661,27480,862343,37,5
338298,393358,370308,793932,24,2
146661,654742,33050,868871,37,25
109264,121050,416654,897948,31,0
97055,520693,70234,872342,37,21
10173,719860,164686,714545,24,35
185717,915443,200828,821087,31,36
14778,466424,823956,970123,13,22
490109,916301,403021,660268,13,21
11285,180332,17836,514393,13,8
561174,639738,648366,777428,9,3
10132,999993,215868,495948,9,49
122759,923944,336240,622479,13,40
192618,269141,810518,947141,12,3
159933,636206,8047,516333,13,23
133374,567471,182171,723730,24,21
204544,867048,24924,529955,13,33
254242,429983,785430,934241,12,8
76248,963536,390680,638387,12,44
199036,986356,661882,828414,12,39
178238,856077,466938,687464,12,33
22933,668015,440650,659836,12,32
188320,938790,183623,533287,12,37
275945,641737,587138,775393,12,18
322609,844545,113164,515001,12,26
263417,399336,644932,816789,12,6
