107949,918335,222229,372187,2,16
615391,642464,198765,718807,10,0
168919,752274,66578,266815,4,11
179356,546303,281489,808993,10,7
669021,833855,152245,687633,10,3
47741,696345,231559,831265,11,12
634318,928050,13090,904595,17,5
736375,784720,252943,474121,4,0
186916,957371,48839,943592,17,15
473356,881678,456152,971628,10,8
181539,946444,103439,729405,12,15
601179,860417,355973,942340,11,5
569204,911087,524675,972343,8,6
154336,505186,353648,988141,12,7
128051,995176,96452,885203,15,17
301816,605592,327859,879069,11,6
183382,871213,37659,932750,17,13
122244,355361,23614,864721,16,4
2723,79628,174109,810124,12,1
93108,928667,489270,553827,1,16
672070,811870,117096,261983,2,2
292074,608216,140723,520725,7,6
438903,721839,418219,787401,7,5
451725,777642,249269,765058,10,6
213415,618551,216415,827487,12,8
399347,804584,115245,317935,4,8
239468,372921,206407,669516,9,2
391076,637170,22464,742302,14,4
53144,724875,57507,726318,13,13
38123,892688,267607,660302,7,17
123212,834865,87651,201469,2,14
856225,896800,4475,998683,19,0
387046,920102,107763,688912,11,10
92688,165231,761289,793859,0,1
286358,720761,767367,906920,2,8
31874,989630,260430,993023,14,19
67946,636881,173345,612329,8,11
521837,765621,600272,991652,7,4
201165,652030,311698,972883,13,9
37145,496022,488112,934751,8,9
5054,987420,173823,541191,7,19
323577,817274,7450,981804,19,9
307216,761321,189172,310289,2,9
84953,990298,38,958758,19,18
493392,788436,254205,944341,13,5
35008,885311,73233,785585,14,17
713,893334,108438,631839,10,17
174851,525941,331392,748569,8,7
83078,855619,381390,612765,4,15
38787,866398,248791,601912,7,16
623521,654800,163079,268834,2,0
33668,984266,37981,858249,16,19
104597,935974,337539,889044,11,16
97129,799315,363524,983652,12,14
117543,979170,616719,729811,2,17
207438,723124,14437,984179,19,10
34661,966205,5474,950684,18,18
118409,611285,184997,742119,11,9
655821,775668,36650,652865,12,2
35617,960320,302234,890692,11,18
48966,895836,11948,979887,19,16
489204,635918,160760,558227,7,2
104774,305663,816274,818422,0,4
356807,777860,3147,878343,17,8
293496,453810,87073,735032,12,3
142558,592217,64989,562509,9,8
69783,961688,114513,598127,9,17
885411,999091,637206,705674,1,2
599363,879891,459829,997819,10,5
33488,962288,91031,888032,15,18
116244,201109,210516,959642,14,1
523314,593391,13235,998905,19,1
62775,981146,679282,714112,0,18
63248,609955,216589,838856,12,10
190614,822477,380620,749621,7,12
51086,188390,789435,951708,3,2
75526,877684,55413,919025,17,16
154808,880376,189906,933709,14,14
102857,966768,122242,975869,17,17
80850,446227,133107,857019,14,7
7719,877586,70709,975705,18,17
82574,677173,494583,760329,5,11
95579,778284,46731,957705,18,13
16918,989375,433881,527506,1,19
917115,946391,364138,737936,7,0
82437,622667,264650,974140,14,10
362380,998099,105826,941629,16,12
8396,994706,293020,709932,8,19
633606,834313,79480,996579,18,4
5511,412942,168444,587470,8,8
81744,996749,11426,192603,3,18
334345,500384,315811,967307,13,3
77721,564028,39677,931641,17,9
76508,989714,179039,984208,16,18
18913,800186,171079,243897,1,15
277037,434024,122595,988029,17,3
14907,783048,1920,114450,2,15
900324,972168,345963,855323,10,1
187415,952644,61208,439782,7,15
402534,910241,608430,920356,6,10
20798,907517,48124,677254,12,17
90562,877569,71729,903549,16,15
32129,841542,46535,854505,16,16
94379,793764,21038,374475,7,13
518813,855791,21786,955369,18,6
33203,922937,361672,683336,6,17
106644,902397,478759,885973,8,15
275134,497780,279448,705740,8,4
647886,757075,23376,864173,16,2
152988,771252,23668,70094,0,12
773718,981790,90009,628733,10,4
667,968774,26442,905410,17,19
10607,621332,144901,336606,3,12
184114,963307,302765,962292,13,15
55839,888495,722207,943736,4,16
662085,679189,210556,806900,11,0
159664,709142,289690,814080,10,10
469791,856538,38103,633600,11,7
71598,751456,610893,785303,3,13
465846,595197,959494,979676,0,2
59970,565844,259447,710320,9,10
95481,618023,715606,751350,0,10
121097,834245,718589,983541,5,14
145673,954985,201965,843349,12,16
5380,994378,61718,617563,11,19
87107,907828,59629,832201,15,16
357137,964577,125812,383094,5,12
144562,959934,561504,817591,5,16
324692,335100,742089,994245,5,0
77044,594968,632533,902448,5,10
294169,449187,225335,960209,14,3
242789,397098,6317,997658,19,3
48261,979695,47662,339231,5,18
269735,710907,49193,957706,18,8
101401,335825,105614,749210,12,4
440919,760266,302810,312393,0,6
593043,819435,2074,982700,19,4
93557,102281,255062,586054,6,0
73034,337372,88275,403783,6,5
262332,613219,906003,964720,1,7
263309,470726,276277,546928,5,4
128379,835729,413242,962336,10,14
276991,833182,361092,470107,2,11
185867,833075,95752,199543,2,12
34098,506092,122415,953015,16,9
226394,950935,26351,931224,18,14
94090,800680,122010,507370,7,14
600000,772224,277932,586118,6,3
103035,226528,297252,854259,11,2
655245,943292,14830,975372,19,5
85148,473907,184017,533603,6,7
192937,994620,400872,918363,10,16
170391,717250,776835,890564,2,10
885323,913816,345213,963813,12,0
155003,740868,100113,254067,3,11
579529,969354,236154,929343,13,7
819,741438,18566,856038,16,14
441741,739807,106059,558118,9,5
171087,195834,226068,317733,1,0
639189,793059,102162,928814,16,3
341771,406170,241553,620068,7,1
90572,825090,261395,470908,4,14
267909,560951,624223,744989,2,5
64243,692566,193379,725025,10,12
846225,937720,134780,791161,13,1
371508,978187,92173,740564,12,12
2895,65307,370854,534267,3,1
671104,933319,452608,607982,3,5
95053,912914,38984,973564,18,16
114074,950983,521263,940725,8,16
96273,674008,81866,543079,9,11
208348,685011,116294,610141,9,9
291,994052,113859,768778,13,19
109525,963909,262873,840935,11,17
458715,782834,133943,935582,16,6
289496,895935,505225,851871,6,12
260021,833237,86137,803678,14,11
227129,970826,9453,323632,6,14
16862,915238,416435,705138,5,17
31288,991754,181010,516185,6,19
28075,932229,372089,614965,4,18
115068,951420,216764,258338,0,16
179252,952652,351479,880954,10,15
138746,800354,130,999672,19,13
304820,470184,129459,621490,9,3
496421,753156,193828,968844,15,5
75097,503329,114461,796014,13,8
461283,591756,49205,944898,17,2
266952,767946,21265,940534,18,10
505836,923203,151172,455272,6,8
371764,654428,60680,132526,1,5
1745,950856,254106,705630,9,18
35468,89254,199493,476360,5,1
134726,405890,28997,845228,16,5
94544,140220,228666,939391,14,0
143187,665993,443595,510742,1,10
404655,758053,16538,984341,19,7
4271,895990,531852,532059,0,17
230012,378366,37893,801973,15,2
9090,751031,99046,953311,17,14
416252,807527,84033,881750,15,7
119043,590030,740895,775031,0,9
355527,918426,19106,984346,19,11
116327,625154,216649,990605,15,10
186133,705075,47717,903663,17,10
21390,917325,162162,974458,16,17
16143,912724,110899,797821,13,17
679109,752463,147828,969249,16,1
150979,632703,202408,564762,7,9
80245,839845,91636,793821,14,15
96932,316048,187285,753526,11,4
330927,538200,50505,542546,9,4
68066,938083,18204,984873,19,17
53366,973488,102033,973425,17,18
60774,856282,14748,944487,18,15
665781,863533,496767,524539,0,3
208938,651701,417,724822,14,8
369741,834213,584609,750117,3,9
254505,496053,31609,379220,6,4
348679,608177,152737,881740,14,5
25092,268629,387274,501263,2,4
119904,783590,785969,820757,0,13
122798,349841,40547,271538,4,4
570757,701970,540421,952210,8,2
218754,538105,74192,840938,15,6
810302,961263,213897,806812,11,3
498116,942530,162136,253896,1,8
492461,712727,270790,467789,3,4
219105,878187,598233,867972,5,13
41281,994273,444301,692153,4,19
9163,191437,665874,949487,5,3
40419,889916,137955,860517,14,16
169974,479534,326667,777675,9,6
284929,676941,394729,881776,9,7
37168,989323,96225,577090,9,19
534287,689191,59670,972060,18,3
452414,924861,345881,848852,10,9
7520,998284,654626,781989,2,19
10123,984845,73109,847657,15,19
7515,896254,339723,418061,1,17
185259,965362,858975,867968,0,15
297872,875340,172155,270940,1,11
58425,736202,92515,179772,1,13
31238,603345,481230,491811,0,11
702365,736880,35050,961612,18,0
327481,347802,200120,376842,3,0
540631,994650,332127,557726,4,9
68938,557686,102702,834596,14,9
531462,660405,33570,271946,4,2
723409,875559,802735,929169,2,3
184167,809193,85279,982295,17,12
138836,840504,319935,337680,0,14
68581,840500,515259,996394,9,15
437221,618364,905356,973813,1,3
134777,849315,765407,857673,1,14
511398,581999,235724,376080,2,1
82322,654287,580286,958987,7,11
237453,933334,32806,832532,15,13
494460,841611,168237,909590,14,6
411797,778446,81964,283781,4,7
373889,956783,83981,641357,11,11
69790,418411,34523,732417,13,6
278043,803922,256426,952723,13,10
113974,416603,167805,227258,1,6
248649,909095,730511,958619,4,13
295480,963699,94749,546837,9,13
32979,281460,53064,931750,17,4
506875,661184,551755,955314,8,3
489480,655412,379842,614062,4,3
369885,720929,75210,985938,18,7
397738,411042,217277,642098,8,0
210640,951697,189642,677558,9,14
71184,598611,236233,402996,3,10
268530,734479,137683,203389,1,9
191787,869345,109627,709223,11,13
537621,956576,15819,981647,19,8
157096,161098,90211,891408,16,0
142965,488633,15540,981995,19,6
320,996691,45409,338905,5,19
446479,589536,118082,457952,6,2
158578,847849,419698,844051,8,13
483669,925103,100425,930747,16,8
13309,622472,253196,979862,14,12
360398,567379,14709,684505,13,4
74904,141775,428853,865743,8,1
688182,852655,161262,956290,15,3
580106,693066,5739,714061,14,2
89416,752205,507918,651377,2,13
180145,717806,517453,902840,7,10
239379,544166,140883,743972,12,6
66400,599176,133596,947823,16,10
339619,686122,479573,602813,2,6
35857,866262,32413,231195,3,16
261630,902774,288121,974592,13,12
11782,585547,59963,996065,18,11
603055,883801,209423,815649,12,5
644315,770695,4968,990635,19,2
472421,603384,402982,654791,5,2
189045,492757,83190,388779,6,6
153390,192227,548267,577428,0,0
268887,663482,637682,756791,2,7
155440,187278,280161,964867,13,0
110208,592538,428502,714029,5,9
99051,181598,437506,989700,11,1
3811,938698,564054,880288,6,18
686438,694446,70991,926857,17,0
159593,421516,449637,667479,4,5
292656,723280,24629,806919,15,8
150204,157790,202724,997533,15,0
225562,511969,9953,951374,18,5
134973,852584,86931,642673,11,14
64885,977717,478440,596228,2,18
763,995356,41156,966940,18,19
774362,949456,598238,776391,3,3
142322,930159,41011,829750,15,15
314941,881477,409485,944062,10,11
245038,659315,103461,281476,3,8
31068,758019,143995,814131,13,14
21099,953236,304940,992556,13,18
181545,940355,410943,571588,3,15
170483,933985,413859,730053,6,15
312665,769181,98405,445418,6,9
142158,194408,508229,733291,4,1
195051,680589,69820,822113,15,9
34096,731034,220057,531244,6,13
307485,510151,646350,710236,1,4
347675,928883,25052,890361,17,11
30175,974870,284198,911482,12,18
75200,991183,440820,521007,1,18
456595,978842,132414,379059,4,10
353074,739284,375935,541659,3,7
173430,482753,638982,815580,3,6
273561,982347,724917,884493,3,14
71022,728941,197748,938927,14,13
81120,144219,101419,575555,9,1
350619,969082,469428,949733,9,12
26034,969789,292335,838576,10,18
260132,769684,305624,736779,8,10
202470,768112,359068,699110,6,11
9330,998441,282411,829873,10,19
462154,819143,63376,896813,16,7
493921,758891,225830,230187,0,5
26153,841210,118848,769853,13,16
51073,950370,261662,690528,8,17
29498,993922,312527,499956,3,19
25179,998800,209775,855516,12,19
684095,788758,27645,565960,10,2
237464,939103,453947,883803,8,14
802164,941270,258487,926641,13,2
457928,882532,584368,884182,5,8
426564,512329,50145,959325,18,1
345440,436414,484666,787627,6,1
93447,697788,424567,850808,8,12
136295,578040,188343,749160,11,8
325547,989767,343937,984640,12,13
71873,951350,13587,208451,3,17
151920,399500,110475,861419,15,4
376243,679975,224713,477841,5,6
105108,966720,642512,843833,4,17
306714,610659,39860,905928,17,6
1189,582556,157552,804018,12,11
179615,982364,163636,655530,9,16
143358,725463,120965,952731,16,11
64835,999860,20975,376635,7,18
122753,502448,296541,586593,5,7
119168,672935,125268,886367,15,11
308654,391606,754403,804971,1,1
176388,943410,637363,912864,5,15
170244,591177,116862,515250,7,8
276643,753233,72978,983108,18,9
208679,971993,15203,988841,19,15
279112,725636,567001,598527,0,8
438273,813429,822824,843499,0,7
160990,901532,3228,975805,19,14
62387,971332,147865,881581,14,18
213289,835751,165884,918431,15,12
387927,995175,572179,624372,1,12
46189,991956,100197,517190,8,18
191186,839515,36199,944414,18,12
22421,711092,60889,564377,10,13
399335,457206,179115,974531,15,1
876574,885016,204632,685579,9,0
25818,996258,38303,994226,19,19
587533,976734,189382,584313,7,7
185851,872883,161103,992154,16,13
170586,769228,190325,875637,13,11
8684,379690,88760,942860,17,7
510845,788293,189272,610133,8,5
203322,917745,150206,944881,15,14
605835,859165,652401,944053,5,5
8485,831347,650207,957234,6,16
123,998281,9618,21293,0,19
51009,658941,824,998851,19,12
844091,899235,55815,915214,17,1
526754,657349,6511,929388,18,2
92013,854950,384821,936520,11,15
247177,573689,65984,307895,4,6
498578,949078,93057,703679,12,9
59566,217171,357883,753228,7,3
139638,769772,576794,821453,4,12
